"STATION","DATE","LATITUDE","LONGITUDE","ELEVATION","NAME","PRCP","PRCP_ATTRIBUTES","SNWD","SNWD_ATTRIBUTES","TMAX","TMAX_ATTRIBUTES","TMIN","TMIN_ATTRIBUTES"
"GME00125602","2018-04-02","51.2467","7.6431","387.0","LUDENSCHEID, GM","   24",",,E","    0",",,E","  109",",,E","   18",",,E"
"GME00125602","2018-04-03","51.2467","7.6431","387.0","LUDENSCHEID, GM","    9",",,E","    0",",,E","  159",",,E","   64",",,E"
"GME00125602","2018-04-04","51.2467","7.6431","387.0","LUDENSCHEID, GM","   51",",,E","    0",",,E","  117",",,E","   63",",,E"
"GME00125602","2018-04-05","51.2467","7.6431","387.0","LUDENSCHEID, GM","   19",",,E","    0",",,E","   80",",,E","   -6",",,E"
"GME00125602","2018-04-06","51.2467","7.6431","387.0","LUDENSCHEID, GM","    0",",,E","    0",",,E","  127",",,E","  -41",",,E"
"GME00125602","2018-04-07","51.2467","7.6431","387.0","LUDENSCHEID, GM","    0",",,E","    0",",,E","  212",",,E","   64",",,E"
"GME00125602","2018-04-08","51.2467","7.6431","387.0","LUDENSCHEID, GM","    0",",,E","    0",",,E","  240",",,E","   97",",,E"
"GME00125602","2018-04-09","51.2467","7.6431","387.0","LUDENSCHEID, GM","    0",",,E","    0",",,E","  195",",,E","   87",",,E"
"GME00125602","2018-04-10","51.2467","7.6431","387.0","LUDENSCHEID, GM","   57",",,E","    0",",,E","  199",",,E","   95",",,E"
"GME00125602","2018-04-11","51.2467","7.6431","387.0","LUDENSCHEID, GM","    0",",,E","    0",",,E","  134",",,E","   65",",,E"
"GME00125602","2018-04-12","51.2467","7.6431","387.0","LUDENSCHEID, GM","    0",",,E","    0",",,E","  195",",,E","   56",",,E"
"GME00125602","2018-04-13","51.2467","7.6431","387.0","LUDENSCHEID, GM","    0",",,E","    0",",,E","  130",",,E","   69",",,E"
"GME00125602","2018-04-14","51.2467","7.6431","387.0","LUDENSCHEID, GM","   52",",,E","    0",",,E","  175",",,E","   74",",,E"
"GME00125602","2018-04-15","51.2467","7.6431","387.0","LUDENSCHEID, GM","   13",",,E","    0",",,E","  175",",,E","   91",",,E"
"GME00125602","2018-04-16","51.2467","7.6431","387.0","LUDENSCHEID, GM","    0",",,E","    0",",,E","  173",",,E","   66",",,E"
"GME00125602","2018-04-17","51.2467","7.6431","387.0","LUDENSCHEID, GM","    0",",,E","    0",",,E","  201",",,E","   43",",,E"
"GME00125602","2018-04-18","51.2467","7.6431","387.0","LUDENSCHEID, GM","    0",",,E","    0",",,E","  249",",,E","   77",",,E"
"GME00125602","2018-04-19","51.2467","7.6431","387.0","LUDENSCHEID, GM","    0",",,E","    0",",,E","  262",",,E","  110",",,E"
"GME00125602","2018-04-20","51.2467","7.6431","387.0","LUDENSCHEID, GM","    0",",,E","    0",",,E","  259",",,E","  114",",,E"
"GME00125602","2018-04-21","51.2467","7.6431","387.0","LUDENSCHEID, GM","    0",",,E","    0",",,E","  224",",,E","  110",",,E"
"GME00125602","2018-04-22","51.2467","7.6431","387.0","LUDENSCHEID, GM","   58",",,E","    0",",,E","  258",",,E","  107",",,E"
"GME00125602","2018-04-23","51.2467","7.6431","387.0","LUDENSCHEID, GM","    0",",,E","    0",",,E","  172",",,E","   71",",,E"
"GME00125602","2018-04-24","51.2467","7.6431","387.0","LUDENSCHEID, GM","    3",",,E","    0",",,E","  148",",,E","   63",",,E"
"GME00125602","2018-04-25","51.2467","7.6431","387.0","LUDENSCHEID, GM","   46",",,E","    0",",,E","  142",",,E","   62",",,E"
"GME00125602","2018-04-26","51.2467","7.6431","387.0","LUDENSCHEID, GM","   58",",,E","    0",",,E","  124",",,E","   32",",,E"
"GME00125602","2018-04-27","51.2467","7.6431","387.0","LUDENSCHEID, GM","    0",",,E","    0",",,E","  158",",,E","   23",",,E"
"GME00125602","2018-04-28","51.2467","7.6431","387.0","LUDENSCHEID, GM","    0",",,E","    0",",,E","  160",",,E","   86",",,E"
"GME00125602","2018-04-29","51.2467","7.6431","387.0","LUDENSCHEID, GM","   15",",,E","    0",",,E","  196",",,E","   54",",,E"
"GME00125602","2018-04-30","51.2467","7.6431","387.0","LUDENSCHEID, GM","   86",",,E","    0",",,E","  155",",,E","   38",",,E"
"GME00125602","2018-05-01","51.2467","7.6431","387.0","LUDENSCHEID, GM","    1",",,E",,,"  113",",,E","   29",",,E"
"GME00125602","2018-05-02","51.2467","7.6431","387.0","LUDENSCHEID, GM","    0",",,E",,,"  142",",,E","    5",",,E"
"GME00125602","2018-05-03","51.2467","7.6431","387.0","LUDENSCHEID, GM","    0",",,E",,,"  138",",,E","   43",",,E"
"GME00125602","2018-05-04","51.2467","7.6431","387.0","LUDENSCHEID, GM","    0",",,E",,,"  175",",,E","   25",",,E"
"GME00125602","2018-05-05","51.2467","7.6431","387.0","LUDENSCHEID, GM","    0",",,E",,,"  212",",,E","   45",",,E"
"GME00125602","2018-05-06","51.2467","7.6431","387.0","LUDENSCHEID, GM","    0",",,E",,,"  238",",,E","   91",",,E"
"GME00125602","2018-05-07","51.2467","7.6431","387.0","LUDENSCHEID, GM","    0",",,E",,,"  246",",,E","  111",",,E"
"GME00125602","2018-05-08","51.2467","7.6431","387.0","LUDENSCHEID, GM","    0",",,E",,,"  250",",,E","  124",",,E"
"GME00125602","2018-05-09","51.2467","7.6431","387.0","LUDENSCHEID, GM","    0",",,E",,,"  248",",,E","  135",",,E"
"GME00125602","2018-05-10","51.2467","7.6431","387.0","LUDENSCHEID, GM","   30",",,E",,,"  166",",,E","   66",",,E"
"GME00125602","2018-05-11","51.2467","7.6431","387.0","LUDENSCHEID, GM","    0",",,E",,,"  189",",,E","   48",",,E"
"GME00125602","2018-05-12","51.2467","7.6431","387.0","LUDENSCHEID, GM","    3",",,E",,,"  218",",,E","   74",",,E"
"GME00125602","2018-05-13","51.2467","7.6431","387.0","LUDENSCHEID, GM","   88",",,E",,,"  198",",,E","  118",",,E"
"GME00125602","2018-05-14","51.2467","7.6431","387.0","LUDENSCHEID, GM","    0",",,E",,,"  240",",,E","  118",",,E"
"GME00125602","2018-05-15","51.2467","7.6431","387.0","LUDENSCHEID, GM","   16",",,E",,,"  210",",,E","   93",",,E"
"GME00125602","2018-05-16","51.2467","7.6431","387.0","LUDENSCHEID, GM","  105",",,E",,,"  168",",,E","   89",",,E"
"GME00125602","2018-05-17","51.2467","7.6431","387.0","LUDENSCHEID, GM","    0",",,E",,,"  159",",,E","   64",",,E"
"GME00125602","2018-05-18","51.2467","7.6431","387.0","LUDENSCHEID, GM","    0",",,E",,,"  148",",,E","   58",",,E"
"GME00125602","2018-05-19","51.2467","7.6431","387.0","LUDENSCHEID, GM","    0",",,E",,,"  167",",,E","   39",",,E"
"GME00125602","2018-05-20","51.2467","7.6431","387.0","LUDENSCHEID, GM","    0",",,E",,,"  223",",,E","   61",",,E"
"GME00125602","2018-05-21","51.2467","7.6431","387.0","LUDENSCHEID, GM","    0",",,E",,,"  230",",,E","   98",",,E"
"GME00125602","2018-05-22","51.2467","7.6431","387.0","LUDENSCHEID, GM","    7",",,E",,,"  182",",,E","  128",",,E"
"GME00125602","2018-05-23","51.2467","7.6431","387.0","LUDENSCHEID, GM","   34",",,E",,,"  216",",,E","  117",",,E"
"GME00125602","2018-05-24","51.2467","7.6431","387.0","LUDENSCHEID, GM","    2",",,E",,,"  199",",,E","  121",",,E"
"GME00125602","2018-05-25","51.2467","7.6431","387.0","LUDENSCHEID, GM","   51",",,E",,,"  227",",,E","  133",",,E"
"GME00125602","2018-05-26","51.2467","7.6431","387.0","LUDENSCHEID, GM","    0",",,E",,,"  268",",,E","  130",",,E"
"GME00125602","2018-05-27","51.2467","7.6431","387.0","LUDENSCHEID, GM","   77",",,E",,,"  260",",,E","  132",",,E"
"GME00125602","2018-05-28","51.2467","7.6431","387.0","LUDENSCHEID, GM","    0",",,E",,,"  269",",,E","  134",",,E"
"GME00125602","2018-05-29","51.2467","7.6431","387.0","LUDENSCHEID, GM","  119",",,E",,,"  275",",,E","  151",",,E"
"GME00125602","2018-05-30","51.2467","7.6431","387.0","LUDENSCHEID, GM","    0",",,E",,,"  257",",,E","  148",",,E"
"GME00125602","2018-05-31","51.2467","7.6431","387.0","LUDENSCHEID, GM","  129",",,E",,,"  261",",,E","  154",",,E"
"GME00125602","2018-06-01","51.2467","7.6431","387.0","LUDENSCHEID, GM","  120",",,E",,,"  203",",,E","  146",",,E"
"GME00125602","2018-06-02","51.2467","7.6431","387.0","LUDENSCHEID, GM","    1",",,E",,,"  203",",,E","  137",",,E"
"GME00125602","2018-06-03","51.2467","7.6431","387.0","LUDENSCHEID, GM","    0",",,E",,,"  221",",,E","  136",",,E"
"GME00125602","2018-06-04","51.2467","7.6431","387.0","LUDENSCHEID, GM","    0",",,E",,,"  243",",,E","  115",",,E"
"GME00125602","2018-06-05","51.2467","7.6431","387.0","LUDENSCHEID, GM","    0",",,E",,,"  193",",,E","  125",",,E"
"GME00125602","2018-06-06","51.2467","7.6431","387.0","LUDENSCHEID, GM","    0",",,E",,,"  266",",,E","   96",",,E"
"GME00125602","2018-06-07","51.2467","7.6431","387.0","LUDENSCHEID, GM","   71",",,E",,,"  262",",,E","  148",",,E"
"GME00125602","2018-06-08","51.2467","7.6431","387.0","LUDENSCHEID, GM","   21",",,E",,,"  215",",,E","  148",",,E"
"GME00125602","2018-06-09","51.2467","7.6431","387.0","LUDENSCHEID, GM","   28",",,E",,,"  261",",,E","  167",",,E"
"GME00125602","2018-06-10","51.2467","7.6431","387.0","LUDENSCHEID, GM","    0",",,E",,,"  230",",,E","  156",",,E"
"GME00125602","2018-06-11","51.2467","7.6431","387.0","LUDENSCHEID, GM","    0",",,E",,,"  211",",,E","  141",",,E"
"GME00125602","2018-06-12","51.2467","7.6431","387.0","LUDENSCHEID, GM","   10",",,E",,,"  162",",,E","  112",",,E"
"GME00125602","2018-06-13","51.2467","7.6431","387.0","LUDENSCHEID, GM","    0",",,E",,,"  147",",,E","   74",",,E"
"GME00125602","2018-06-14","51.2467","7.6431","387.0","LUDENSCHEID, GM","   37",",,E",,,"  193",",,E","   60",",,E"
"GME00125602","2018-06-15","51.2467","7.6431","387.0","LUDENSCHEID, GM","    0",",,E",,,"  218",",,E","  132",",,E"
"GME00125602","2018-06-16","51.2467","7.6431","387.0","LUDENSCHEID, GM","   17",",,E",,,"  232",",,E","  142",",,E"
"GME00125602","2018-06-17","51.2467","7.6431","387.0","LUDENSCHEID, GM","    0",",,E",,,"  182",",,E","  107",",,E"
"GME00125602","2018-06-18","51.2467","7.6431","387.0","LUDENSCHEID, GM","    0",",,E",,,"  202",",,E","  127",",,E"
"GME00125602","2018-06-19","51.2467","7.6431","387.0","LUDENSCHEID, GM","    3",",,E",,,"  191",",,E","  125",",,E"
"GME00125602","2018-06-20","51.2467","7.6431","387.0","LUDENSCHEID, GM","    0",",,E",,,"  262",",,E","  161",",,E"
"GME00125602","2018-06-21","51.2467","7.6431","387.0","LUDENSCHEID, GM","   10",",,E",,,"  168",",,E","   77",",,E"
"GME00125602","2018-06-22","51.2467","7.6431","387.0","LUDENSCHEID, GM","   30",",,E",,,"  145",",,E","   77",",,E"
"GME00125602","2018-06-23","51.2467","7.6431","387.0","LUDENSCHEID, GM","    0",",,E",,,"  160",",,E","   78",",,E"
"GME00125602","2018-06-24","51.2467","7.6431","387.0","LUDENSCHEID, GM","   24",",,E",,,"  151",",,E","   89",",,E"
"GME00125602","2018-06-25","51.2467","7.6431","387.0","LUDENSCHEID, GM","    1",",,E",,,"  187",",,E","  109",",,E"
"GME00125602","2018-06-26","51.2467","7.6431","387.0","LUDENSCHEID, GM","    0",",,E",,,"  166",",,E","   98",",,E"
"GME00125602","2018-06-27","51.2467","7.6431","387.0","LUDENSCHEID, GM","    0",",,E",,,"  235",",,E","   86",",,E"
"GME00125602","2018-06-28","51.2467","7.6431","387.0","LUDENSCHEID, GM","    0",",,E",,,"  254",",,E","  116",",,E"
"GME00125602","2018-06-29","51.2467","7.6431","387.0","LUDENSCHEID, GM","    0",",,E",,,"  270",",,E","  129",",,E"
"GME00125602","2018-06-30","51.2467","7.6431","387.0","LUDENSCHEID, GM","    0",",,E",,,"  265",",,E","  134",",,E"
"GME00125602","2018-07-01","51.2467","7.6431","387.0","LUDENSCHEID, GM","    0",",,E",,,"  244",",,E","  137",",,E"
"GME00125602","2018-07-02","51.2467","7.6431","387.0","LUDENSCHEID, GM","    0",",,E",,,"  258",",,E","  122",",,E"
"GME00125602","2018-07-03","51.2467","7.6431","387.0","LUDENSCHEID, GM","    6",",,E",,,"  282",",,E","  107",",,E"
"GME00125602","2018-07-04","51.2467","7.6431","387.0","LUDENSCHEID, GM","    0",",,E",,,"  290",",,E","  133",",,E"
"GME00125602","2018-07-05","51.2467","7.6431","387.0","LUDENSCHEID, GM","   29",",,E",,,"  243",",,E","  148",",,E"
"GME00125602","2018-07-06","51.2467","7.6431","387.0","LUDENSCHEID, GM","    0",",,E",,,"  235",",,E","  125",",,E"
"GME00125602","2018-07-07","51.2467","7.6431","387.0","LUDENSCHEID, GM","    0",",,E",,,"  243",",,E","  121",",,E"
"GME00125602","2018-07-08","51.2467","7.6431","387.0","LUDENSCHEID, GM","    0",",,E",,,"  234",",,E","   98",",,E"
"GME00125602","2018-07-09","51.2467","7.6431","387.0","LUDENSCHEID, GM","    3",",,E",,,"  218",",,E","  111",",,E"
"GME00125602","2018-07-10","51.2467","7.6431","387.0","LUDENSCHEID, GM","   93",",,E",,,"  137",",,E","   98",",,E"
"GME00125602","2018-07-11","51.2467","7.6431","387.0","LUDENSCHEID, GM","   81",",,E",,,"  172",",,E","  105",",,E"
"GME00125602","2018-07-12","51.2467","7.6431","387.0","LUDENSCHEID, GM","    6",",,E",,,"  226",",,E","  133",",,E"
"GME00125602","2018-07-13","51.2467","7.6431","387.0","LUDENSCHEID, GM","    0",",,E",,,"  244",",,E","  119",",,E"
"GME00125602","2018-07-14","51.2467","7.6431","387.0","LUDENSCHEID, GM","    0",",,E",,,"  257",",,E","  122",",,E"
"GME00125602","2018-07-15","51.2467","7.6431","387.0","LUDENSCHEID, GM","    0",",,E",,,"  261",",,E","  118",",,E"
"GME00125602","2018-07-16","51.2467","7.6431","387.0","LUDENSCHEID, GM","    0",",,E",,,"  279",",,E","  124",",,E"
"GME00125602","2018-07-17","51.2467","7.6431","387.0","LUDENSCHEID, GM","    0",",,E",,,"  285",",,E","  137",",,E"
"GME00125602","2018-07-18","51.2467","7.6431","387.0","LUDENSCHEID, GM","    0",",,E",,,"  247",",,E","  115",",,E"
"GME00125602","2018-07-19","51.2467","7.6431","387.0","LUDENSCHEID, GM","    0",",,E",,,"  256",",,E","  121",",,E"
"GME00125602","2018-07-20","51.2467","7.6431","387.0","LUDENSCHEID, GM","    1",",,E",,,"  290",",,E","  129",",,E"
"GME00125602","2018-07-21","51.2467","7.6431","387.0","LUDENSCHEID, GM","   20",",,E",,,"  249",",,E","  156",",,E"
"GME00125602","2018-07-22","51.2467","7.6431","387.0","LUDENSCHEID, GM","    0",",,E",,,"  251",",,E","  138",",,E"
"GME00125602","2018-07-23","51.2467","7.6431","387.0","LUDENSCHEID, GM","    0",",,E",,,"  272",",,E","  138",",,E"
"GME00125602","2018-07-24","51.2467","7.6431","387.0","LUDENSCHEID, GM","    0",",,E",,,"  319",",,E","  145",",,E"
"GME00125602","2018-07-25","51.2467","7.6431","387.0","LUDENSCHEID, GM","    0",",,E",,,"  311",",,E","  167",",,E"
"GME00125602","2018-07-26","51.2467","7.6431","387.0","LUDENSCHEID, GM","    0",",,E",,,"  347",",,E","  173",",,E"
"GME00125602","2018-07-27","51.2467","7.6431","387.0","LUDENSCHEID, GM","    0",",,E",,,"  330",",,E","  194",",,E"
"GME00125602","2018-07-28","51.2467","7.6431","387.0","LUDENSCHEID, GM","   20",",,E",,,"  275",",,E","  154",",,E"
"GME00125602","2018-07-29","51.2467","7.6431","387.0","LUDENSCHEID, GM","    0",",,E",,,"  280",",,E","  146",",,E"
"GME00125602","2018-07-30","51.2467","7.6431","387.0","LUDENSCHEID, GM","    0",",,E",,,"  315",",,E","  163",",,E"
"GME00125602","2018-07-31","51.2467","7.6431","387.0","LUDENSCHEID, GM","    0",",,E",,,"  310",",,E","  155",",,E"
"GME00125602","2018-08-01","51.2467","7.6431","387.0","LUDENSCHEID, GM","    0",",,E",,,"  275",",,E","  157",",,E"
"GME00125602","2018-08-02","51.2467","7.6431","387.0","LUDENSCHEID, GM","    0",",,E",,,"  317",",,E","  154",",,E"
"GME00125602","2018-08-03","51.2467","7.6431","387.0","LUDENSCHEID, GM","    0",",,E",,,"  331",",,E","  181",",,E"
"GME00125602","2018-08-04","51.2467","7.6431","387.0","LUDENSCHEID, GM","    0",",,E",,,"  314",",,E","  190",",,E"
"GME00125602","2018-08-05","51.2467","7.6431","387.0","LUDENSCHEID, GM","    0",",,E",,,"  258",",,E","  151",",,E"
"GME00125602","2018-08-06","51.2467","7.6431","387.0","LUDENSCHEID, GM","    0",",,E",,,"  321",",,E","  122",",,E"
"GME00125602","2018-08-07","51.2467","7.6431","387.0","LUDENSCHEID, GM","    3",",,E",,,"  354",",,E","  176",",,E"
"GME00125602","2018-08-08","51.2467","7.6431","387.0","LUDENSCHEID, GM","    0",",,E",,,"  261",",,E","  156",",,E"
"GME00125602","2018-08-09","51.2467","7.6431","387.0","LUDENSCHEID, GM","   55",",,E",,,"  299",",,E","  138",",,E"
"GME00125602","2018-08-10","51.2467","7.6431","387.0","LUDENSCHEID, GM","    2",",,E",,,"  220",",,E","  114",",,E"
"GME00125602","2018-08-11","51.2467","7.6431","387.0","LUDENSCHEID, GM","    0",",,E",,,"  214",",,E","  106",",,E"
"GME00125602","2018-08-12","51.2467","7.6431","387.0","LUDENSCHEID, GM","    0",",,E",,,"  258",",,E","   73",",,E"
"GME00125602","2018-08-13","51.2467","7.6431","387.0","LUDENSCHEID, GM","   79",",,E",,,"  192",",,E","  129",",,E"
"GME00125602","2018-08-14","51.2467","7.6431","387.0","LUDENSCHEID, GM","    1",",,E",,,"  230",",,E","  143",",,E"
"GME00125602","2018-08-15","51.2467","7.6431","387.0","LUDENSCHEID, GM","    0",",,E",,,"  218",",,E","  134",",,E"
"GME00125602","2018-08-16","51.2467","7.6431","387.0","LUDENSCHEID, GM","    0",",,E",,,"  277",",,E","  124",",,E"
"GME00125602","2018-08-17","51.2467","7.6431","387.0","LUDENSCHEID, GM","   48",",,E",,,"  204",",,E","  106",",,E"
"GME00125602","2018-08-18","51.2467","7.6431","387.0","LUDENSCHEID, GM","    0",",,E",,,"  238",",,E","   95",",,E"
"GME00125602","2018-08-19","51.2467","7.6431","387.0","LUDENSCHEID, GM","    0",",,E",,,"  258",",,E","  113",",,E"
"GME00125602","2018-08-20","51.2467","7.6431","387.0","LUDENSCHEID, GM","   11",",,E",,,"  221",",,E","  165",",,E"
"GME00125602","2018-08-21","51.2467","7.6431","387.0","LUDENSCHEID, GM","    0",",,E",,,"  257",",,E","  151",",,E"
"GME00125602","2018-08-22","51.2467","7.6431","387.0","LUDENSCHEID, GM","    0",",,E",,,"  298",",,E","  165",",,E"
"GME00125602","2018-08-23","51.2467","7.6431","387.0","LUDENSCHEID, GM","   15",",,E",,,"  274",",,E","  148",",,E"
"GME00125602","2018-08-24","51.2467","7.6431","387.0","LUDENSCHEID, GM","   32",",,E",,,"  191",",,E","  113",",,E"
"GME00125602","2018-08-25","51.2467","7.6431","387.0","LUDENSCHEID, GM","   13",",,E",,,"  157",",,E","   68",",,E"
"GME00125602","2018-08-26","51.2467","7.6431","387.0","LUDENSCHEID, GM","    4",",,E",,,"  190",",,E","   57",",,E"
"GME00125602","2018-08-27","51.2467","7.6431","387.0","LUDENSCHEID, GM","    7",",,E",,,"  201",",,E","  106",",,E"
"GME00125602","2018-08-28","51.2467","7.6431","387.0","LUDENSCHEID, GM","    0",",,E",,,"  231",",,E","  117",",,E"
"GME00125602","2018-08-29","51.2467","7.6431","387.0","LUDENSCHEID, GM","   91",",,E",,,"  277",",,E","   97",",,E"
"GME00125602","2018-08-30","51.2467","7.6431","387.0","LUDENSCHEID, GM","    0",",,E",,,"  191",",,E","  115",",,E"
"GME00125602","2018-08-31","51.2467","7.6431","387.0","LUDENSCHEID, GM","    0",",,E",,,"  175",",,E","   90",",,E"
"GME00125602","2018-09-01","51.2467","7.6431","387.0","LUDENSCHEID, GM","    0",",,E",,,"  188",",,E","   68",",,E"
"GME00125602","2018-09-02","51.2467","7.6431","387.0","LUDENSCHEID, GM","    0",",,E",,,"  228",",,E","   84",",,E"
"GME00125602","2018-09-03","51.2467","7.6431","387.0","LUDENSCHEID, GM","   21",",,E",,,"  187",",,E","  126",",,E"
"GME00125602","2018-09-04","51.2467","7.6431","387.0","LUDENSCHEID, GM","    4",",,E",,,"  248",",,E","  130",",,E"
"GME00125602","2018-09-05","51.2467","7.6431","387.0","LUDENSCHEID, GM","    0",",,E",,,"  264",",,E","  143",",,E"
"GME00125602","2018-09-06","51.2467","7.6431","387.0","LUDENSCHEID, GM","   16",",,E",,,"  195",",,E","  130",",,E"
"GME00125602","2018-09-07","51.2467","7.6431","387.0","LUDENSCHEID, GM","   10",",,E",,,"  162",",,E","   74",",,E"
"GME00125602","2018-09-08","51.2467","7.6431","387.0","LUDENSCHEID, GM","    0",",,E",,,"  186",",,E","   70",",,E"
"GME00125602","2018-09-09","51.2467","7.6431","387.0","LUDENSCHEID, GM","    0",",,E",,,"  219",",,E","  106",",,E"
"GME00125602","2018-09-10","51.2467","7.6431","387.0","LUDENSCHEID, GM","    0",",,E",,,"  209",",,E","  130",",,E"
"GME00125602","2018-09-11","51.2467","7.6431","387.0","LUDENSCHEID, GM","    0",",,E",,,"  247",",,E","  126",",,E"
"GME00125602","2018-09-12","51.2467","7.6431","387.0","LUDENSCHEID, GM","   28",",,E",,,"  243",",,E","  126",",,E"
"GME00125602","2018-09-13","51.2467","7.6431","387.0","LUDENSCHEID, GM","    3",",,E",,,"  137",",,E","   73",",,E"
"GME00125602","2018-09-14","51.2467","7.6431","387.0","LUDENSCHEID, GM","    0",",,E",,,"  185",",,E","   54",",,E"
"GME00125602","2018-09-15","51.2467","7.6431","387.0","LUDENSCHEID, GM","    0",",,E",,,"  189",",,E","   82",",,E"
"GME00125602","2018-09-16","51.2467","7.6431","387.0","LUDENSCHEID, GM","    0",",,E",,,"  223",",,E","   64",",,E"
"GME00125602","2018-09-17","51.2467","7.6431","387.0","LUDENSCHEID, GM","    0",",,E",,,"  252",",,E","   95",",,E"
"GME00125602","2018-09-18","51.2467","7.6431","387.0","LUDENSCHEID, GM","    0",",,E",,,"  298",",,E","  159",",,E"
"GME00125602","2018-09-19","51.2467","7.6431","387.0","LUDENSCHEID, GM","    0",",,E",,,"  268",",,E","  133",",,E"
"GME00125602","2018-09-20","51.2467","7.6431","387.0","LUDENSCHEID, GM","    0",",,E",,,"  251",",,E","  138",",,E"
"GME00125602","2018-09-21","51.2467","7.6431","387.0","LUDENSCHEID, GM","   47",",,E",,,"  203",",,E","  104",",,E"
"GME00125602","2018-09-22","51.2467","7.6431","387.0","LUDENSCHEID, GM","   41",",,E",,,"  151",",,E","   82",",,E"
"GME00125602","2018-09-23","51.2467","7.6431","387.0","LUDENSCHEID, GM","  202",",,E",,,"  106",",,E","   63",",,E"
"GME00125602","2018-09-24","51.2467","7.6431","387.0","LUDENSCHEID, GM","    9",",,E",,,"  120",",,E","   29",",,E"
"GME00125602","2018-09-25","51.2467","7.6431","387.0","LUDENSCHEID, GM","    0",",,E",,,"  131",",,E","    5",",,E"
"GME00125602","2018-09-26","51.2467","7.6431","387.0","LUDENSCHEID, GM","    0",",,E",,,"  171",",,E","   54",",,E"
"GME00125602","2018-09-27","51.2467","7.6431","387.0","LUDENSCHEID, GM","    0",",,E",,,"  226",",,E","   59",",,E"
"GME00125602","2018-09-28","51.2467","7.6431","387.0","LUDENSCHEID, GM","    3",",,E",,,"  125",",,E","   47",",,E"
"GME00125602","2018-09-29","51.2467","7.6431","387.0","LUDENSCHEID, GM","    0",",,E",,,"  155",",,E","   11",",,E"
"GME00125602","2018-09-30","51.2467","7.6431","387.0","LUDENSCHEID, GM","    0",",,E",,,"  170",",,E","   15",",,E"
"GME00125602","2018-10-01","51.2467","7.6431","387.0","LUDENSCHEID, GM","   38",",,E",,,"  125",",,E","   33",",,E"
"GME00125602","2018-10-02","51.2467","7.6431","387.0","LUDENSCHEID, GM","   34",",,E",,,"  109",",,E","   40",",,E"
"GME00125602","2018-10-03","51.2467","7.6431","387.0","LUDENSCHEID, GM","    0",",,E",,,"  140",",,E","   52",",,E"
"GME00125602","2018-10-04","51.2467","7.6431","387.0","LUDENSCHEID, GM","    0",",,E",,,"  149",",,E","   52",",,E"
"GME00125602","2018-10-05","51.2467","7.6431","387.0","LUDENSCHEID, GM","    0",",,E",,,"  217",",,E","   67",",,E"
"GME00125602","2018-10-06","51.2467","7.6431","387.0","LUDENSCHEID, GM","    1",",,E",,,"  230",",,E","   83",",,E"
"GME00125602","2018-10-07","51.2467","7.6431","387.0","LUDENSCHEID, GM","    0",",,E",,,"  134",",,E","   49",",,E"
"GME00125602","2018-10-08","51.2467","7.6431","387.0","LUDENSCHEID, GM","    0",",,E","    0",",,E","  163",",,E","   31",",,E"
"GME00125602","2018-10-09","51.2467","7.6431","387.0","LUDENSCHEID, GM","    0",",,E","    0",",,E","  205",",,E","   49",",,E"
"GME00125602","2018-10-10","51.2467","7.6431","387.0","LUDENSCHEID, GM","    0",",,E","    0",",,E","  225",",,E","   75",",,E"
"GME00125602","2018-10-11","51.2467","7.6431","387.0","LUDENSCHEID, GM","    0",",,E","    0",",,E","  226",",,E","  117",",,E"
"GME00125602","2018-10-12","51.2467","7.6431","387.0","LUDENSCHEID, GM","    0",",,E","    0",",,E","  236",",,E","  151",",,E"
"GME00125602","2018-10-13","51.2467","7.6431","387.0","LUDENSCHEID, GM","    0",",,E","    0",",,E","  253",",,E","  145",",,E"
"GME00125602","2018-10-14","51.2467","7.6431","387.0","LUDENSCHEID, GM","    0",",,E","    0",",,E","  236",",,E","  152",",,E"
"GME00125602","2018-10-15","51.2467","7.6431","387.0","LUDENSCHEID, GM","    0",",,E","    0",",,E","  240",",,E","  119",",,E"
"GME00125602","2018-10-16","51.2467","7.6431","387.0","LUDENSCHEID, GM","    0",",,E","    0",",,E","  234",",,E","  103",",,E"
"GME00125602","2018-10-17","51.2467","7.6431","387.0","LUDENSCHEID, GM","    0",",,E","    0",",,E","  227",",,E","   93",",,E"
"GME00125602","2018-10-18","51.2467","7.6431","387.0","LUDENSCHEID, GM","    0",",,E","    0",",,E","  153",",,E","   95",",,E"
"GME00125602","2018-10-19","51.2467","7.6431","387.0","LUDENSCHEID, GM","    0",",,E","    0",",,E","  151",",,E","   70",",,E"
"GME00125602","2018-10-20","51.2467","7.6431","387.0","LUDENSCHEID, GM","    0",",,E","    0",",,E","  131",",,E","   27",",,E"
"GME00125602","2018-10-21","51.2467","7.6431","387.0","LUDENSCHEID, GM","    0",",,E","    0",",,E","  153",",,E","   18",",,E"
"GME00125602","2018-10-22","51.2467","7.6431","387.0","LUDENSCHEID, GM","   11",",,E","    0",",,E","  112",",,E","   18",",,E"
"GME00125602","2018-10-23","51.2467","7.6431","387.0","LUDENSCHEID, GM","   67",",,E","    0",",,E","  101",",,E","   13",",,E"
"GME00125602","2018-10-24","51.2467","7.6431","387.0","LUDENSCHEID, GM","   57",",,E","    0",",,E","  116",",,E","  101",",,E"
"GME00125602","2018-10-25","51.2467","7.6431","387.0","LUDENSCHEID, GM","    2",",,E","    0",",,E","  105",",,E","   80",",,E"
"GME00125602","2018-10-26","51.2467","7.6431","387.0","LUDENSCHEID, GM","   20",",,E","    0",",,E","   80",",,E","   44",",,E"
"GME00125602","2018-10-27","51.2467","7.6431","387.0","LUDENSCHEID, GM","    0",",,E","    0",",,E","   59",",,E","   23",",,E"
"GME00125602","2018-10-28","51.2467","7.6431","387.0","LUDENSCHEID, GM","    9",",,E","    0",",,E","   38",",,E","   18",",,E"
"GME00125602","2018-10-29","51.2467","7.6431","387.0","LUDENSCHEID, GM","   16",",,E","    0",",,E","   37",",,E","   20",",,E"
"GME00125602","2018-10-30","51.2467","7.6431","387.0","LUDENSCHEID, GM","  124",",,E","    0",",,E","   63",",,E","    7",",,E"
"GME00125602","2018-10-31","51.2467","7.6431","387.0","LUDENSCHEID, GM","    3",",,E","    0",",,E","   95",",,E","   31",",,E"
"GME00125602","2018-11-01","51.2467","7.6431","387.0","LUDENSCHEID, GM","   16",",,E","    0",",,E","  100",",,E","   56",",,E"
"GME00125602","2018-11-02","51.2467","7.6431","387.0","LUDENSCHEID, GM","    0",",,E","    0",",,E","   95",",,E","    6",",,E"
"GME00125602","2018-11-03","51.2467","7.6431","387.0","LUDENSCHEID, GM","    0",",,E","    0",",,E","   89",",,E","  -28",",,E"
"GME00125602","2018-11-04","51.2467","7.6431","387.0","LUDENSCHEID, GM","    0",",,E","    0",",,E","   96",",,E","    1",",,E"
"GME00125602","2018-11-05","51.2467","7.6431","387.0","LUDENSCHEID, GM","    0",",,E","    0",",,E","  137",",,E","   41",",,E"
"GME00125602","2018-11-06","51.2467","7.6431","387.0","LUDENSCHEID, GM","    0",",,E","    0",",,E","  179",",,E","   54",",,E"
"GME00125602","2018-11-07","51.2467","7.6431","387.0","LUDENSCHEID, GM","    3",",,E","    0",",,E","  148",",,E","   90",",,E"
"GME00125602","2018-11-08","51.2467","7.6431","387.0","LUDENSCHEID, GM","    0",",,E","    0",",,E","  123",",,E","   45",",,E"
"GME00125602","2018-11-09","51.2467","7.6431","387.0","LUDENSCHEID, GM","    0",",,E","    0",",,E","  136",",,E","   53",",,E"
"GME00125602","2018-11-10","51.2467","7.6431","387.0","LUDENSCHEID, GM","   56",",,E","    0",",,E","  119",",,E","   95",",,E"
"GME00125602","2018-11-11","51.2467","7.6431","387.0","LUDENSCHEID, GM","  110",",,E","    0",",,E","  115",",,E","   87",",,E"
"GME00125602","2018-11-12","51.2467","7.6431","387.0","LUDENSCHEID, GM","   14",",,E","    0",",,E","  160",",,E","   87",",,E"
"GME00125602","2018-11-13","51.2467","7.6431","387.0","LUDENSCHEID, GM","    3",",,E","    0",",,E","  110",",,E","   69",",,E"
"GME00125602","2018-11-14","51.2467","7.6431","387.0","LUDENSCHEID, GM","    0",",,E","    0",",,E","  109",",,E","   39",",,E"
"GME00125602","2018-11-15","51.2467","7.6431","387.0","LUDENSCHEID, GM","    0",",,E","    0",",,E","   92",",,E","   10",",,E"
"GME00125602","2018-11-16","51.2467","7.6431","387.0","LUDENSCHEID, GM","    0",",,E","    0",",,E","  112",",,E","   11",",,E"
"GME00125602","2018-11-17","51.2467","7.6431","387.0","LUDENSCHEID, GM","    0",",,E","    0",",,E","  100",",,E","    3",",,E"
"GME00125602","2018-11-18","51.2467","7.6431","387.0","LUDENSCHEID, GM","    9",",,E","    0",",,E","   70",",,E","  -22",",,E"
"GME00125602","2018-11-19","51.2467","7.6431","387.0","LUDENSCHEID, GM","    5",",,E","    0",",,E","   33",",,E","   -8",",,E"
"GME00125602","2018-11-20","51.2467","7.6431","387.0","LUDENSCHEID, GM","    1",",,E","    0",",,E","   17",",,E","   -3",",,E"
"GME00125602","2018-11-21","51.2467","7.6431","387.0","LUDENSCHEID, GM","    0",",,E","    0",",,E","   28",",,E","  -19",",,E"
"GME00125602","2018-11-22","51.2467","7.6431","387.0","LUDENSCHEID, GM","    0",",,E","    0",",,E","   27",",,E","   -7",",,E"
"GME00125602","2018-11-23","51.2467","7.6431","387.0","LUDENSCHEID, GM","    0",",,E","    0",",,E","   91",",,E","  -18",",,E"
"GME00125602","2018-11-24","51.2467","7.6431","387.0","LUDENSCHEID, GM","   30",",,E","    0",",,E","   44",",,E","   11",",,E"
"GME00125602","2018-11-25","51.2467","7.6431","387.0","LUDENSCHEID, GM","    6",",,E","    0",",,E","   42",",,E","   25",",,E"
"GME00125602","2018-11-26","51.2467","7.6431","387.0","LUDENSCHEID, GM","    0",",,E","    0",",,E","   47",",,E","   11",",,E"
"GME00125602","2018-11-27","51.2467","7.6431","387.0","LUDENSCHEID, GM","    0",",,E","    0",",,E","   21",",,E","  -16",",,E"
"GME00125602","2018-11-28","51.2467","7.6431","387.0","LUDENSCHEID, GM","    3",",,E","    0",",,E","   51",",,E","   -8",",,E"
"GME00125602","2018-11-29","51.2467","7.6431","387.0","LUDENSCHEID, GM","    9",",,E","    0",",,E","   79",",,E","   46",",,E"
"GME00125602","2018-11-30","51.2467","7.6431","387.0","LUDENSCHEID, GM","    8",",,E","    0",",,E","   85",",,E","   56",",,E"
"GME00125602","2018-12-01","51.2467","7.6431","387.0","LUDENSCHEID, GM","   45",",,E","    0",",,E","   82",",,E","   52",",,E"
"GME00125602","2018-12-02","51.2467","7.6431","387.0","LUDENSCHEID, GM","  213",",,E","    0",",,E","  114",",,E","   62",",,E"
"GME00125602","2018-12-03","51.2467","7.6431","387.0","LUDENSCHEID, GM","  108",",,E","    0",",,E","  109",",,E","   83",",,E"
"GME00125602","2018-12-04","51.2467","7.6431","387.0","LUDENSCHEID, GM","   19",",,E","    0",",,E","   85",",,E","  -17",",,E"
"GME00125602","2018-12-05","51.2467","7.6431","387.0","LUDENSCHEID, GM","    5",",,E","    0",",,E","   64",",,E","  -19",",,E"
"GME00125602","2018-12-06","51.2467","7.6431","387.0","LUDENSCHEID, GM","   22",",,E","    0",",,E","  100",",,E","   55",",,E"
"GME00125602","2018-12-07","51.2467","7.6431","387.0","LUDENSCHEID, GM","  127",",,E","    0",",,E","   95",",,E","   30",",,E"
"GME00125602","2018-12-08","51.2467","7.6431","387.0","LUDENSCHEID, GM","  357",",,E","    0",",,E","   80",",,E","   39",",,E"
"GME00125602","2018-12-09","51.2467","7.6431","387.0","LUDENSCHEID, GM","  121",",,E","    0",",,E","   75",",,E","   30",",,E"
"GME00125602","2018-12-10","51.2467","7.6431","387.0","LUDENSCHEID, GM","   53",",,E","    0",",,E","   36",",,E","    9",",,E"
"GME00125602","2018-12-11","51.2467","7.6431","387.0","LUDENSCHEID, GM","   15",",,E","    0",",,E","   31",",,E","   13",",,E"
"GME00125602","2018-12-12","51.2467","7.6431","387.0","LUDENSCHEID, GM","    0",",,E","    0",",,E","   29",",,E","    2",",,E"
"GME00125602","2018-12-13","51.2467","7.6431","387.0","LUDENSCHEID, GM","    0",",,E","    0",",,E","   14",",,E","  -24",",,E"
"GME00125602","2018-12-14","51.2467","7.6431","387.0","LUDENSCHEID, GM","    0",",,E","    0",",,E","   -5",",,E","  -20",",,E"
"GME00125602","2018-12-15","51.2467","7.6431","387.0","LUDENSCHEID, GM","    3",",,E","    0",",,E","  -18",",,E","  -38",",,E"
"GME00125602","2018-12-16","51.2467","7.6431","387.0","LUDENSCHEID, GM","    7",",,E","   10",",,E","    9",",,E","  -36",",,E"
"GME00125602","2018-12-17","51.2467","7.6431","387.0","LUDENSCHEID, GM","   57",",,E","    0",",,E","   43",",,E","    7",",,E"
"GME00125602","2018-12-18","51.2467","7.6431","387.0","LUDENSCHEID, GM","    9",",,E","    0",",,E","   58",",,E","   25",",,E"
"GME00125602","2018-12-19","51.2467","7.6431","387.0","LUDENSCHEID, GM","   31",",,E","    0",",,E","   73",",,E","   28",",,E"
"GME00125602","2018-12-20","51.2467","7.6431","387.0","LUDENSCHEID, GM","  114",",,E","    0",",,E","   56",",,E","   47",",,E"
"GME00125602","2018-12-21","51.2467","7.6431","387.0","LUDENSCHEID, GM","  227",",,E","    0",",,E","  110",",,E","   51",",,E"
"GME00125602","2018-12-22","51.2467","7.6431","387.0","LUDENSCHEID, GM","   30",",,E","    0",",,E","   81",",,E","   54",",,E"
"GME00125602","2018-12-23","51.2467","7.6431","387.0","LUDENSCHEID, GM","  177",",,E","    0",",,E","   67",",,E","   32",",,E"
"GME00125602","2018-12-24","51.2467","7.6431","387.0","LUDENSCHEID, GM","    5",",,E","    0",",,E","   36",",,E","   -8",",,E"
"GME00125602","2018-12-25","51.2467","7.6431","387.0","LUDENSCHEID, GM","    0",",,E","    0",",,E","   36",",,E","  -17",",,E"
"GME00125602","2018-12-26","51.2467","7.6431","387.0","LUDENSCHEID, GM","    0",",,E","    0",",,E","   24",",,E","  -29",",,E"
"GME00125602","2018-12-27","51.2467","7.6431","387.0","LUDENSCHEID, GM","    0",",,E","    0",",,E","   61",",,E","  -10",",,E"
"GME00125602","2018-12-28","51.2467","7.6431","387.0","LUDENSCHEID, GM","    6",",,E","    0",",,E","   41",",,E","  -27",",,E"
"GME00125602","2018-12-29","51.2467","7.6431","387.0","LUDENSCHEID, GM","   34",",,E","    0",",,E","   63",",,E","    9",",,E"
"GME00125602","2018-12-30","51.2467","7.6431","387.0","LUDENSCHEID, GM","   50",",,E","    0",",,E","   56",",,E","   47",",,E"
"GME00125602","2018-12-31","51.2467","7.6431","387.0","LUDENSCHEID, GM","   19",",,E","    0",",,E","   76",",,E","   56",",,E"
"GME00125602","2019-01-01","51.2467","7.6431","387.0","LUDENSCHEID, GM","   50",",,E","    0",",,E","   60",",,E","   17",",,E"
"GME00125602","2019-01-02","51.2467","7.6431","387.0","LUDENSCHEID, GM","    6",",,E","    0",",,E","   34",",,E","  -19",",,E"
"GME00125602","2019-01-03","51.2467","7.6431","387.0","LUDENSCHEID, GM","   29",",,E","    0",",,E","   17",",,E","  -10",",,E"
"GME00125602","2019-01-04","51.2467","7.6431","387.0","LUDENSCHEID, GM","   75",",,E","    0",",,E","   17",",,E","    0",",,E"
"GME00125602","2019-01-05","51.2467","7.6431","387.0","LUDENSCHEID, GM","  237",",,E","    0",",,E","   48",",,E","   17",",,E"
"GME00125602","2019-01-06","51.2467","7.6431","387.0","LUDENSCHEID, GM","   87",",,E","    0",",,E","   40",",,E","   29",",,E"
"GME00125602","2019-01-07","51.2467","7.6431","387.0","LUDENSCHEID, GM","   94",",,E","    0",",,E","   58",",,E","   12",",,E"
"GME00125602","2019-01-08","51.2467","7.6431","387.0","LUDENSCHEID, GM","  122",",,E","    0",",,E","   60",",,E","   15",",,E"
"GME00125602","2019-01-09","51.2467","7.6431","387.0","LUDENSCHEID, GM","    1",",,E","    0",",,E","   20",",,E","  -10",",,E"
"GME00125602","2019-01-10","51.2467","7.6431","387.0","LUDENSCHEID, GM","   20",",,E","    0",",,E","    1",",,E","  -20",",,E"
"GME00125602","2019-01-11","51.2467","7.6431","387.0","LUDENSCHEID, GM","   62",",,E","    0",",,E","   48",",,E","  -10",",,E"
"GME00125602","2019-01-12","51.2467","7.6431","387.0","LUDENSCHEID, GM","  132",",,E","    0",",,E","   49",",,E","   26",",,E"
"GME00125602","2019-01-13","51.2467","7.6431","387.0","LUDENSCHEID, GM","  287",",,E","    0",",,E","   68",",,E","   30",",,E"
"GME00125602","2019-01-14","51.2467","7.6431","387.0","LUDENSCHEID, GM","   27",",,E","    0",",,E","   41",",,E","   -2",",,E"
"GME00125602","2019-01-15","51.2467","7.6431","387.0","LUDENSCHEID, GM","    7",",,E","    0",",,E","   39",",,E","   -5",",,E"
"GME00125602","2019-01-16","51.2467","7.6431","387.0","LUDENSCHEID, GM","   54",",,E","    0",",,E","   38",",,E","   19",",,E"
"GME00125602","2019-01-17","51.2467","7.6431","387.0","LUDENSCHEID, GM","   82",",,E","    0",",,E","   30",",,E","   -8",",,E"
"GME00125602","2019-01-18","51.2467","7.6431","387.0","LUDENSCHEID, GM","    0",",,E","   10",",,E","   11",",,E","  -45",",,E"
"GME00125602","2019-01-19","51.2467","7.6431","387.0","LUDENSCHEID, GM","    0",",,E","   10",",,E","   -1",",,E","  -56",",,E"
"GME00125602","2019-01-20","51.2467","7.6431","387.0","LUDENSCHEID, GM","    0",",,E","   10",",,E","    8",",,E","  -92",",,E"
"GME00125602","2019-01-21","51.2467","7.6431","387.0","LUDENSCHEID, GM","    0",",,E","   10",",,E","    4",",,E","  -97",",,E"
"GME00125602","2019-01-22","51.2467","7.6431","387.0","LUDENSCHEID, GM","    4",",,E","   10",",,E","  -11",",,E","  -84",",,E"
"GME00125602","2019-01-23","51.2467","7.6431","387.0","LUDENSCHEID, GM","    1",",,E","   10",",,E","  -32",",,E","  -83",",,E"
"GME00125602","2019-01-24","51.2467","7.6431","387.0","LUDENSCHEID, GM","    0",",,E","   10",",,E","  -56",",,E","  -80",",,E"
"GME00125602","2019-01-25","51.2467","7.6431","387.0","LUDENSCHEID, GM","   52",",,E","   10",",,E","    6",",,E","  -66",",,E"
"GME00125602","2019-01-26","51.2467","7.6431","387.0","LUDENSCHEID, GM","   60",",,E","   10",",,E","   45",",,E","    5",",,E"
"GME00125602","2019-01-27","51.2467","7.6431","387.0","LUDENSCHEID, GM","  170",",,E","   10",",,E","   43",",,E","    4",",,E"
"GME00125602","2019-01-28","51.2467","7.6431","387.0","LUDENSCHEID, GM","  116",",,E","   60",",,E","   14",",,E","   -5",",,E"
"GME00125602","2019-01-29","51.2467","7.6431","387.0","LUDENSCHEID, GM","    2",",,E","  130",",,E","    9",",,E","  -19",",,E"
"GME00125602","2019-01-30","51.2467","7.6431","387.0","LUDENSCHEID, GM","   44",",,E","  110",",,E","  -11",",,E","  -26",",,E"
"GME00125602","2019-01-31","51.2467","7.6431","387.0","LUDENSCHEID, GM","   19",",,E","  170",",,E","  -12",",,E","  -47",",,E"
"GME00125602","2019-02-01","51.2467","7.6431","387.0","LUDENSCHEID, GM","   34",",,E","  190",",,E","   35",",,E","  -22",",,E"
"GME00125602","2019-02-02","51.2467","7.6431","387.0","LUDENSCHEID, GM","   67",",,E","  140",",,E","   11",",,E","  -15",",,E"
"GME00125602","2019-02-03","51.2467","7.6431","387.0","LUDENSCHEID, GM","    0",",,E","  140",",,E","   10",",,E","  -24",",,E"
"GME00125602","2019-02-04","51.2467","7.6431","387.0","LUDENSCHEID, GM","    1",",,E","  130",",,E","   20",",,E","  -21",",,E"
"GME00125602","2019-02-05","51.2467","7.6431","387.0","LUDENSCHEID, GM","    0",",,E","  130",",,E","   18",",,E","   -4",",,E"
"GME00125602","2019-02-06","51.2467","7.6431","387.0","LUDENSCHEID, GM","   33",",,E","  110",",,E","   58",",,E","    6",",,E"
"GME00125602","2019-02-07","51.2467","7.6431","387.0","LUDENSCHEID, GM","   15",",,E","   80",",,E","   65",",,E","   21",",,E"
"GME00125602","2019-02-08","51.2467","7.6431","387.0","LUDENSCHEID, GM","   50",",,E","   20",",,E","   59",",,E","   30",",,E"
"GME00125602","2019-02-09","51.2467","7.6431","387.0","LUDENSCHEID, GM","   84",",,E","    0",",,E","   75",",,E","   42",",,E"
"GME00125602","2019-02-10","51.2467","7.6431","387.0","LUDENSCHEID, GM","  349",",,E","    0",",,E","   70",",,E","   -1",",,E"
"GME00125602","2019-02-11","51.2467","7.6431","387.0","LUDENSCHEID, GM","   24",",,E","   30",",,E","   43",",,E","   -1",",,E"
"GME00125602","2019-02-12","51.2467","7.6431","387.0","LUDENSCHEID, GM","    0",",,E","    0",",,E","   37",",,E","    4",",,E"
"GME00125602","2019-02-13","51.2467","7.6431","387.0","LUDENSCHEID, GM","    0",",,E","    0",",,E","   63",",,E","   -4",",,E"
"GME00125602","2019-02-14","51.2467","7.6431","387.0","LUDENSCHEID, GM","    0",",,E","    0",",,E","  119",",,E","  -21",",,E"
"GME00125602","2019-02-15","51.2467","7.6431","387.0","LUDENSCHEID, GM","    0",",,E","    0",",,E","  163",",,E","    5",",,E"
"GME00125602","2019-02-16","51.2467","7.6431","387.0","LUDENSCHEID, GM","    0",",,E","    0",",,E","  149",",,E","   26",",,E"
"GME00125602","2019-02-17","51.2467","7.6431","387.0","LUDENSCHEID, GM","    0",",,E","    0",",,E","  150",",,E","   17",",,E"
"GME00125602","2019-02-18","51.2467","7.6431","387.0","LUDENSCHEID, GM","    5",",,E","    0",",,E","  152",",,E","   18",",,E"
"GME00125602","2019-02-19","51.2467","7.6431","387.0","LUDENSCHEID, GM","    0",",,E","    0",",,E","   89",",,E","   23",",,E"
"GME00125602","2019-02-20","51.2467","7.6431","387.0","LUDENSCHEID, GM","    0",",,E","    0",",,E","   93",",,E","   19",",,E"
"GME00125602","2019-02-21","51.2467","7.6431","387.0","LUDENSCHEID, GM","   11",",,E","    0",",,E","  102",",,E","   24",",,E"
"GME00125602","2019-02-22","51.2467","7.6431","387.0","LUDENSCHEID, GM","    2",",,E","    0",",,E","   94",",,E","   27",",,E"
"GME00125602","2019-02-23","51.2467","7.6431","387.0","LUDENSCHEID, GM","    0",",,E","    0",",,E","  108",",,E","    1",",,E"
"GME00125602","2019-02-24","51.2467","7.6431","387.0","LUDENSCHEID, GM","    0",",,E","    0",",,E","  155",",,E","   -7",",,E"
"GME00125602","2019-02-25","51.2467","7.6431","387.0","LUDENSCHEID, GM","    0",",,E","    0",",,E","  179",",,E","   18",",,E"
"GME00125602","2019-02-26","51.2467","7.6431","387.0","LUDENSCHEID, GM","    0",",,E","    0",",,E","  175",",,E","   19",",,E"
"GME00125602","2019-02-27","51.2467","7.6431","387.0","LUDENSCHEID, GM","    0",",,E","    0",",,E","  191",",,E","   14",",,E"
"GME00125602","2019-02-28","51.2467","7.6431","387.0","LUDENSCHEID, GM","   52",",,E","    0",",,E","  129",",,E","   29",",,E"
"GME00125602","2019-03-01","51.2467","7.6431","387.0","LUDENSCHEID, GM","   28",",,E","    0",",,E","   70",",,E","   21",",,E"
"GME00125602","2019-03-02","51.2467","7.6431","387.0","LUDENSCHEID, GM","   27",",,E","    0",",,E","   80",",,E","   21",",,E"
"GME00125602","2019-03-03","51.2467","7.6431","387.0","LUDENSCHEID, GM","   78",",,E","    0",",,E","   95",",,E","   61",",,E"
"GME00125602","2019-03-04","51.2467","7.6431","387.0","LUDENSCHEID, GM","   71",",,E","    0",",,E","  107",",,E","   27",",,E"
"GME00125602","2019-03-05","51.2467","7.6431","387.0","LUDENSCHEID, GM","   53",",,E","    0",",,E","   71",",,E","    4",",,E"
"GME00125602","2019-03-06","51.2467","7.6431","387.0","LUDENSCHEID, GM","   72",",,E","    0",",,E","  115",",,E","   36",",,E"
"GME00125602","2019-03-07","51.2467","7.6431","387.0","LUDENSCHEID, GM","   86",",,E","    0",",,E","  104",",,E","   51",",,E"
"GME00125602","2019-03-08","51.2467","7.6431","387.0","LUDENSCHEID, GM","   75",",,E","    0",",,E","   84",",,E","   33",",,E"
"GME00125602","2019-03-09","51.2467","7.6431","387.0","LUDENSCHEID, GM","   55",",,E","    0",",,E","   98",",,E","   40",",,E"
"GME00125602","2019-03-10","51.2467","7.6431","387.0","LUDENSCHEID, GM","  121",",,E","    0",",,E","   92",",,E","    0",",,E"
"GME00125602","2019-03-11","51.2467","7.6431","387.0","LUDENSCHEID, GM","   62",",,E","    0",",,E","   39",",,E","   -4",",,E"
"GME00125602","2019-03-12","51.2467","7.6431","387.0","LUDENSCHEID, GM","   20",",,E","    0",",,E","   72",",,E","   -8",",,E"
"GME00125602","2019-03-13","51.2467","7.6431","387.0","LUDENSCHEID, GM","  153",",,E","    0",",,E","   41",",,E","   20",",,E"
"GME00125602","2019-03-14","51.2467","7.6431","387.0","LUDENSCHEID, GM","  173",",,E","    0",",,E","   74",",,E","   26",",,E"
"GME00125602","2019-03-15","51.2467","7.6431","387.0","LUDENSCHEID, GM","  206",",,E","    0",",,E","   97",",,E","   39",",,E"
"GME00125602","2019-03-16","51.2467","7.6431","387.0","LUDENSCHEID, GM","   16",",,E","    0",",,E","   83",",,E","   42",",,E"
"GME00125602","2019-03-17","51.2467","7.6431","387.0","LUDENSCHEID, GM","   87",",,E","    0",",,E","   79",",,E","    5",",,E"
"GME00125602","2019-03-18","51.2467","7.6431","387.0","LUDENSCHEID, GM","   12",",,E","    0",",,E","   63",",,E","  -10",",,E"
"GME00125602","2019-03-19","51.2467","7.6431","387.0","LUDENSCHEID, GM","    0",",,E","    0",",,E","   85",",,E","  -24",",,E"
"GME00125602","2019-03-20","51.2467","7.6431","387.0","LUDENSCHEID, GM","    0",",,E","    0",",,E","  101",",,E","  -13",",,E"
"GME00125602","2019-03-21","51.2467","7.6431","387.0","LUDENSCHEID, GM","    0",",,E","    0",",,E","  155",",,E","   14",",,E"
"GME00125602","2019-03-22","51.2467","7.6431","387.0","LUDENSCHEID, GM","    0",",,E","    0",",,E","  182",",,E","   42",",,E"
"GME00125602","2019-03-23","51.2467","7.6431","387.0","LUDENSCHEID, GM","   11",",,E","    0",",,E","  110",",,E","   29",",,E"
"GME00125602","2019-03-24","51.2467","7.6431","387.0","LUDENSCHEID, GM","   18",",,E","    0",",,E","  104",",,E","   12",",,E"
"GME00125602","2019-03-25","51.2467","7.6431","387.0","LUDENSCHEID, GM","  132",",,E","    0",",,E","   60",",,E","   12",",,E"
"GME00125602","2019-03-26","51.2467","7.6431","387.0","LUDENSCHEID, GM","    0",",,E","    0",",,E","   66",",,E","   22",",,E"
"GME00125602","2019-03-27","51.2467","7.6431","387.0","LUDENSCHEID, GM","    0",",,E","    0",",,E","  102",",,E","    9",",,E"
"GME00125602","2019-03-28","51.2467","7.6431","387.0","LUDENSCHEID, GM","    0",",,E","    0",",,E","   99",",,E","   36",",,E"
"GME00125602","2019-03-29","51.2467","7.6431","387.0","LUDENSCHEID, GM","    0",",,E","    0",",,E","  161",",,E","    8",",,E"
"GME00125602","2019-03-30","51.2467","7.6431","387.0","LUDENSCHEID, GM","    0",",,E","    0",",,E","  170",",,E","   34",",,E"
"GME00125602","2019-03-31","51.2467","7.6431","387.0","LUDENSCHEID, GM","    2",",,E","    0",",,E","   94",",,E","   14",",,E"
"GME00125602","2019-04-01","51.2467","7.6431","387.0","LUDENSCHEID, GM","    0",",,E","    0",",,E","  146",",,E","   -8",",,E"
"GME00125602","2019-04-02","51.2467","7.6431","387.0","LUDENSCHEID, GM","   28",",,E","    0",",,E","  146",",,E","   38",",,E"
"GME00125602","2019-04-03","51.2467","7.6431","387.0","LUDENSCHEID, GM","   55",",,E","    0",",,E","   80",",,E","   35",",,E"
"GME00125602","2019-04-04","51.2467","7.6431","387.0","LUDENSCHEID, GM","  101",",,E","    0",",,E","   37",",,E","   12",",,E"
"GME00125602","2019-04-05","51.2467","7.6431","387.0","LUDENSCHEID, GM","    0",",,E","    0",",,E","   49",",,E","   24",",,E"
"GME00125602","2019-04-06","51.2467","7.6431","387.0","LUDENSCHEID, GM","    0",",,E","    0",",,E","  149",",,E","   47",",,E"
"GME00125602","2019-04-07","51.2467","7.6431","387.0","LUDENSCHEID, GM","    0",",,E","    0",",,E","  174",",,E","   76",",,E"
"GME00125602","2019-04-08","51.2467","7.6431","387.0","LUDENSCHEID, GM","    5",",,E","    0",",,E","  182",",,E","   63",",,E"
"GME00125602","2019-04-09","51.2467","7.6431","387.0","LUDENSCHEID, GM","    0",",,E","    0",",,E","  151",",,E","   44",",,E"
"GME00125602","2019-04-10","51.2467","7.6431","387.0","LUDENSCHEID, GM","    0",",,E","    0",",,E","  108",",,E","    1",",,E"
"GME00125602","2019-04-11","51.2467","7.6431","387.0","LUDENSCHEID, GM","    0",",,E","    0",",,E","   92",",,E","  -14",",,E"
"GME00125602","2019-04-12","51.2467","7.6431","387.0","LUDENSCHEID, GM","    1",",,E","    0",",,E","   40",",,E","   -9",",,E"
"GME00125602","2019-04-13","51.2467","7.6431","387.0","LUDENSCHEID, GM","   21",",,E","    0",",,E","   43",",,E","  -10",",,E"
"GME00125602","2019-04-14","51.2467","7.6431","387.0","LUDENSCHEID, GM","    0",",,E","    0",",,E","   81",",,E","   -8",",,E"
"GME00125602","2019-04-15","51.2467","7.6431","387.0","LUDENSCHEID, GM","    0",",,E","    0",",,E","  150",",,E","    5",",,E"
"GME00125602","2019-04-16","51.2467","7.6431","387.0","LUDENSCHEID, GM","    0",",,E","    0",",,E","  168",",,E","   34",",,E"
"GME00125602","2019-04-17","51.2467","7.6431","387.0","LUDENSCHEID, GM","    0",",,E","    0",",,E","  157",",,E","   77",",,E"
"GME00125602","2019-04-18","51.2467","7.6431","387.0","LUDENSCHEID, GM","    0",",,E","    0",",,E","  195",",,E","  102",",,E"
"GME00125602","2019-04-19","51.2467","7.6431","387.0","LUDENSCHEID, GM","    0",",,E","    0",",,E","  216",",,E","   93",",,E"
"GME00125602","2019-04-20","51.2467","7.6431","387.0","LUDENSCHEID, GM","    0",",,E","    0",",,E","  228",",,E","   89",",,E"
"GME00125602","2019-04-21","51.2467","7.6431","387.0","LUDENSCHEID, GM","    0",",,E","    0",",,E","  228",",,E","   79",",,E"
"GME00125602","2019-04-22","51.2467","7.6431","387.0","LUDENSCHEID, GM","    0",",,E","    0",",,E","  226",",,E","   98",",,E"
"GME00125602","2019-04-23","51.2467","7.6431","387.0","LUDENSCHEID, GM","    0",",,E","    0",",,E","  189",",,E","   79",",,E"
"GME00125602","2019-04-24","51.2467","7.6431","387.0","LUDENSCHEID, GM","   15",",,E","    0",",,E","  235",",,E","   76",",,E"
"GME00125602","2019-04-25","51.2467","7.6431","387.0","LUDENSCHEID, GM","    3",",,E","    0",",,E","  200",",,E","   73",",,E"
"GME00125602","2019-04-26","51.2467","7.6431","387.0","LUDENSCHEID, GM","    5",",,E","    0",",,E","  132",",,E","   77",",,E"
"GME00125602","2019-04-27","51.2467","7.6431","387.0","LUDENSCHEID, GM","   61",",,E","    0",",,E","  102",",,E","   48",",,E"
"GME00125602","2019-04-28","51.2467","7.6431","387.0","LUDENSCHEID, GM","    0",",,E","    0",",,E","  113",",,E","   28",",,E"
"GME00125602","2019-04-29","51.2467","7.6431","387.0","LUDENSCHEID, GM","    1",",,E","    0",",,E","  128",",,E","   11",",,E"
"GME00125602","2019-04-30","51.2467","7.6431","387.0","LUDENSCHEID, GM","    0",",,E","    0",",,E","  157",",,E","   67",",,E"
"GME00125602","2019-05-01","51.2467","7.6431","387.0","LUDENSCHEID, GM","    0",",,E",,,"  168",",,E","   33",",,E"
"GME00125602","2019-05-02","51.2467","7.6431","387.0","LUDENSCHEID, GM","   32",",,E",,,"  143",",,E","   44",",,E"
"GME00125602","2019-05-03","51.2467","7.6431","387.0","LUDENSCHEID, GM","   64",",,E",,,"  105",",,E","   32",",,E"
"GME00125602","2019-05-04","51.2467","7.6431","387.0","LUDENSCHEID, GM","   32",",,E",,,"   80",",,E","   -6",",,E"
"GME00125602","2019-05-05","51.2467","7.6431","387.0","LUDENSCHEID, GM","    9",",,E",,,"   90",",,E","  -26",",,E"
"GME00125602","2019-05-06","51.2467","7.6431","387.0","LUDENSCHEID, GM","   12",",,E",,,"   86",",,E","  -14",",,E"
"GME00125602","2019-05-07","51.2467","7.6431","387.0","LUDENSCHEID, GM","    0",",,E",,,"  100",",,E","   25",",,E"
"GME00125602","2019-05-08","51.2467","7.6431","387.0","LUDENSCHEID, GM","  106",",,E",,,"  107",",,E","   37",",,E"
"GME00125602","2019-05-09","51.2467","7.6431","387.0","LUDENSCHEID, GM","    7",",,E",,,"  136",",,E","   59",",,E"
"GME00125602","2019-05-10","51.2467","7.6431","387.0","LUDENSCHEID, GM","   63",",,E",,,"  129",",,E","   52",",,E"
"GME00125602","2019-05-11","51.2467","7.6431","387.0","LUDENSCHEID, GM","   27",",,E",,,"  105",",,E","   35",",,E"
"GME00125602","2019-05-12","51.2467","7.6431","387.0","LUDENSCHEID, GM","    0",",,E",,,"  120",",,E","   34",",,E"
"GME00125602","2019-05-13","51.2467","7.6431","387.0","LUDENSCHEID, GM","    0",",,E",,,"  135",",,E","    5",",,E"
"GME00125602","2019-05-14","51.2467","7.6431","387.0","LUDENSCHEID, GM","    0",",,E",,,"  136",",,E","    9",",,E"
"GME00125602","2019-05-15","51.2467","7.6431","387.0","LUDENSCHEID, GM","    0",",,E",,,"  136",",,E","    9",",,E"
"GME00125602","2019-05-16","51.2467","7.6431","387.0","LUDENSCHEID, GM","   29",",,E",,,"  127",",,E","   55",",,E"
"GME00125602","2019-05-17","51.2467","7.6431","387.0","LUDENSCHEID, GM","    0",",,E",,,"  131",",,E","   58",",,E"
"GME00125602","2019-05-18","51.2467","7.6431","387.0","LUDENSCHEID, GM","    6",",,E",,,"  207",",,E","   63",",,E"
"GME00125602","2019-05-19","51.2467","7.6431","387.0","LUDENSCHEID, GM","  228",",,E",,,"  199",",,E","   78",",,E"
"GME00125602","2019-05-20","51.2467","7.6431","387.0","LUDENSCHEID, GM","  120",",,E",,,"  132",",,E","   70",",,E"
"GME00125602","2019-05-21","51.2467","7.6431","387.0","LUDENSCHEID, GM","  103",",,E",,,"  119",",,E","   93",",,E"
"GME00125602","2019-05-22","51.2467","7.6431","387.0","LUDENSCHEID, GM","    1",",,E",,,"  158",",,E","   74",",,E"
"GME00125602","2019-05-23","51.2467","7.6431","387.0","LUDENSCHEID, GM","    0",",,E",,,"  198",",,E","   52",",,E"
"GME00125602","2019-05-24","51.2467","7.6431","387.0","LUDENSCHEID, GM","    0",",,E",,,"  215",",,E","   72",",,E"
"GME00125602","2019-05-25","51.2467","7.6431","387.0","LUDENSCHEID, GM","    0",",,E",,,"  169",",,E","   65",",,E"
"GME00125602","2019-05-26","51.2467","7.6431","387.0","LUDENSCHEID, GM","   44",",,E",,,"  186",",,E","   70",",,E"
"GME00125602","2019-05-27","51.2467","7.6431","387.0","LUDENSCHEID, GM","   14",",,E",,,"  179",",,E","  101",",,E"
"GME00125602","2019-05-28","51.2467","7.6431","387.0","LUDENSCHEID, GM","  123",",,E",,,"  151",",,E","   76",",,E"
"GME00125602","2019-05-29","51.2467","7.6431","387.0","LUDENSCHEID, GM","    0",",,E",,,"  177",",,E","   34",",,E"
"GME00125602","2019-05-30","51.2467","7.6431","387.0","LUDENSCHEID, GM","    0",",,E",,,"  161",",,E","  104",",,E"
"GME00125602","2019-05-31","51.2467","7.6431","387.0","LUDENSCHEID, GM","    0",",,E",,,"  218",",,E","  118",",,E"
"GME00125602","2019-06-01","51.2467","7.6431","387.0","LUDENSCHEID, GM","    0",",,E",,,"  248",",,E","  102",",,E"
"GME00125602","2019-06-02","51.2467","7.6431","387.0","LUDENSCHEID, GM","    0",",,E",,,"  282",",,E","  128",",,E"
"GME00125602","2019-06-03","51.2467","7.6431","387.0","LUDENSCHEID, GM","    6",",,E",,,"  258",",,E","  150",",,E"
"GME00125602","2019-06-04","51.2467","7.6431","387.0","LUDENSCHEID, GM","   14",",,E",,,"  259",",,E","  134",",,E"
"GME00125602","2019-06-05","51.2467","7.6431","387.0","LUDENSCHEID, GM","   17",",,E",,,"  258",",,E","  144",",,E"
"GME00125602","2019-06-06","51.2467","7.6431","387.0","LUDENSCHEID, GM","    0",",,E",,,"  169",",,E","   77",",,E"
"GME00125602","2019-06-07","51.2467","7.6431","387.0","LUDENSCHEID, GM","    1",",,E",,,"  229",",,E","   60",",,E"
"GME00125602","2019-06-08","51.2467","7.6431","387.0","LUDENSCHEID, GM","    3",",,E",,,"  175",",,E","   98",",,E"
"GME00125602","2019-06-09","51.2467","7.6431","387.0","LUDENSCHEID, GM","    0",",,E",,,"  213",",,E","   84",",,E"
"GME00125602","2019-06-10","51.2467","7.6431","387.0","LUDENSCHEID, GM","   55",",,E",,,"  227",",,E","  128",",,E"
"GME00125602","2019-06-11","51.2467","7.6431","387.0","LUDENSCHEID, GM","    0",",,E",,,"  195",",,E","  120",",,E"
"GME00125602","2019-06-12","51.2467","7.6431","387.0","LUDENSCHEID, GM","   89",",,E",,,"  172",",,E","  114",",,E"
"GME00125602","2019-06-13","51.2467","7.6431","387.0","LUDENSCHEID, GM","    2",",,E",,,"  195",",,E","   92",",,E"
"GME00125602","2019-06-14","51.2467","7.6431","387.0","LUDENSCHEID, GM","   36",",,E",,,"  255",",,E","   89",",,E"
"GME00125602","2019-06-15","51.2467","7.6431","387.0","LUDENSCHEID, GM","    0",",,E",,,"  212",",,E","  132",",,E"
"GME00125602","2019-06-16","51.2467","7.6431","387.0","LUDENSCHEID, GM","    0",",,E",,,"  203",",,E","  117",",,E"
"GME00125602","2019-06-17","51.2467","7.6431","387.0","LUDENSCHEID, GM","    0",",,E",,,"  254",",,E","   99",",,E"
"GME00125602","2019-06-18","51.2467","7.6431","387.0","LUDENSCHEID, GM","    0",",,E",,,"  273",",,E","  127",",,E"
"GME00125602","2019-06-19","51.2467","7.6431","387.0","LUDENSCHEID, GM","   92",",,E",,,"  281",",,E","  141",",,E"
"GME00125602","2019-06-20","51.2467","7.6431","387.0","LUDENSCHEID, GM","   23",",,E",,,"  217",",,E","  122",",,E"
"GME00125602","2019-06-21","51.2467","7.6431","387.0","LUDENSCHEID, GM","    0",",,E",,,"  195",",,E","  109",",,E"
"GME00125602","2019-06-22","51.2467","7.6431","387.0","LUDENSCHEID, GM","    0",",,E",,,"  232",",,E","   96",",,E"
"GME00125602","2019-06-23","51.2467","7.6431","387.0","LUDENSCHEID, GM","    0",",,E",,,"  280",",,E","  132",",,E"
"GME00125602","2019-06-24","51.2467","7.6431","387.0","LUDENSCHEID, GM","    0",",,E",,,"  300",",,E","  186",",,E"
"GME00125602","2019-06-25","51.2467","7.6431","387.0","LUDENSCHEID, GM","    0",",,E",,,"  334",",,E","  190",",,E"
"GME00125602","2019-06-26","51.2467","7.6431","387.0","LUDENSCHEID, GM","    0",",,E",,,"  309",",,E","  165",",,E"
"GME00125602","2019-06-27","51.2467","7.6431","387.0","LUDENSCHEID, GM","    0",",,E",,,"  238",",,E","  125",",,E"
"GME00125602","2019-06-28","51.2467","7.6431","387.0","LUDENSCHEID, GM","    0",",,E",,,"  250",",,E","   91",",,E"
"GME00125602","2019-06-29","51.2467","7.6431","387.0","LUDENSCHEID, GM","    0",",,E",,,"  325",",,E","  118",",,E"
"GME00125602","2019-06-30","51.2467","7.6431","387.0","LUDENSCHEID, GM","    0",",,E",,,"  319",",,E","  166",",,E"
"GME00125602","2019-07-01","51.2467","7.6431","387.0","LUDENSCHEID, GM","    0",",,E",,,"  250",",,E","  123",",,E"
"GME00125602","2019-07-02","51.2467","7.6431","387.0","LUDENSCHEID, GM","    0",",,E",,,"  212",",,E","   96",",,E"
"GME00125602","2019-07-03","51.2467","7.6431","387.0","LUDENSCHEID, GM","    0",",,E",,,"  201",",,E","   87",",,E"
"GME00125602","2019-07-04","51.2467","7.6431","387.0","LUDENSCHEID, GM","    0",",,E",,,"  226",",,E","   74",",,E"
"GME00125602","2019-07-05","51.2467","7.6431","387.0","LUDENSCHEID, GM","    0",",,E",,,"  248",",,E","  131",",,E"
"GME00125602","2019-07-06","51.2467","7.6431","387.0","LUDENSCHEID, GM","    1",",,E",,,"  266",",,E","  114",",,E"
"GME00125602","2019-07-07","51.2467","7.6431","387.0","LUDENSCHEID, GM","    0",",,E",,,"  176",",,E","   79",",,E"
"GME00125602","2019-07-08","51.2467","7.6431","387.0","LUDENSCHEID, GM","    0",",,E",,,"  156",",,E","   62",",,E"
"GME00125602","2019-07-09","51.2467","7.6431","387.0","LUDENSCHEID, GM","    0",",,E",,,"  190",",,E","   70",",,E"
"GME00125602","2019-07-10","51.2467","7.6431","387.0","LUDENSCHEID, GM","   36",",,E",,,"  221",",,E","   74",",,E"
"GME00125602","2019-07-11","51.2467","7.6431","387.0","LUDENSCHEID, GM","   69",",,E",,,"  206",",,E","  123",",,E"
"GME00125602","2019-07-12","51.2467","7.6431","387.0","LUDENSCHEID, GM","   30",",,E",,,"  222",",,E","  117",",,E"
"GME00125602","2019-07-13","51.2467","7.6431","387.0","LUDENSCHEID, GM","    1",",,E",,,"  201",",,E","  130",",,E"
"GME00125602","2019-07-14","51.2467","7.6431","387.0","LUDENSCHEID, GM","    0",",,E",,,"  154",",,E","  104",",,E"
"GME00125602","2019-07-15","51.2467","7.6431","387.0","LUDENSCHEID, GM","    0",",,E",,,"  140",",,E","   89",",,E"
"GME00125602","2019-07-16","51.2467","7.6431","387.0","LUDENSCHEID, GM","    0",",,E",,,"  161",",,E","   86",",,E"
"GME00125602","2019-07-17","51.2467","7.6431","387.0","LUDENSCHEID, GM","    0",",,E",,,"  172",",,E","  104",",,E"
"GME00125602","2019-07-18","51.2467","7.6431","387.0","LUDENSCHEID, GM","   46",",,E",,,"  253",",,E","   80",",,E"
"GME00125602","2019-07-19","51.2467","7.6431","387.0","LUDENSCHEID, GM","    0",",,E",,,"  233",",,E","  141",",,E"
"GME00125602","2019-07-20","51.2467","7.6431","387.0","LUDENSCHEID, GM","  108",",,E",,,"  270",",,E","  135",",,E"
"GME00125602","2019-07-21","51.2467","7.6431","387.0","LUDENSCHEID, GM","    0",",,E",,,"  232",",,E","  131",",,E"
"GME00125602","2019-07-22","51.2467","7.6431","387.0","LUDENSCHEID, GM","    0",",,E",,,"  271",",,E","  130",",,E"
"GME00125602","2019-07-23","51.2467","7.6431","387.0","LUDENSCHEID, GM","    0",",,E",,,"  317",",,E","  145",",,E"
"GME00125602","2019-07-24","51.2467","7.6431","387.0","LUDENSCHEID, GM","    0",",,E",,,"  360",",,E","  184",",,E"
"GME00125602","2019-07-25","51.2467","7.6431","387.0","LUDENSCHEID, GM","    0",",,E",,,"  379",",,E","  209",",,E"
"GME00125602","2019-07-26","51.2467","7.6431","387.0","LUDENSCHEID, GM","    0",",,E",,,"  364",",,E","  206",",,E"
"GME00125602","2019-07-27","51.2467","7.6431","387.0","LUDENSCHEID, GM","    0",",,E",,,"  282",",,E","  187",",,E"
"GME00125602","2019-07-28","51.2467","7.6431","387.0","LUDENSCHEID, GM","    7",",,E",,,"  222",",,E","  154",",,E"
"GME00125602","2019-07-29","51.2467","7.6431","387.0","LUDENSCHEID, GM","    0",",,E",,,"  242",",,E","  146",",,E"
"GME00125602","2019-07-30","51.2467","7.6431","387.0","LUDENSCHEID, GM","    5",",,E",,,"  290",",,E","  128",",,E"
"GME00125602","2019-07-31","51.2467","7.6431","387.0","LUDENSCHEID, GM","    0",",,E",,,"  231",",,E","  140",",,E"
"GME00125602","2019-08-01","51.2467","7.6431","387.0","LUDENSCHEID, GM","    0",",,E",,,"  223",",,E","  114",",,E"
"GME00125602","2019-08-02","51.2467","7.6431","387.0","LUDENSCHEID, GM","  157",",,E",,,"  246",",,E","  123",",,E"
"GME00125602","2019-08-03","51.2467","7.6431","387.0","LUDENSCHEID, GM","    0",",,E",,,"  213",",,E","  118",",,E"
"GME00125602","2019-08-04","51.2467","7.6431","387.0","LUDENSCHEID, GM","    0",",,E",,,"  258",",,E","  112",",,E"
"GME00125602","2019-08-05","51.2467","7.6431","387.0","LUDENSCHEID, GM","    5",",,E",,,"  261",",,E","  163",",,E"
"GME00125602","2019-08-06","51.2467","7.6431","387.0","LUDENSCHEID, GM","    2",",,E",,,"  235",",,E","  163",",,E"
"GME00125602","2019-08-07","51.2467","7.6431","387.0","LUDENSCHEID, GM","    0",",,E",,,"  231",",,E","  144",",,E"
"GME00125602","2019-08-08","51.2467","7.6431","387.0","LUDENSCHEID, GM","    0",",,E",,,"  222",",,E","  122",",,E"
"GME00125602","2019-08-09","51.2467","7.6431","387.0","LUDENSCHEID, GM","   24",",,E",,,"  242",",,E","  134",",,E"
"GME00125602","2019-08-10","51.2467","7.6431","387.0","LUDENSCHEID, GM","    0",",,E",,,"  236",",,E","  162",",,E"
"GME00125602","2019-08-11","51.2467","7.6431","387.0","LUDENSCHEID, GM","    0",",,E",,,"  217",",,E","  124",",,E"
"GME00125602","2019-08-12","51.2467","7.6431","387.0","LUDENSCHEID, GM","   28",",,E",,,"  220",",,E","  113",",,E"
"GME00125602","2019-08-13","51.2467","7.6431","387.0","LUDENSCHEID, GM","   10",",,E",,,"  191",",,E","   94",",,E"
"GME00125602","2019-08-14","51.2467","7.6431","387.0","LUDENSCHEID, GM","   14",",,E",,,"  208",",,E","   78",",,E"
"GME00125602","2019-08-15","51.2467","7.6431","387.0","LUDENSCHEID, GM","   42",",,E",,,"  192",",,E","  128",",,E"
"GME00125602","2019-08-16","51.2467","7.6431","387.0","LUDENSCHEID, GM","    3",",,E",,,"  214",",,E","  110",",,E"
"GME00125602","2019-08-17","51.2467","7.6431","387.0","LUDENSCHEID, GM","   24",",,E",,,"  197",",,E","  158",",,E"
"GME00125602","2019-08-18","51.2467","7.6431","387.0","LUDENSCHEID, GM","   65",",,E",,,"  192",",,E","  123",",,E"
"GME00125602","2019-08-19","51.2467","7.6431","387.0","LUDENSCHEID, GM","    0",",,E",,,"  207",",,E","  106",",,E"
"GME00125602","2019-08-20","51.2467","7.6431","387.0","LUDENSCHEID, GM","    0",",,E",,,"  191",",,E","  101",",,E"
"GME00125602","2019-08-21","51.2467","7.6431","387.0","LUDENSCHEID, GM","    0",",,E",,,"  214",",,E","   84",",,E"
"GME00125602","2019-08-22","51.2467","7.6431","387.0","LUDENSCHEID, GM","    0",",,E",,,"  247",",,E","   91",",,E"
"GME00125602","2019-08-23","51.2467","7.6431","387.0","LUDENSCHEID, GM","    0",",,E",,,"  274",",,E","   98",",,E"
"GME00125602","2019-08-24","51.2467","7.6431","387.0","LUDENSCHEID, GM","    0",",,E",,,"  298",",,E","  123",",,E"
"GME00125602","2019-08-25","51.2467","7.6431","387.0","LUDENSCHEID, GM","    8",",,E",,,"  289",",,E","  154",",,E"
"GME00125602","2019-08-26","51.2467","7.6431","387.0","LUDENSCHEID, GM","    3",",,E",,,"  319",",,E","  167",",,E"
"GME00125602","2019-08-27","51.2467","7.6431","387.0","LUDENSCHEID, GM","    0",",,E",,,"  323",",,E","  158",",,E"
"GME00125602","2019-08-28","51.2467","7.6431","387.0","LUDENSCHEID, GM","    0",",,E",,,"  296",",,E","  174",",,E"
"GME00125602","2019-08-29","51.2467","7.6431","387.0","LUDENSCHEID, GM","    0",",,E",,,"  246",",,E","  160",",,E"
"GME00125602","2019-08-30","51.2467","7.6431","387.0","LUDENSCHEID, GM","    0",",,E",,,"  258",",,E","  138",",,E"
"GME00125602","2019-08-31","51.2467","7.6431","387.0","LUDENSCHEID, GM","   15",",,E",,,"  306",",,E","  129",",,E"
"GME00125602","2019-09-01","51.2467","7.6431","387.0","LUDENSCHEID, GM","   18",",,E",,,"  182",",,E","  100",",,E"
"GME00125602","2019-09-02","51.2467","7.6431","387.0","LUDENSCHEID, GM","    0",",,E",,,"  197",",,E","   72",",,E"
"GME00125602","2019-09-03","51.2467","7.6431","387.0","LUDENSCHEID, GM","    0",",,E",,,"  179",",,E","   88",",,E"
"GME00125602","2019-09-04","51.2467","7.6431","387.0","LUDENSCHEID, GM","   14",",,E",,,"  230",",,E","  115",",,E"
"GME00125602","2019-09-05","51.2467","7.6431","387.0","LUDENSCHEID, GM","    0",",,E",,,"  181",",,E","   68",",,E"
"GME00125602","2019-09-06","51.2467","7.6431","387.0","LUDENSCHEID, GM","    6",",,E",,,"  178",",,E","   43",",,E"
"GME00125602","2019-09-07","51.2467","7.6431","387.0","LUDENSCHEID, GM","   65",",,E",,,"  164",",,E","   77",",,E"
"GME00125602","2019-09-08","51.2467","7.6431","387.0","LUDENSCHEID, GM","   10",",,E",,,"  130",",,E","   75",",,E"
"GME00125602","2019-09-09","51.2467","7.6431","387.0","LUDENSCHEID, GM","    0",",,E",,,"  155",",,E","   76",",,E"
"GME00125602","2019-09-10","51.2467","7.6431","387.0","LUDENSCHEID, GM","    0",",,E",,,"  186",",,E","   38",",,E"
"GME00125602","2019-09-11","51.2467","7.6431","387.0","LUDENSCHEID, GM","   27",",,E",,,"  195",",,E","   60",",,E"
"GME00125602","2019-09-12","51.2467","7.6431","387.0","LUDENSCHEID, GM","    3",",,E",,,"  210",",,E","  127",",,E"
"GME00125602","2019-09-13","51.2467","7.6431","387.0","LUDENSCHEID, GM","    3",",,E",,,"  187",",,E","  100",",,E"
"GME00125602","2019-09-14","51.2467","7.6431","387.0","LUDENSCHEID, GM","    0",",,E",,,"  209",",,E","   72",",,E"
"GME00125602","2019-09-15","51.2467","7.6431","387.0","LUDENSCHEID, GM","    1",",,E",,,"  233",",,E","   82",",,E"
"GME00125602","2019-09-16","51.2467","7.6431","387.0","LUDENSCHEID, GM","   32",",,E",,,"  165",",,E","   94",",,E"
"GME00125602","2019-09-17","51.2467","7.6431","387.0","LUDENSCHEID, GM","    0",",,E",,,"  150",",,E","   69",",,E"
"GME00125602","2019-09-18","51.2467","7.6431","387.0","LUDENSCHEID, GM","    0",",,E",,,"  158",",,E","   42",",,E"
"GME00125602","2019-09-19","51.2467","7.6431","387.0","LUDENSCHEID, GM","    0",",,E",,,"  147",",,E","   42",",,E"
"GME00125602","2019-09-20","51.2467","7.6431","387.0","LUDENSCHEID, GM","    0",",,E",,,"  187",",,E","   22",",,E"
"GME00125602","2019-09-21","51.2467","7.6431","387.0","LUDENSCHEID, GM","    0",",,E",,,"  234",",,E","   55",",,E"
"GME00125602","2019-09-22","51.2467","7.6431","387.0","LUDENSCHEID, GM","   26",",,E",,,"  260",",,E","  131",",,E"
"GME00125602","2019-09-23","51.2467","7.6431","387.0","LUDENSCHEID, GM","   14",",,E",,,"  180",",,E","  108",",,E"
"GME00125602","2019-09-24","51.2467","7.6431","387.0","LUDENSCHEID, GM","   36",",,E",,,"  176",",,E","   69",",,E"
"GME00125602","2019-09-25","51.2467","7.6431","387.0","LUDENSCHEID, GM","   39",",,E",,,"  158",",,E","  120",",,E"
"GME00125602","2019-09-26","51.2467","7.6431","387.0","LUDENSCHEID, GM","  113",",,E",,,"  156",",,E","  127",",,E"
"GME00125602","2019-09-27","51.2467","7.6431","387.0","LUDENSCHEID, GM","   29",",,E",,,"  181",",,E","  115",",,E"
"GME00125602","2019-09-28","51.2467","7.6431","387.0","LUDENSCHEID, GM","  141",",,E",,,"  143",",,E","  113",",,E"
"GME00125602","2019-09-29","51.2467","7.6431","387.0","LUDENSCHEID, GM","  155",",,E",,,"  146",",,E","  113",",,E"
"GME00125602","2019-09-30","51.2467","7.6431","387.0","LUDENSCHEID, GM","   58",",,E",,,"  148",",,E","  104",",,E"
"GME00125602","2019-10-01","51.2467","7.6431","387.0","LUDENSCHEID, GM","  193",",,E",,,"  148",",,E","  110",",,E"
"GME00125602","2019-10-02","51.2467","7.6431","387.0","LUDENSCHEID, GM","   18",",,E","    0",",,E","  123",",,E","   51",",,E"
"GME00125602","2019-10-03","51.2467","7.6431","387.0","LUDENSCHEID, GM","    1",",,E","    0",",,E","  118",",,E","   69",",,E"
"GME00125602","2019-10-04","51.2467","7.6431","387.0","LUDENSCHEID, GM","  102",",,E","    0",",,E","  110",",,E","   73",",,E"
"GME00125602","2019-10-05","51.2467","7.6431","387.0","LUDENSCHEID, GM","    0",",,E","    0",",,E","  100",",,E","   47",",,E"
"GME00125602","2019-10-06","51.2467","7.6431","387.0","LUDENSCHEID, GM","   67",",,E","    0",",,E","   78",",,E","   54",",,E"
"GME00125602","2019-10-07","51.2467","7.6431","387.0","LUDENSCHEID, GM","   32",",,E","    0",",,E","  100",",,E","   56",",,E"
"GME00125602","2019-10-08","51.2467","7.6431","387.0","LUDENSCHEID, GM","   50",",,E","    0",",,E","  123",",,E","   94",",,E"
"GME00125602","2019-10-09","51.2467","7.6431","387.0","LUDENSCHEID, GM","   75",",,E","    0",",,E","  122",",,E","   80",",,E"
"GME00125602","2019-10-10","51.2467","7.6431","387.0","LUDENSCHEID, GM","    0",",,E","    0",",,E","  129",",,E","   74",",,E"
"GME00125602","2019-10-11","51.2467","7.6431","387.0","LUDENSCHEID, GM","    0",",,E","    0",",,E","  141",",,E","   90",",,E"
"GME00125602","2019-10-12","51.2467","7.6431","387.0","LUDENSCHEID, GM","    7",",,E","    0",",,E","  169",",,E","  119",",,E"
"GME00125602","2019-10-13","51.2467","7.6431","387.0","LUDENSCHEID, GM","   20",",,E","    0",",,E","  213",",,E","  147",",,E"
"GME00125602","2019-10-14","51.2467","7.6431","387.0","LUDENSCHEID, GM","    0",",,E","    0",",,E","  214",",,E","  130",",,E"
"GME00125602","2019-10-15","51.2467","7.6431","387.0","LUDENSCHEID, GM","  122",",,E","    0",",,E","  186",",,E","  100",",,E"
"GME00125602","2019-10-16","51.2467","7.6431","387.0","LUDENSCHEID, GM","   47",",,E","    0",",,E","  133",",,E","   94",",,E"
"GME00125602","2019-10-17","51.2467","7.6431","387.0","LUDENSCHEID, GM","   20",",,E","    0",",,E","  146",",,E","  111",",,E"
"GME00125602","2019-10-18","51.2467","7.6431","387.0","LUDENSCHEID, GM","   30",",,E","    0",",,E","  148",",,E","   86",",,E"
"GME00125602","2019-10-19","51.2467","7.6431","387.0","LUDENSCHEID, GM","   78",",,E","    0",",,E","  132",",,E","   84",",,E"
"GME00125602","2019-10-20","51.2467","7.6431","387.0","LUDENSCHEID, GM","  223",",,E","    0",",,E","  127",",,E","   95",",,E"
"GME00125602","2019-10-21","51.2467","7.6431","387.0","LUDENSCHEID, GM","    0",",,E","    0",",,E","  162",",,E","   92",",,E"
"GME00125602","2019-10-22","51.2467","7.6431","387.0","LUDENSCHEID, GM","    0",",,E","    0",",,E","  128",",,E","   79",",,E"
"GME00125602","2019-10-23","51.2467","7.6431","387.0","LUDENSCHEID, GM","    0",",,E","    0",",,E","  189",",,E","   74",",,E"
"GME00125602","2019-10-24","51.2467","7.6431","387.0","LUDENSCHEID, GM","    3",",,E","    0",",,E","  184",",,E","   96",",,E"
"GME00125602","2019-10-25","51.2467","7.6431","387.0","LUDENSCHEID, GM","    0",",,E","    0",",,E","  145",",,E","  102",",,E"
"GME00125602","2019-10-26","51.2467","7.6431","387.0","LUDENSCHEID, GM","   36",",,E","    0",",,E","  175",",,E","  113",",,E"
"GME00125602","2019-10-27","51.2467","7.6431","387.0","LUDENSCHEID, GM","    9",",,E","    0",",,E","  147",",,E","   22",",,E"
"GME00125602","2019-10-28","51.2467","7.6431","387.0","LUDENSCHEID, GM","    0",",,E","    0",",,E","   95",",,E","    2",",,E"
"GME00125602","2019-10-29","51.2467","7.6431","387.0","LUDENSCHEID, GM","    0",",,E","    0",",,E","   93",",,E","    7",",,E"
"GME00125602","2019-10-30","51.2467","7.6431","387.0","LUDENSCHEID, GM","    0",",,E","    0",",,E","   63",",,E","  -30",",,E"
"GME00125602","2019-10-31","51.2467","7.6431","387.0","LUDENSCHEID, GM","    0",",,E","    0",",,E","   80",",,E","  -19",",,E"
"GME00125602","2019-11-01","51.2467","7.6431","387.0","LUDENSCHEID, GM","   83",",,E","    0",",,E","  104",",,E","   25",",,E"
"GME00125602","2019-11-02","51.2467","7.6431","387.0","LUDENSCHEID, GM","   42",",,E","    0",",,E","  130",",,E","   88",",,E"
"GME00125602","2019-11-03","51.2467","7.6431","387.0","LUDENSCHEID, GM","   14",",,E","    0",",,E","  119",",,E","   82",",,E"
"GME00125602","2019-11-04","51.2467","7.6431","387.0","LUDENSCHEID, GM","   84",",,E","    0",",,E","  103",",,E","   71",",,E"
"GME00125602","2019-11-05","51.2467","7.6431","387.0","LUDENSCHEID, GM","   31",",,E","    0",",,E","   84",",,E","   60",",,E"
"GME00125602","2019-11-06","51.2467","7.6431","387.0","LUDENSCHEID, GM","   40",",,E","    0",",,E","   77",",,E","   41",",,E"
"GME00125602","2019-11-07","51.2467","7.6431","387.0","LUDENSCHEID, GM","   18",",,E","    0",",,E","   81",",,E","   34",",,E"
"GME00125602","2019-11-08","51.2467","7.6431","387.0","LUDENSCHEID, GM","    0",",,E","    0",",,E","   76",",,E","   -4",",,E"
"GME00125602","2019-11-09","51.2467","7.6431","387.0","LUDENSCHEID, GM","   12",",,E","    0",",,E","   47",",,E","   -2",",,E"
"GME00125602","2019-11-10","51.2467","7.6431","387.0","LUDENSCHEID, GM","    0",",,E","    0",",,E","   71",",,E","  -32",",,E"
"GME00125602","2019-11-11","51.2467","7.6431","387.0","LUDENSCHEID, GM","   22",",,E","    0",",,E","   41",",,E","  -18",",,E"
"GME00125602","2019-11-12","51.2467","7.6431","387.0","LUDENSCHEID, GM","   31",",,E","    0",",,E","   40",",,E","    5",",,E"
"GME00125602","2019-11-13","51.2467","7.6431","387.0","LUDENSCHEID, GM","   28",",,E","    0",",,E","   38",",,E","    4",",,E"
"GME00125602","2019-11-14","51.2467","7.6431","387.0","LUDENSCHEID, GM","    0",",,E","    0",",,E","   62",",,E","   -1",",,E"
"GME00125602","2019-11-15","51.2467","7.6431","387.0","LUDENSCHEID, GM","    0",",,E","    0",",,E","   55",",,E","  -10",",,E"
"GME00125602","2019-11-16","51.2467","7.6431","387.0","LUDENSCHEID, GM","    0",",,E","    0",",,E","   65",",,E","    4",",,E"
"GME00125602","2019-11-17","51.2467","7.6431","387.0","LUDENSCHEID, GM","  125",",,E","    0",",,E","   37",",,E","  -22",",,E"
"GME00125602","2019-11-18","51.2467","7.6431","387.0","LUDENSCHEID, GM","  209",",,E","    0",",,E","   32",",,E","    1",",,E"
"GME00125602","2019-11-19","51.2467","7.6431","387.0","LUDENSCHEID, GM","   33",",,E","    0",",,E","   31",",,E","    5",",,E"
"GME00125602","2019-11-20","51.2467","7.6431","387.0","LUDENSCHEID, GM","    0",",,E","    0",",,E","   38",",,E","  -24",",,E"
"GME00125602","2019-11-21","51.2467","7.6431","387.0","LUDENSCHEID, GM","    0",",,E","    0",",,E","   53",",,E","  -27",",,E"
"GME00125602","2019-11-22","51.2467","7.6431","387.0","LUDENSCHEID, GM","    7",",,E","    0",",,E","   73",",,E","   17",",,E"
"GME00125602","2019-11-23","51.2467","7.6431","387.0","LUDENSCHEID, GM","    0",",,E","    0",",,E","  116",",,E","   31",",,E"
"GME00125602","2019-11-24","51.2467","7.6431","387.0","LUDENSCHEID, GM","    0",",,E","    0",",,E","  118",",,E","   29",",,E"
"GME00125602","2019-11-25","51.2467","7.6431","387.0","LUDENSCHEID, GM","    0",",,E","    0",",,E","   84",",,E","   27",",,E"
"GME00125602","2019-11-26","51.2467","7.6431","387.0","LUDENSCHEID, GM","    5",",,E","    0",",,E","   87",",,E","   51",",,E"
"GME00125602","2019-11-27","51.2467","7.6431","387.0","LUDENSCHEID, GM","  130",",,E","    0",",,E","   95",",,E","   79",",,E"
"GME00125602","2019-11-28","51.2467","7.6431","387.0","LUDENSCHEID, GM","  176",",,E","    0",",,E","   86",",,E","   59",",,E"
"GME00125602","2019-11-29","51.2467","7.6431","387.0","LUDENSCHEID, GM","    0",",,E","    0",",,E","   60",",,E","    6",",,E"
"GME00125602","2019-11-30","51.2467","7.6431","387.0","LUDENSCHEID, GM","    0",",,E","    0",",,E","   19",",,E","  -31",",,E"
"GME00125602","2019-12-01","51.2467","7.6431","387.0","LUDENSCHEID, GM","    0",",,E","    0",",,E","    2",",,E","  -34",",,E"
"GME00125602","2019-12-02","51.2467","7.6431","387.0","LUDENSCHEID, GM","   43",",,E","    0",",,E","   35",",,E","  -33",",,E"
"GME00125602","2019-12-03","51.2467","7.6431","387.0","LUDENSCHEID, GM","    3",",,E","    0",",,E","   53",",,E","   21",",,E"
"GME00125602","2019-12-04","51.2467","7.6431","387.0","LUDENSCHEID, GM","    0",",,E","    0",",,E","   59",",,E","  -13",",,E"
"GME00125602","2019-12-05","51.2467","7.6431","387.0","LUDENSCHEID, GM","    0",",,E","    0",",,E","   24",",,E","  -24",",,E"
"GME00125602","2019-12-06","51.2467","7.6431","387.0","LUDENSCHEID, GM","  120",",,E","    0",",,E","   52",",,E","  -11",",,E"
"GME00125602","2019-12-07","51.2467","7.6431","387.0","LUDENSCHEID, GM","   16",",,E","    0",",,E","   66",",,E","   52",",,E"
"GME00125602","2019-12-08","51.2467","7.6431","387.0","LUDENSCHEID, GM","   68",",,E","    0",",,E","   85",",,E","   37",",,E"
"GME00125602","2019-12-09","51.2467","7.6431","387.0","LUDENSCHEID, GM","  147",",,E","    0",",,E","   48",",,E","   15",",,E"
"GME00125602","2019-12-10","51.2467","7.6431","387.0","LUDENSCHEID, GM","   37",",,E","    0",",,E","   34",",,E","  -17",",,E"
"GME00125602","2019-12-11","51.2467","7.6431","387.0","LUDENSCHEID, GM","   33",",,E","    0",",,E","   36",",,E","    8",",,E"
"GME00125602","2019-12-12","51.2467","7.6431","387.0","LUDENSCHEID, GM","   13",",,E","    0",",,E","   34",",,E","    7",",,E"
"GME00125602","2019-12-13","51.2467","7.6431","387.0","LUDENSCHEID, GM","   89",",,E","   10",",,E","   38",",,E","   -3",",,E"
"GME00125602","2019-12-14","51.2467","7.6431","387.0","LUDENSCHEID, GM","   97",",,E","    0",",,E","   46",",,E","    9",",,E"
"GME00125602","2019-12-15","51.2467","7.6431","387.0","LUDENSCHEID, GM","   46",",,E","    0",",,E","   74",",,E","   31",",,E"
"GME00125602","2019-12-16","51.2467","7.6431","387.0","LUDENSCHEID, GM","    6",",,E","    0",",,E","   97",",,E","   39",",,E"
"GME00125602","2019-12-17","51.2467","7.6431","387.0","LUDENSCHEID, GM","   98",",,E","    0",",,E","  132",",,E","   74",",,E"
"GME00125602","2019-12-18","51.2467","7.6431","387.0","LUDENSCHEID, GM","    0",",,E","    0",",,E","   88",",,E","   48",",,E"
"GME00125602","2019-12-19","51.2467","7.6431","387.0","LUDENSCHEID, GM","    0",",,E","    0",",,E","  125",",,E","   85",",,E"
"GME00125602","2019-12-20","51.2467","7.6431","387.0","LUDENSCHEID, GM","   65",",,E","    0",",,E","  116",",,E","   58",",,E"
"GME00125602","2019-12-21","51.2467","7.6431","387.0","LUDENSCHEID, GM","   14",",,E","    0",",,E","   76",",,E","   45",",,E"
"GME00125602","2019-12-22","51.2467","7.6431","387.0","LUDENSCHEID, GM","  126",",,E","    0",",,E","   73",",,E","   42",",,E"
"GME00125602","2019-12-23","51.2467","7.6431","387.0","LUDENSCHEID, GM","   54",",,E","    0",",,E","   59",",,E","   39",",,E"
"GME00125602","2019-12-24","51.2467","7.6431","387.0","LUDENSCHEID, GM","  116",",,E","    0",",,E","   72",",,E","   42",",,E"
"GME00125602","2019-12-25","51.2467","7.6431","387.0","LUDENSCHEID, GM","   49",",,E","    0",",,E","   65",",,E","   22",",,E"
"GME00125602","2019-12-26","51.2467","7.6431","387.0","LUDENSCHEID, GM","    0",",,E","    0",",,E","   41",",,E","   21",",,E"
"GME00125602","2019-12-27","51.2467","7.6431","387.0","LUDENSCHEID, GM","    0",",,E","    0",",,E","   43",",,E","  -37",",,E"
"GME00125602","2019-12-28","51.2467","7.6431","387.0","LUDENSCHEID, GM","    0",",,E","    0",",,E","   11",",,E","  -49",",,E"
"GME00125602","2019-12-29","51.2467","7.6431","387.0","LUDENSCHEID, GM","    0",",,E","    0",",,E","   53",",,E","  -42",",,E"
"GME00125602","2019-12-30","51.2467","7.6431","387.0","LUDENSCHEID, GM","    0",",,E","    0",",,E","  104",",,E","   28",",,E"
"GME00125602","2019-12-31","51.2467","7.6431","387.0","LUDENSCHEID, GM","    4",",,E","    0",",,E","   37",",,E","  -24",",,E"
"GME00125602","2020-01-01","51.2467","7.6431","387.0","LUDENSCHEID, GM","    0",",,E","    0",",,E","   73",",,E","  -35",",,E"
"GME00125602","2020-01-02","51.2467","7.6431","387.0","LUDENSCHEID, GM","    1",",,E","    0",",,E","   32",",,E","  -28",",,E"
"GME00125602","2020-01-03","51.2467","7.6431","387.0","LUDENSCHEID, GM","  122",",,E","    0",",,E","   77",",,E","   25",",,E"
"GME00125602","2020-01-04","51.2467","7.6431","387.0","LUDENSCHEID, GM","   65",",,E","    0",",,E","   46",",,E","   19",",,E"
"GME00125602","2020-01-05","51.2467","7.6431","387.0","LUDENSCHEID, GM","    1",",,E","    0",",,E","   46",",,E","   24",",,E"
"GME00125602","2020-01-06","51.2467","7.6431","387.0","LUDENSCHEID, GM","    9",",,E","    0",",,E","   45",",,E","    6",",,E"
"GME00125602","2020-01-07","51.2467","7.6431","387.0","LUDENSCHEID, GM","    1",",,E","    0",",,E","   53",",,E","    6",",,E"
"GME00125602","2020-01-08","51.2467","7.6431","387.0","LUDENSCHEID, GM","   53",",,E","    0",",,E","   83",",,E","   35",",,E"
"GME00125602","2020-01-09","51.2467","7.6431","387.0","LUDENSCHEID, GM","   52",",,E","    0",",,E","  103",",,E","   81",",,E"
"GME00125602","2020-01-10","51.2467","7.6431","387.0","LUDENSCHEID, GM","   91",",,E","    0",",,E","   82",",,E","   25",",,E"
"GME00125602","2020-01-11","51.2467","7.6431","387.0","LUDENSCHEID, GM","    0",",,E","    0",",,E","   37",",,E","   11",",,E"
"GME00125602","2020-01-12","51.2467","7.6431","387.0","LUDENSCHEID, GM","    9",",,E","    0",",,E","   52",",,E","    3",",,E"
"GME00125602","2020-01-13","51.2467","7.6431","387.0","LUDENSCHEID, GM","    5",",,E","    0",",,E","   61",",,E","   37",",,E"
"GME00125602","2020-01-14","51.2467","7.6431","387.0","LUDENSCHEID, GM","   19",",,E","    0",",,E","   96",",,E","   59",",,E"
"GME00125602","2020-01-15","51.2467","7.6431","387.0","LUDENSCHEID, GM","   19",",,E","    0",",,E","  105",",,E","   61",",,E"
"GME00125602","2020-01-16","51.2467","7.6431","387.0","LUDENSCHEID, GM","    0",",,E","    0",",,E","   94",",,E","   11",",,E"
"GME00125602","2020-01-17","51.2467","7.6431","387.0","LUDENSCHEID, GM","   17",",,E","    0",",,E","   93",",,E","   36",",,E"
"GME00125602","2020-01-18","51.2467","7.6431","387.0","LUDENSCHEID, GM","   58",",,E","    0",",,E","   36",",,E","    6",",,E"
"GME00125602","2020-01-19","51.2467","7.6431","387.0","LUDENSCHEID, GM","   16",",,E","    0",",,E","   27",",,E","    2",",,E"
"GME00125602","2020-01-20","51.2467","7.6431","387.0","LUDENSCHEID, GM","    0",",,E","    0",",,E","   44",",,E","  -34",",,E"
"GME00125602","2020-01-21","51.2467","7.6431","387.0","LUDENSCHEID, GM","    0",",,E","    0",",,E","   50",",,E","  -52",",,E"
"GME00125602","2020-01-22","51.2467","7.6431","387.0","LUDENSCHEID, GM","    2",",,E","    0",",,E","   13",",,E","  -60",",,E"
"GME00125602","2020-01-23","51.2467","7.6431","387.0","LUDENSCHEID, GM","    0",",,E","    0",",,E","   11",",,E","  -25",",,E"
"GME00125602","2020-01-24","51.2467","7.6431","387.0","LUDENSCHEID, GM","    0",",,E","    0",",,E","  -11",",,E","  -35",",,E"
"GME00125602","2020-01-25","51.2467","7.6431","387.0","LUDENSCHEID, GM","    0",",,E","    0",",,E","   11",",,E","  -32",",,E"
"GME00125602","2020-01-26","51.2467","7.6431","387.0","LUDENSCHEID, GM","   15",",,E","    0",",,E","   62",",,E","  -29",",,E"
"GME00125602","2020-01-27","51.2467","7.6431","387.0","LUDENSCHEID, GM","  125",",,E","    0",",,E","   59",",,E","   40",",,E"
"GME00125602","2020-01-28","51.2467","7.6431","387.0","LUDENSCHEID, GM","   73",",,E","    0",",,E","   50",",,E","    0",",,E"
"GME00125602","2020-01-29","51.2467","7.6431","387.0","LUDENSCHEID, GM","   23",",,E","    0",",,E","   35",",,E","   10",",,E"
"GME00125602","2020-01-30","51.2467","7.6431","387.0","LUDENSCHEID, GM","   49",",,E","    0",",,E","  100",",,E","   28",",,E"
"GME00125602","2020-01-31","51.2467","7.6431","387.0","LUDENSCHEID, GM","    1",",,E","    0",",,E","  111",",,E","   79",",,E"
"GME00125602","2020-02-01","51.2467","7.6431","387.0","LUDENSCHEID, GM","  196",",,E","    0",",,E","   99",",,E","   60",",,E"
"GME00125602","2020-02-02","51.2467","7.6431","387.0","LUDENSCHEID, GM","   40",",,E","    0",",,E","  104",",,E","   43",",,E"
"GME00125602","2020-02-03","51.2467","7.6431","387.0","LUDENSCHEID, GM","  155",",,E","    0",",,E","   85",",,E","   33",",,E"
"GME00125602","2020-02-04","51.2467","7.6431","387.0","LUDENSCHEID, GM","   37",",,E","    0",",,E","   36",",,E","    3",",,E"
"GME00125602","2020-02-05","51.2467","7.6431","387.0","LUDENSCHEID, GM","    0",",,E","    0",",,E","   52",",,E","   -5",",,E"
"GME00125602","2020-02-06","51.2467","7.6431","387.0","LUDENSCHEID, GM","    0",",,E","    0",",,E","   40",",,E","    1",",,E"
"GME00125602","2020-02-07","51.2467","7.6431","387.0","LUDENSCHEID, GM","    0",",,E","    0",",,E","   63",",,E","   -9",",,E"
"GME00125602","2020-02-08","51.2467","7.6431","387.0","LUDENSCHEID, GM","    1",",,E","    0",",,E","   74",",,E","   16",",,E"
"GME00125602","2020-02-09","51.2467","7.6431","387.0","LUDENSCHEID, GM","  110",",,E","    0",",,E","  106",",,E","   50",",,E"
"GME00125602","2020-02-10","51.2467","7.6431","387.0","LUDENSCHEID, GM","  144",",,E","    0",",,E","   89",",,E","   13",",,E"
"GME00125602","2020-02-11","51.2467","7.6431","387.0","LUDENSCHEID, GM","   19",",,E","    0",",,E","   48",",,E","   -3",",,E"
"GME00125602","2020-02-12","51.2467","7.6431","387.0","LUDENSCHEID, GM","    0",",,E","    0",",,E","   43",",,E","    7",",,E"
"GME00125602","2020-02-13","51.2467","7.6431","387.0","LUDENSCHEID, GM","   98",",,E","    0",",,E","   40",",,E","    6",",,E"
"GME00125602","2020-02-14","51.2467","7.6431","387.0","LUDENSCHEID, GM","   10",",,E","    0",",,E","   48",",,E","   30",",,E"
"GME00125602","2020-02-15","51.2467","7.6431","387.0","LUDENSCHEID, GM","   17",",,E","    0",",,E","  100",",,E","   34",",,E"
"GME00125602","2020-02-16","51.2467","7.6431","387.0","LUDENSCHEID, GM","  133",",,E","    0",",,E","  152",",,E","   55",",,E"
"GME00125602","2020-02-17","51.2467","7.6431","387.0","LUDENSCHEID, GM","   48",",,E","    0",",,E","   83",",,E","   33",",,E"
"GME00125602","2020-02-18","51.2467","7.6431","387.0","LUDENSCHEID, GM","  116",",,E","    0",",,E","   52",",,E","   32",",,E"
"GME00125602","2020-02-19","51.2467","7.6431","387.0","LUDENSCHEID, GM","   10",",,E","    0",",,E","   48",",,E","    2",",,E"
"GME00125602","2020-02-20","51.2467","7.6431","387.0","LUDENSCHEID, GM","  107",",,E","    0",",,E","   71",",,E","   16",",,E"
"GME00125602","2020-02-21","51.2467","7.6431","387.0","LUDENSCHEID, GM","    0",",,E","    0",",,E","   60",",,E","   14",",,E"
"GME00125602","2020-02-22","51.2467","7.6431","387.0","LUDENSCHEID, GM","  140",",,E","    0",",,E","   81",",,E","   24",",,E"
"GME00125602","2020-02-23","51.2467","7.6431","387.0","LUDENSCHEID, GM","  254",",,E","    0",",,E","  101",",,E","   29",",,E"
"GME00125602","2020-02-24","51.2467","7.6431","387.0","LUDENSCHEID, GM","   62",",,E","    0",",,E","   90",",,E","    4",",,E"
"GME00125602","2020-02-25","51.2467","7.6431","387.0","LUDENSCHEID, GM","  113",",,E","    0",",,E","   83",",,E","    2",",,E"
"GME00125602","2020-02-26","51.2467","7.6431","387.0","LUDENSCHEID, GM","   63",",,E","   70",",,E","   19",",,E","   -6",",,E"
"GME00125602","2020-02-27","51.2467","7.6431","387.0","LUDENSCHEID, GM","   74",",,E","   50",",,E","   18",",,E","   -4",",,E"
"GME00125602","2020-02-28","51.2467","7.6431","387.0","LUDENSCHEID, GM","   28",",,E","  100",",,E","   32",",,E","   -6",",,E"
"GME00125602","2020-02-29","51.2467","7.6431","387.0","LUDENSCHEID, GM","   76",",,E","   30",",,E","  104",",,E","    6",",,E"
