"STATION","DATE","LATITUDE","LONGITUDE","ELEVATION","NAME","PRCP","PRCP_ATTRIBUTES","TMAX","TMAX_ATTRIBUTES","TMIN","TMIN_ATTRIBUTES","TAVG","TAVG_ATTRIBUTES"
"IDM00096607","2018-06-17","-0.485","117.157","10.0","TEMINDUNG, ID",,,"  332",",,S","  214",",,S","  297","H,,S"
"IDM00096607","2018-06-18","-0.485","117.157","10.0","TEMINDUNG, ID",,,"  334",",,S","  238",",,S","  303","H,,S"
"IDM00096607","2018-06-19","-0.485","117.157","10.0","TEMINDUNG, ID",,,"  328",",,S","  250",",,S","  298","H,,S"
"IDM00096607","2018-06-22","-0.485","117.157","10.0","TEMINDUNG, ID",,,,,"  214",",,S","  279","H,,S"
"IDM00096607","2018-06-23","-0.485","117.157","10.0","TEMINDUNG, ID",,,,,"  214",",,S","  290","H,,S"
"IDM00096607","2018-06-24","-0.485","117.157","10.0","TEMINDUNG, ID",,,"  320",",,S","  214",",,S","  286","H,,S"
"IDM00096607","2018-06-25","-0.485","117.157","10.0","TEMINDUNG, ID",,,"  320",",,S","  220",",,S","  283","H,,S"
"IDM00096607","2018-06-26","-0.485","117.157","10.0","TEMINDUNG, ID",,,"  308",",,S","  224",",,S","  284","H,,S"
"IDM00096607","2018-06-27","-0.485","117.157","10.0","TEMINDUNG, ID",,,"  318",",,S","  224",",,S","  277","H,,S"
"IDM00096607","2018-06-28","-0.485","117.157","10.0","TEMINDUNG, ID",,,"  316",",,S","  224",",,S","  274","H,,S"
"IDM00096607","2018-06-30","-0.485","117.157","10.0","TEMINDUNG, ID",,,"  300",",,S","  210",",,S","  279","H,,S"
"IDM00096607","2018-07-01","-0.485","117.157","10.0","TEMINDUNG, ID",,,"  300",",,S","  212",",,S","  271","H,,S"
"IDM00096607","2018-07-02","-0.485","117.157","10.0","TEMINDUNG, ID",,,"  288",",,S","  204",",,S","  263","H,,S"
"IDM00096607","2018-07-03","-0.485","117.157","10.0","TEMINDUNG, ID",,,"  310",",,S","  204",",,S","  280","H,,S"
"IDM00096607","2018-07-04","-0.485","117.157","10.0","TEMINDUNG, ID",,,"  312",",,S","  208",",,S","  285","H,,S"
"IDM00096607","2018-07-05","-0.485","117.157","10.0","TEMINDUNG, ID",,,,,"  210",",,S","  255","H,,S"
"IDM00096607","2018-07-06","-0.485","117.157","10.0","TEMINDUNG, ID",,,"  308",",,S","  196",",,S","  277","H,,S"
"IDM00096607","2018-07-07","-0.485","117.157","10.0","TEMINDUNG, ID",,,"  318",",,S","  208",",,S","  291","H,,S"
"IDM00096607","2018-07-08","-0.485","117.157","10.0","TEMINDUNG, ID",,,"  330",",,S","  218",",,S","  296","H,,S"
"IDM00096607","2018-07-09","-0.485","117.157","10.0","TEMINDUNG, ID",,,"  320",",,S","  218",",,S","  291","H,,S"
"IDM00096607","2018-07-10","-0.485","117.157","10.0","TEMINDUNG, ID",,,"  330",",,S","  210",",,S","  295","H,,S"
"IDM00096607","2018-07-11","-0.485","117.157","10.0","TEMINDUNG, ID",,,"  332",",,S","  214",",,S","  298","H,,S"
"IDM00096607","2018-07-12","-0.485","117.157","10.0","TEMINDUNG, ID",,,"  318",",,S","  214",",,S","  290","H,,S"
"IDM00096607","2018-07-13","-0.485","117.157","10.0","TEMINDUNG, ID",,,,,"  212",",,S","  301","H,,S"
"IDM00096607","2018-07-14","-0.485","117.157","10.0","TEMINDUNG, ID",,,"  316",",,S","  220",",,S","  292","H,,S"
"IDM00096607","2018-07-15","-0.485","117.157","10.0","TEMINDUNG, ID",,,"  330",",,S","  214",",,S","  295","H,,S"
"IDM00096607","2018-07-16","-0.485","117.157","10.0","TEMINDUNG, ID",,,"  310",",,S","  212",",,S","  288","H,,S"
"IDM00096607","2018-07-17","-0.485","117.157","10.0","TEMINDUNG, ID",,,"  334",",,S","  214",",,S","  291","H,,S"
"IDM00096607","2018-07-18","-0.485","117.157","10.0","TEMINDUNG, ID",,,"  334",",,S","  220",",,S","  301","H,,S"
"IDM00096607","2018-07-19","-0.485","117.157","10.0","TEMINDUNG, ID",,,"  338",",,S","  222",",,S","  303","H,,S"
"IDM00096607","2018-07-20","-0.485","117.157","10.0","TEMINDUNG, ID",,,"  332",",,S","  222",",,S","  305","H,,S"
"IDM00096607","2018-07-21","-0.485","117.157","10.0","TEMINDUNG, ID",,,,,"  202",",,S","  297","H,,S"
"IDM00096607","2018-07-22","-0.485","117.157","10.0","TEMINDUNG, ID",,,"  322",",,S","  208",",,S","  298","H,,S"
"IDM00096607","2018-07-23","-0.485","117.157","10.0","TEMINDUNG, ID",,,"  324",",,S","  214",",,S","  288","H,,S"
"IDM00096607","2018-07-24","-0.485","117.157","10.0","TEMINDUNG, ID",,,,,"  224",",,S","  305","H,,S"
"IDM00096607","2018-07-25","-0.485","117.157","10.0","TEMINDUNG, ID",,,"  320",",,S","  226",",,S","  294","H,,S"
"IDM00096607","2018-07-26","-0.485","117.157","10.0","TEMINDUNG, ID",,,"  316",",,S","  220",",,S","  288","H,,S"
"IDM00096607","2018-07-27","-0.485","117.157","10.0","TEMINDUNG, ID",,,"  330",",,S","  220",",,S","  295","H,,S"
"IDM00096607","2018-07-28","-0.485","117.157","10.0","TEMINDUNG, ID",,,"  324",",,S","  224",",,S","  302","H,,S"
"IDM00096607","2018-07-29","-0.485","117.157","10.0","TEMINDUNG, ID",,,"  310",",,S","  238",",,S","  282","H,,S"
"IDM00096607","2018-07-30","-0.485","117.157","10.0","TEMINDUNG, ID",,,"  332",",,S","  242",",,S","  282","H,,S"
"IDM00096607","2018-07-31","-0.485","117.157","10.0","TEMINDUNG, ID",,,"  324",",,S","  242",",,S","  292","H,,S"
"IDM00096607","2018-08-01","-0.485","117.157","10.0","TEMINDUNG, ID",,,"  284",",,S","  238",",,S","  258","H,,S"
"IDM00096607","2018-08-02","-0.485","117.157","10.0","TEMINDUNG, ID",,,"  298",",,S","  216",",,S","  264","H,,S"
"IDM00096607","2018-08-03","-0.485","117.157","10.0","TEMINDUNG, ID",,,"  310",",,S","  240",",,S","  282","H,,S"
"IDM00096607","2018-08-04","-0.485","117.157","10.0","TEMINDUNG, ID",,,"  314",",,S","  234",",,S","  290","H,,S"
"IDM00096607","2018-08-05","-0.485","117.157","10.0","TEMINDUNG, ID",,,"  326",",,S","  234",",,S","  297","H,,S"
"IDM00096607","2018-08-06","-0.485","117.157","10.0","TEMINDUNG, ID",,,"  313",",,S","  236",",,S","  292","H,,S"
"IDM00096607","2018-08-07","-0.485","117.157","10.0","TEMINDUNG, ID",,,"  326",",,S","  234",",,S","  299","H,,S"
"IDM00096607","2018-08-08","-0.485","117.157","10.0","TEMINDUNG, ID",,,"  342",",,S","  244",",,S","  308","H,,S"
"IDM00096607","2018-08-09","-0.485","117.157","10.0","TEMINDUNG, ID",,,"  342",",,S","  238",",,S","  298","H,,S"
"IDM00096607","2018-08-10","-0.485","117.157","10.0","TEMINDUNG, ID",,,"  326",",,S","  240",",,S","  293","H,,S"
"IDM00096607","2018-08-11","-0.485","117.157","10.0","TEMINDUNG, ID",,,"  334",",,S","  242",",,S","  299","H,,S"
"IDM00096607","2018-08-12","-0.485","117.157","10.0","TEMINDUNG, ID",,,,,"  226",",,S","  292","H,,S"
"IDM00096607","2018-08-13","-0.485","117.157","10.0","TEMINDUNG, ID",,,,,,,"  302","H,,S"
"IDM00096607","2018-08-14","-0.485","117.157","10.0","TEMINDUNG, ID",,,"  330",",,S","  214",",,S","  302","H,,S"
"IDM00096607","2018-08-15","-0.485","117.157","10.0","TEMINDUNG, ID",,,"  342",",,S","  212",",,S","  300","H,,S"
"IDM00096607","2018-08-16","-0.485","117.157","10.0","TEMINDUNG, ID",,,"  322",",,S","  210",",,S","  291","H,,S"
"IDM00096607","2018-08-17","-0.485","117.157","10.0","TEMINDUNG, ID",,,"  324",",,S","  232",",,S","  285","H,,S"
"IDM00096607","2018-08-18","-0.485","117.157","10.0","TEMINDUNG, ID",,,"  326",",,S","  218",",,S","  295","H,,S"
"IDM00096607","2018-08-19","-0.485","117.157","10.0","TEMINDUNG, ID",,,"  330",",,S","  218",",,S","  303","H,,S"
"IDM00096607","2018-08-20","-0.485","117.157","10.0","TEMINDUNG, ID",,,,,"  232",",,S","  307","H,,S"
"IDM00096607","2018-08-21","-0.485","117.157","10.0","TEMINDUNG, ID",,,,,"  242",",,S","  289","H,,S"
"IDM00096607","2018-08-22","-0.485","117.157","10.0","TEMINDUNG, ID",,,,,"  212",",,S","  304","H,,S"
"IDM00096607","2018-08-24","-0.485","117.157","10.0","TEMINDUNG, ID",,,"  312",",,S","  232",",,S","  278","H,,S"
"IDM00096607","2018-08-25","-0.485","117.157","10.0","TEMINDUNG, ID",,,"  322",",,S","  230",",,S","  293","H,,S"
"IDM00096607","2018-08-26","-0.485","117.157","10.0","TEMINDUNG, ID",,,"  314",",,S","  232",",,S","  289","H,,S"
"IDM00096607","2018-08-27","-0.485","117.157","10.0","TEMINDUNG, ID",,,"  316",",,S",,,"  293","H,,S"
"IDM00096607","2018-08-28","-0.485","117.157","10.0","TEMINDUNG, ID",,,,,"  240",",,S","  296","H,,S"
"IDM00096607","2018-08-29","-0.485","117.157","10.0","TEMINDUNG, ID",,,,,"  234",",,S","  291","H,,S"
"IDM00096607","2018-08-30","-0.485","117.157","10.0","TEMINDUNG, ID",,,"  278",",,S","  230",",,S","  261","H,,S"
"IDM00096607","2018-08-31","-0.485","117.157","10.0","TEMINDUNG, ID",,,"  334",",,S","  242",",,S","  297","H,,S"
"IDM00096607","2018-09-01","-0.485","117.157","10.0","TEMINDUNG, ID",,,"  340",",,S","  246",",,S","  294","H,,S"
"IDM00096607","2018-09-02","-0.485","117.157","10.0","TEMINDUNG, ID",,,"  340",",,S","  240",",,S","  274","H,,S"
"IDM00096607","2018-09-03","-0.485","117.157","10.0","TEMINDUNG, ID",,,"  342",",,S","  234",",,S","  303","H,,S"
"IDM00096607","2018-09-04","-0.485","117.157","10.0","TEMINDUNG, ID",,,"  343",",,S","  246",",,S","  298","H,,S"
"IDM00096607","2018-09-05","-0.485","117.157","10.0","TEMINDUNG, ID",,,"  342",",,S",,,"  288","H,,S"
"IDM00096607","2018-09-06","-0.485","117.157","10.0","TEMINDUNG, ID",,,,,"  250",",,S","  269","H,,S"
"IDM00096607","2018-09-07","-0.485","117.157","10.0","TEMINDUNG, ID",,,"  330",",,S","  240",",,S","  294","H,,S"
"IDM00096607","2018-09-08","-0.485","117.157","10.0","TEMINDUNG, ID",,,"  340",",,S","  240",",,S","  298","H,,S"
"IDM00096607","2018-09-09","-0.485","117.157","10.0","TEMINDUNG, ID",,,"  340",",,S","  270",",,S","  304","H,,S"
"IDM00096607","2018-09-10","-0.485","117.157","10.0","TEMINDUNG, ID",,,"  326",",,S",,,"  293","H,,S"
"IDM00096607","2018-09-11","-0.485","117.157","10.0","TEMINDUNG, ID",,,"  346",",,S",,,"  309","H,,S"
"IDM00096607","2018-09-12","-0.485","117.157","10.0","TEMINDUNG, ID",,,"  346",",,S",,,"  301","H,,S"
"IDM00096607","2018-09-13","-0.485","117.157","10.0","TEMINDUNG, ID",,,"  342",",,S","  264",",,S","  297","H,,S"
"IDM00096607","2018-09-14","-0.485","117.157","10.0","TEMINDUNG, ID",,,"  332",",,S",,,"  298","H,,S"
"IDM00096607","2018-09-15","-0.485","117.157","10.0","TEMINDUNG, ID",,,"  336",",,S","  264",",,S","  305","H,,S"
"IDM00096607","2018-09-16","-0.485","117.157","10.0","TEMINDUNG, ID",,,"  348",",,S",,,"  309","H,,S"
"IDM00096607","2018-09-19","-0.485","117.157","10.0","TEMINDUNG, ID",,,,,,,"  282","H,,S"
"IDM00096607","2018-09-20","-0.485","117.157","10.0","TEMINDUNG, ID",,,"  322",",,S",,,"  286","H,,S"
"IDM00096607","2018-09-21","-0.485","117.157","10.0","TEMINDUNG, ID",,,"  326",",,S","  256",",,S","  299","H,,S"
"IDM00096607","2018-09-22","-0.485","117.157","10.0","TEMINDUNG, ID",,,"  342",",,S",,,"  307","H,,S"
"IDM00096607","2018-09-23","-0.485","117.157","10.0","TEMINDUNG, ID",,,"  328",",,S","  274",",,S","  302","H,,S"
"IDM00096607","2018-09-25","-0.485","117.157","10.0","TEMINDUNG, ID",,,"  350",",,S","  254",",,S","  304","H,,S"
"IDM00096607","2018-09-26","-0.485","117.157","10.0","TEMINDUNG, ID",,,"  334",",,S","  254",",,S","  301","H,,S"
"IDM00096607","2018-09-27","-0.485","117.157","10.0","TEMINDUNG, ID",,,"  344",",,S","  258",",,S","  306","H,,S"
"IDM00096607","2018-09-28","-0.485","117.157","10.0","TEMINDUNG, ID",,,"  344",",,S","  232",",,S","  293","H,,S"
"IDM00096607","2018-09-29","-0.485","117.157","10.0","TEMINDUNG, ID",,,"  344",",,S","  264",",,S","  311","H,,S"
"IDM00096607","2018-09-30","-0.485","117.157","10.0","TEMINDUNG, ID",,,"  348",",,S","  260",",,S","  315","H,,S"
"IDM00096607","2018-10-01","-0.485","117.157","10.0","TEMINDUNG, ID",,,"  342",",,S","  250",",,S","  309","H,,S"
"IDM00096607","2018-10-02","-0.485","117.157","10.0","TEMINDUNG, ID",,,"  342",",,S","  252",",,S","  278","H,,S"
"IDM00096607","2018-10-03","-0.485","117.157","10.0","TEMINDUNG, ID",,,,,"  250",",,S","  314","H,,S"
"IDM00096607","2018-10-04","-0.485","117.157","10.0","TEMINDUNG, ID",,,"  344",",,S","  246",",,S","  312","H,,S"
"IDM00096607","2018-10-05","-0.485","117.157","10.0","TEMINDUNG, ID",,,"  344",",,S","  252",",,S","  315","H,,S"
"IDM00096607","2018-10-06","-0.485","117.157","10.0","TEMINDUNG, ID",,,"  312",",,S","  248",",,S","  284","H,,S"
"IDM00096607","2018-10-07","-0.485","117.157","10.0","TEMINDUNG, ID",,,"  316",",,S","  250",",,S","  268","H,,S"
"IDM00096607","2018-10-08","-0.485","117.157","10.0","TEMINDUNG, ID",,,"  322",",,S","  240",",,S","  296","H,,S"
"IDM00096607","2018-10-09","-0.485","117.157","10.0","TEMINDUNG, ID",,,"  340",",,S","  254",",,S","  304","H,,S"
"IDM00096607","2018-10-10","-0.485","117.157","10.0","TEMINDUNG, ID",,,"  328",",,S","  254",",,S","  299","H,,S"
"IDM00096607","2018-10-11","-0.485","117.157","10.0","TEMINDUNG, ID",,,"  328",",,S","  250",",,S","  269","H,,S"
"IDM00096607","2018-10-12","-0.485","117.157","10.0","TEMINDUNG, ID",,,"  318",",,S","  250",",,S","  292","H,,S"
"IDM00096607","2018-10-13","-0.485","117.157","10.0","TEMINDUNG, ID",,,"  316",",,S","  240",",,S","  278","H,,S"
"IDM00096607","2018-10-14","-0.485","117.157","10.0","TEMINDUNG, ID",,,"  312",",,S","  242",",,S","  281","H,,S"
"IDM00096607","2018-10-15","-0.485","117.157","10.0","TEMINDUNG, ID",,,"  330",",,S","  246",",,S","  303","H,,S"
"IDM00096607","2018-10-16","-0.485","117.157","10.0","TEMINDUNG, ID",,,"  330",",,S","  242",",,S","  298","H,,S"
"IDM00096607","2018-10-17","-0.485","117.157","10.0","TEMINDUNG, ID",,,"  336",",,S","  248",",,S","  301","H,,S"
"IDM00096607","2018-10-18","-0.485","117.157","10.0","TEMINDUNG, ID",,,"  302",",,S","  250",",,S","  283","H,,S"
"IDM00096607","2018-10-19","-0.485","117.157","10.0","TEMINDUNG, ID",,,"  306",",,S","  244",",,S","  279","H,,S"
"IDM00096607","2018-10-20","-0.485","117.157","10.0","TEMINDUNG, ID",,,"  300",",,S","  218",",,S","  276","H,,S"
"IDM00096607","2018-10-21","-0.485","117.157","10.0","TEMINDUNG, ID",,,"  314",",,S","  226",",,S","  276","H,,S"
"IDM00096607","2018-10-22","-0.485","117.157","10.0","TEMINDUNG, ID",,,"  330",",,S","  244",",,S","  288","H,,S"
"IDM00096607","2018-10-24","-0.485","117.157","10.0","TEMINDUNG, ID",,,"  342",",,S","  218",",,S","  297","H,,S"
"IDM00096607","2018-10-25","-0.485","117.157","10.0","TEMINDUNG, ID",,,,,"  224",",,S","  291","H,,S"
"IDM00096607","2018-10-26","-0.485","117.157","10.0","TEMINDUNG, ID",,,"  314",",,S","  248",",,S","  283","H,,S"
"IDM00096607","2018-10-27","-0.485","117.157","10.0","TEMINDUNG, ID",,,,,,,"  316","H,,S"
"IDM00096607","2018-10-28","-0.485","117.157","10.0","TEMINDUNG, ID",,,"  340",",,S","  212",",,S","  308","H,,S"
"IDM00096607","2018-10-29","-0.485","117.157","10.0","TEMINDUNG, ID",,,"  340",",,S","  256",",,S","  304","H,,S"
"IDM00096607","2018-10-30","-0.485","117.157","10.0","TEMINDUNG, ID",,,"  338",",,S","  256",",,S","  307","H,,S"
"IDM00096607","2018-10-31","-0.485","117.157","10.0","TEMINDUNG, ID",,,"  338",",,S",,,"  308","H,,S"
"IDM00096607","2018-11-01","-0.485","117.157","10.0","TEMINDUNG, ID",,,"  336",",,S","  228",",,S","  298","H,,S"
"IDM00096607","2018-11-02","-0.485","117.157","10.0","TEMINDUNG, ID",,,"  310",",,S","  259",",,S","  292","H,,S"
"IDM00096607","2018-11-03","-0.485","117.157","10.0","TEMINDUNG, ID",,,"  326",",,S","  256",",,S","  298","H,,S"
"IDM00096607","2018-11-04","-0.485","117.157","10.0","TEMINDUNG, ID",,,,,"  262",",,S","  303","H,,S"
"IDM00096607","2018-11-05","-0.485","117.157","10.0","TEMINDUNG, ID",,,"  332",",,S","  260",",,S","  301","H,,S"
"IDM00096607","2018-11-06","-0.485","117.157","10.0","TEMINDUNG, ID",,,"  342",",,S","  260",",,S","  310","H,,S"
"IDM00096607","2018-11-07","-0.485","117.157","10.0","TEMINDUNG, ID",,,"  318",",,S","  260",",,S","  286","H,,S"
"IDM00096607","2018-11-08","-0.485","117.157","10.0","TEMINDUNG, ID",,,"  312",",,S","  254",",,S","  283","H,,S"
"IDM00096607","2018-11-09","-0.485","117.157","10.0","TEMINDUNG, ID",,,,,"  250",",,S","  292","H,,S"
"IDM00096607","2018-11-10","-0.485","117.157","10.0","TEMINDUNG, ID",,,"  314",",,S",,,"  280","H,,S"
"IDM00096607","2018-11-11","-0.485","117.157","10.0","TEMINDUNG, ID",,,"  336",",,S","  256",",,S","  294","H,,S"
"IDM00096607","2018-11-12","-0.485","117.157","10.0","TEMINDUNG, ID",,,"  324",",,S","  246",",,S","  269","H,,S"
"IDM00096607","2018-11-13","-0.485","117.157","10.0","TEMINDUNG, ID",,,"  340",",,S","  250",",,S","  295","H,,S"
"IDM00096607","2018-11-14","-0.485","117.157","10.0","TEMINDUNG, ID",,,,,"  245",",,S","  296","H,,S"
"IDM00096607","2018-11-15","-0.485","117.157","10.0","TEMINDUNG, ID",,,"  332",",,S","  252",",,S","  297","H,,S"
"IDM00096607","2018-11-16","-0.485","117.157","10.0","TEMINDUNG, ID",,,"  342",",,S","  264",",,S","  305","H,,S"
"IDM00096607","2018-11-23","-0.485","117.157","10.0","TEMINDUNG, ID",,,"  342",",,S","  238",",,S","  292","H,,S"
"IDM00096607","2018-11-24","-0.485","117.157","10.0","TEMINDUNG, ID",,,"  336",",,S","  240",",,S","  282","H,,S"
"IDM00096607","2018-11-25","-0.485","117.157","10.0","TEMINDUNG, ID",,,"  334",",,S","  246",",,S","  284","H,,S"
"IDM00096607","2018-11-26","-0.485","117.157","10.0","TEMINDUNG, ID",,,"  326",",,S",,,"  281","H,,S"
"IDM00096607","2018-11-27","-0.485","117.157","10.0","TEMINDUNG, ID",,,"  338",",,S","  242",",,S","  300","H,,S"
"IDM00096607","2018-11-28","-0.485","117.157","10.0","TEMINDUNG, ID",,,"  336",",,S","  254",",,S","  303","H,,S"
"IDM00096607","2018-11-29","-0.485","117.157","10.0","TEMINDUNG, ID",,,"  332",",,S","  248",",,S","  307","H,,S"
"IDM00096607","2018-11-30","-0.485","117.157","10.0","TEMINDUNG, ID",,,"  336",",,S","  240",",,S","  307","H,,S"
"IDM00096607","2018-12-01","-0.485","117.157","10.0","TEMINDUNG, ID",,,"  330",",,S","  242",",,S","  269","H,,S"
"IDM00096607","2018-12-02","-0.485","117.157","10.0","TEMINDUNG, ID",,,"  328",",,S","  238",",,S","  304","H,,S"
"IDM00096607","2018-12-03","-0.485","117.157","10.0","TEMINDUNG, ID",,,"  316",",,S","  240",",,S","  281","H,,S"
"IDM00096607","2018-12-04","-0.485","117.157","10.0","TEMINDUNG, ID",,,"  336",",,S","  238",",,S","  302","H,,S"
"IDM00096607","2018-12-05","-0.485","117.157","10.0","TEMINDUNG, ID",,,"  342",",,S","  248",",,S","  313","H,,S"
"IDM00096607","2018-12-06","-0.485","117.157","10.0","TEMINDUNG, ID",,,"  342",",,S","  260",",,S","  289","H,,S"
"IDM00096607","2018-12-07","-0.485","117.157","10.0","TEMINDUNG, ID",,,"  330",",,S","  240",",,S","  302","H,,S"
"IDM00096607","2018-12-08","-0.485","117.157","10.0","TEMINDUNG, ID",,,"  326",",,S","  236",",,S","  301","H,,S"
"IDM00096607","2018-12-09","-0.485","117.157","10.0","TEMINDUNG, ID",,,"  332",",,S","  236",",,S","  303","H,,S"
"IDM00096607","2018-12-10","-0.485","117.157","10.0","TEMINDUNG, ID",,,"  334",",,S","  246",",,S","  301","H,,S"
"IDM00096607","2018-12-11","-0.485","117.157","10.0","TEMINDUNG, ID",,,"  344",",,S","  258",",,S","  305","H,,S"
"IDM00096607","2018-12-12","-0.485","117.157","10.0","TEMINDUNG, ID",,,"  336",",,S","  240",",,S","  297","H,,S"
"IDM00096607","2018-12-13","-0.485","117.157","10.0","TEMINDUNG, ID",,,"  352",",,S","  250",",,S","  310","H,,S"
"IDM00096607","2018-12-14","-0.485","117.157","10.0","TEMINDUNG, ID",,,"  330",",,S","  238",",,S","  301","H,,S"
"IDM00096607","2018-12-15","-0.485","117.157","10.0","TEMINDUNG, ID",,,"  346",",,S","  248",",,S","  306","H,,S"
"IDM00096607","2018-12-16","-0.485","117.157","10.0","TEMINDUNG, ID",,,"  318",",,S","  260",",,S","  294","H,,S"
"IDM00096607","2018-12-17","-0.485","117.157","10.0","TEMINDUNG, ID",,,"  336",",,S","  230",",,S","  292","H,,S"
"IDM00096607","2018-12-18","-0.485","117.157","10.0","TEMINDUNG, ID",,,,,"  230",",,S","  288","H,,S"
"IDM00096607","2018-12-19","-0.485","117.157","10.0","TEMINDUNG, ID",,,,,"  238",",,S","  291","H,,S"
"IDM00096607","2018-12-20","-0.485","117.157","10.0","TEMINDUNG, ID",,,"  332",",,S",,,"  311","H,,S"
"IDM00096607","2018-12-21","-0.485","117.157","10.0","TEMINDUNG, ID",,,"  332",",,S","  244",",,S","  267","H,,S"
"IDM00096607","2018-12-22","-0.485","117.157","10.0","TEMINDUNG, ID",,,"  338",",,S","  230",",,S","  289","H,,S"
"IDM00096607","2018-12-23","-0.485","117.157","10.0","TEMINDUNG, ID",,,,,"  234",",,S","  291","H,,S"
"IDM00096607","2018-12-24","-0.485","117.157","10.0","TEMINDUNG, ID",,,,,"  234",",,S","  300","H,,S"
"IDM00096607","2018-12-25","-0.485","117.157","10.0","TEMINDUNG, ID",,,"  332",",,S","  244",",,S","  282","H,,S"
"IDM00096607","2018-12-26","-0.485","117.157","10.0","TEMINDUNG, ID",,,"  336",",,S","  242",",,S","  283","H,,S"
"IDM00096607","2018-12-27","-0.485","117.157","10.0","TEMINDUNG, ID",,,"  314",",,S","  234",",,S","  279","H,,S"
"IDM00096607","2018-12-28","-0.485","117.157","10.0","TEMINDUNG, ID",,,"  322",",,S","  230",",,S","  299","H,,S"
"IDM00096607","2018-12-29","-0.485","117.157","10.0","TEMINDUNG, ID",,,,,"  242",",,S","  319","H,,S"
"IDM00096607","2018-12-30","-0.485","117.157","10.0","TEMINDUNG, ID",,,"  348",",,S","  240",",,S","  314","H,,S"
"IDM00096607","2018-12-31","-0.485","117.157","10.0","TEMINDUNG, ID",,,"  352",",,S","  240",",,S","  313","H,,S"
"IDM00096607","2019-01-01","-0.485","117.157","10.0","TEMINDUNG, ID",,,"  308",",,S","  240",",,S","  287","H,,S"
"IDM00096607","2019-01-02","-0.485","117.157","10.0","TEMINDUNG, ID",,,"  308",",,S","  222",",,S","  273","H,,S"
"IDM00096607","2019-01-03","-0.485","117.157","10.0","TEMINDUNG, ID",,,"  324",",,S","  230",",,S","  289","H,,S"
"IDM00096607","2019-01-04","-0.485","117.157","10.0","TEMINDUNG, ID",,,"  336",",,S","  244",",,S","  305","H,,S"
"IDM00096607","2019-01-05","-0.485","117.157","10.0","TEMINDUNG, ID",,,"  338",",,S","  246",",,S","  308","H,,S"
"IDM00096607","2019-01-06","-0.485","117.157","10.0","TEMINDUNG, ID",,,"  340",",,S","  230",",,S","  308","H,,S"
"IDM00096607","2019-01-07","-0.485","117.157","10.0","TEMINDUNG, ID",,,"  330",",,S","  236",",,S","  301","H,,S"
"IDM00096607","2019-01-08","-0.485","117.157","10.0","TEMINDUNG, ID",,,"  332",",,S","  232",",,S","  291","H,,S"
"IDM00096607","2019-01-09","-0.485","117.157","10.0","TEMINDUNG, ID",,,"  326",",,S","  246",",,S","  291","H,,S"
"IDM00096607","2019-01-10","-0.485","117.157","10.0","TEMINDUNG, ID",,,,,"  230",",,S","  299","H,,S"
"IDM00096607","2019-01-11","-0.485","117.157","10.0","TEMINDUNG, ID",,,,,"  236",",,S","  305","H,,S"
"IDM00096607","2019-01-12","-0.485","117.157","10.0","TEMINDUNG, ID",,,,,"  240",",,S","  308","H,,S"
"IDM00096607","2019-01-13","-0.485","117.157","10.0","TEMINDUNG, ID",,,"  326",",,S","  238",",,S","  281","H,,S"
"IDM00096607","2019-01-14","-0.485","117.157","10.0","TEMINDUNG, ID",,,"  278",",,S","  244",",,S","  261","H,,S"
"IDM00096607","2019-01-15","-0.485","117.157","10.0","TEMINDUNG, ID",,,"  336",",,S","  234",",,S","  288","H,,S"
"IDM00096607","2019-01-16","-0.485","117.157","10.0","TEMINDUNG, ID",,,"  314",",,S","  230",",,S","  282","H,,S"
"IDM00096607","2019-01-17","-0.485","117.157","10.0","TEMINDUNG, ID",,,"  306",",,S",,,"  283","H,,S"
"IDM00096607","2019-01-18","-0.485","117.157","10.0","TEMINDUNG, ID",,,"  336",",,S","  234",",,S","  303","H,,S"
"IDM00096607","2019-01-19","-0.485","117.157","10.0","TEMINDUNG, ID",,,,,"  246",",,S","  294","H,,S"
"IDM00096607","2019-01-20","-0.485","117.157","10.0","TEMINDUNG, ID",,,"  318",",,S","  246",",,S","  290","H,,S"
"IDM00096607","2019-01-21","-0.485","117.157","10.0","TEMINDUNG, ID",,,"  318",",,S","  246",",,S","  286","H,,S"
"IDM00096607","2019-01-22","-0.485","117.157","10.0","TEMINDUNG, ID",,,,,"  234",",,S","  282","H,,S"
"IDM00096607","2019-01-23","-0.485","117.157","10.0","TEMINDUNG, ID",,,"  294",",,S","  228",",,S","  276","H,,S"
"IDM00096607","2019-01-24","-0.485","117.157","10.0","TEMINDUNG, ID",,,"  336",",,S","  232",",,S","  304","H,,S"
"IDM00096607","2019-01-25","-0.485","117.157","10.0","TEMINDUNG, ID",,,,,"  250",",,S","  311","H,,S"
"IDM00096607","2019-01-26","-0.485","117.157","10.0","TEMINDUNG, ID",,,"  346",",,S","  245",",,S","  293","H,,S"
"IDM00096607","2019-01-27","-0.485","117.157","10.0","TEMINDUNG, ID",,,,,,,"  289","H,,S"
"IDM00096607","2019-01-28","-0.485","117.157","10.0","TEMINDUNG, ID",,,"  320",",,S","  230",",,S","  281","H,,S"
"IDM00096607","2019-01-29","-0.485","117.157","10.0","TEMINDUNG, ID",,,"  286",",,S","  236",",,S","  268","H,,S"
"IDM00096607","2019-01-30","-0.485","117.157","10.0","TEMINDUNG, ID",,,"  326",",,S","  240",",,S","  293","H,,S"
"IDM00096607","2019-01-31","-0.485","117.157","10.0","TEMINDUNG, ID",,,"  332",",,S","  238",",,S","  295","H,,S"
"IDM00096607","2019-02-01","-0.485","117.157","10.0","TEMINDUNG, ID",,,,,"  230",",,S","  297","H,,S"
"IDM00096607","2019-02-02","-0.485","117.157","10.0","TEMINDUNG, ID",,,"  332",",,S","  240",",,S","  302","H,,S"
"IDM00096607","2019-02-03","-0.485","117.157","10.0","TEMINDUNG, ID",,,,,"  254",",,S","  298","H,,S"
"IDM00096607","2019-02-04","-0.485","117.157","10.0","TEMINDUNG, ID",,,"  322",",,S","  254",",,S","  298","H,,S"
"IDM00096607","2019-02-05","-0.485","117.157","10.0","TEMINDUNG, ID",,,"  312",",,S","  230",",,S","  280","H,,S"
"IDM00096607","2019-02-06","-0.485","117.157","10.0","TEMINDUNG, ID",,,"  332",",,S","  236",",,S","  302","H,,S"
"IDM00096607","2019-02-07","-0.485","117.157","10.0","TEMINDUNG, ID",,,"  334",",,S","  230",",,S","  305","H,,S"
"IDM00096607","2019-02-08","-0.485","117.157","10.0","TEMINDUNG, ID",,,"  326",",,S","  234",",,S","  279","H,,S"
"IDM00096607","2019-02-09","-0.485","117.157","10.0","TEMINDUNG, ID",,,"  322",",,S","  244",",,S","  279","H,,S"
"IDM00096607","2019-02-10","-0.485","117.157","10.0","TEMINDUNG, ID",,,"  340",",,S","  230",",,S","  297","H,,S"
"IDM00096607","2019-02-11","-0.485","117.157","10.0","TEMINDUNG, ID",,,"  336",",,S","  230",",,S","  300","H,,S"
"IDM00096607","2019-02-12","-0.485","117.157","10.0","TEMINDUNG, ID",,,"  330",",,S","  230",",,S","  294","H,,S"
"IDM00096607","2019-02-13","-0.485","117.157","10.0","TEMINDUNG, ID",,,"  346",",,S","  244",",,S","  305","H,,S"
"IDM00096607","2019-02-14","-0.485","117.157","10.0","TEMINDUNG, ID",,,"  336",",,S","  242",",,S","  302","H,,S"
"IDM00096607","2019-02-15","-0.485","117.157","10.0","TEMINDUNG, ID",,,"  338",",,S","  220",",,S","  307","H,,S"
"IDM00096607","2019-02-16","-0.485","117.157","10.0","TEMINDUNG, ID",,,"  352",",,S",,,"  309","H,,S"
"IDM00096607","2019-02-17","-0.485","117.157","10.0","TEMINDUNG, ID",,,,,"  220",",,S","  301","H,,S"
"IDM00096607","2019-02-18","-0.485","117.157","10.0","TEMINDUNG, ID",,,"  342",",,S","  232",",,S","  306","H,,S"
"IDM00096607","2019-02-19","-0.485","117.157","10.0","TEMINDUNG, ID",,,"  342",",,S","  244",",,S","  311","H,,S"
"IDM00096607","2019-02-20","-0.485","117.157","10.0","TEMINDUNG, ID",,,,,"  230",",,S","  309","H,,S"
"IDM00096607","2019-02-21","-0.485","117.157","10.0","TEMINDUNG, ID",,,"  348",",,S","  232",",,S","  312","H,,S"
"IDM00096607","2019-02-22","-0.485","117.157","10.0","TEMINDUNG, ID",,,"  336",",,S","  242",",,S","  309","H,,S"
"IDM00096607","2019-02-23","-0.485","117.157","10.0","TEMINDUNG, ID",,,,,"  245",",,S","  301","H,,S"
"IDM00096607","2019-02-24","-0.485","117.157","10.0","TEMINDUNG, ID",,,"  346",",,S","  238",",,S","  311","H,,S"
"IDM00096607","2019-02-25","-0.485","117.157","10.0","TEMINDUNG, ID",,,"  334",",,S","  230",",,S","  295","H,,S"
"IDM00096607","2019-02-26","-0.485","117.157","10.0","TEMINDUNG, ID",,,"  340",",,S","  240",",,S","  308","H,,S"
"IDM00096607","2019-02-27","-0.485","117.157","10.0","TEMINDUNG, ID",,,"  346",",,S","  254",",,S","  309","H,,S"
"IDM00096607","2019-02-28","-0.485","117.157","10.0","TEMINDUNG, ID",,,"  328",",,S","  240",",,S","  298","H,,S"
"IDM00096607","2019-03-01","-0.485","117.157","10.0","TEMINDUNG, ID",,,"  340",",,S","  244",",,S","  303","H,,S"
"IDM00096607","2019-03-02","-0.485","117.157","10.0","TEMINDUNG, ID",,,"  342",",,S","  228",",,S","  311","H,,S"
"IDM00096607","2019-03-03","-0.485","117.157","10.0","TEMINDUNG, ID",,,"  348",",,S","  240",",,S","  313","H,,S"
"IDM00096607","2019-03-04","-0.485","117.157","10.0","TEMINDUNG, ID",,,"  342",",,S","  242",",,S","  310","H,,S"
"IDM00096607","2019-03-05","-0.485","117.157","10.0","TEMINDUNG, ID",,,"  350",",,S","  240",",,S","  318","H,,S"
"IDM00096607","2019-03-06","-0.485","117.157","10.0","TEMINDUNG, ID",,,"  352",",,S","  250",",,S","  312","H,,S"
"IDM00096607","2019-03-07","-0.485","117.157","10.0","TEMINDUNG, ID",,,"  316",",,S","  240",",,S","  283","H,,S"
"IDM00096607","2019-03-08","-0.485","117.157","10.0","TEMINDUNG, ID",,,"  360",",,S","  254",",,S","  301","H,,S"
"IDM00096607","2019-03-09","-0.485","117.157","10.0","TEMINDUNG, ID",,,"  340",",,S","  256",",,S","  282","H,,S"
"IDM00096607","2019-03-10","-0.485","117.157","10.0","TEMINDUNG, ID",,,"  340",",,S",,,"  287","H,,S"
"IDM00096607","2019-03-11","-0.485","117.157","10.0","TEMINDUNG, ID",,,"  348",",,S","  232",",,S","  292","H,,S"
"IDM00096607","2019-03-12","-0.485","117.157","10.0","TEMINDUNG, ID",,,,,"  232",",,S","  296","H,,S"
"IDM00096607","2019-03-13","-0.485","117.157","10.0","TEMINDUNG, ID",,,,,"  236",",,S","  283","H,,S"
"IDM00096607","2019-03-14","-0.485","117.157","10.0","TEMINDUNG, ID",,,"  322",",,S","  230",",,S","  273","H,,S"
"IDM00096607","2019-03-15","-0.485","117.157","10.0","TEMINDUNG, ID",,,"  348",",,S","  242",",,S","  300","H,,S"
"IDM00096607","2019-03-16","-0.485","117.157","10.0","TEMINDUNG, ID",,,"  328",",,S","  222",",,S","  275","H,,S"
"IDM00096607","2019-03-17","-0.485","117.157","10.0","TEMINDUNG, ID",,,"  330",",,S","  228",",,S","  292","H,,S"
"IDM00096607","2019-03-18","-0.485","117.157","10.0","TEMINDUNG, ID",,,"  342",",,S","  246",",,S","  300","H,,S"
"IDM00096607","2019-03-19","-0.485","117.157","10.0","TEMINDUNG, ID",,,,,"  258",",,S","  316","H,,S"
"IDM00096607","2019-03-20","-0.485","117.157","10.0","TEMINDUNG, ID",,,"  342",",,S","  266",",,S","  310","H,,S"
"IDM00096607","2019-03-21","-0.485","117.157","10.0","TEMINDUNG, ID",,,"  322",",,S",,,"  281","H,,S"
"IDM00096607","2019-03-22","-0.485","117.157","10.0","TEMINDUNG, ID",,,"  356",",,S","  238",",,S","  312","H,,S"
"IDM00096607","2019-03-23","-0.485","117.157","10.0","TEMINDUNG, ID",,,"  348",",,S","  240",",,S","  310","H,,S"
"IDM00096607","2019-03-24","-0.485","117.157","10.0","TEMINDUNG, ID",,,"  348",",,S",,,"  295","H,,S"
"IDM00096607","2019-03-25","-0.485","117.157","10.0","TEMINDUNG, ID",,,"  344",",,S","  238",",,S","  297","H,,S"
"IDM00096607","2019-03-26","-0.485","117.157","10.0","TEMINDUNG, ID",,,"  322",",,S","  240",",,S","  273","H,,S"
"IDM00096607","2019-03-27","-0.485","117.157","10.0","TEMINDUNG, ID",,,"  342",",,S","  240",",,S","  286","H,,S"
"IDM00096607","2019-03-28","-0.485","117.157","10.0","TEMINDUNG, ID",,,"  346",",,S","  240",",,S","  298","H,,S"
"IDM00096607","2019-03-29","-0.485","117.157","10.0","TEMINDUNG, ID",,,"  320",",,S","  242",",,S","  289","H,,S"
"IDM00096607","2019-03-30","-0.485","117.157","10.0","TEMINDUNG, ID",,,"  344",",,S","  240",",,S","  294","H,,S"
"IDM00096607","2019-03-31","-0.485","117.157","10.0","TEMINDUNG, ID",,,"  286",",,S","  230",",,S","  267","H,,S"
"IDM00096607","2019-04-01","-0.485","117.157","10.0","TEMINDUNG, ID",,,"  304",",,S","  240",",,S","  279","H,,S"
"IDM00096607","2019-04-02","-0.485","117.157","10.0","TEMINDUNG, ID",,,"  320",",,S","  234",",,S","  286","H,,S"
"IDM00096607","2019-04-03","-0.485","117.157","10.0","TEMINDUNG, ID",,,"  324",",,S","  244",",,S","  289","H,,S"
"IDM00096607","2019-04-04","-0.485","117.157","10.0","TEMINDUNG, ID",,,"  340",",,S","  242",",,S","  299","H,,S"
"IDM00096607","2019-04-05","-0.485","117.157","10.0","TEMINDUNG, ID",,,"  342",",,S","  240",",,S","  303","H,,S"
"IDM00096607","2019-04-06","-0.485","117.157","10.0","TEMINDUNG, ID",,,"  352",",,S","  240",",,S","  311","H,,S"
"IDM00096607","2019-04-07","-0.485","117.157","10.0","TEMINDUNG, ID",,,"  354",",,S","  254",",,S","  306","H,,S"
"IDM00096607","2019-04-08","-0.485","117.157","10.0","TEMINDUNG, ID",,,"  356",",,S","  254",",,S","  309","H,,S"
"IDM00096607","2019-04-09","-0.485","117.157","10.0","TEMINDUNG, ID",,,"  356",",,S","  236",",,S","  299","H,,S"
"IDM00096607","2019-04-10","-0.485","117.157","10.0","TEMINDUNG, ID",,,"  342",",,S","  248",",,S","  292","H,,S"
"IDM00096607","2019-04-11","-0.485","117.157","10.0","TEMINDUNG, ID",,,"  334",",,S","  242",",,S","  288","H,,S"
"IDM00096607","2019-04-12","-0.485","117.157","10.0","TEMINDUNG, ID",,,"  346",",,S",,,"  290","H,,S"
"IDM00096607","2019-04-13","-0.485","117.157","10.0","TEMINDUNG, ID",,,"  334",",,S","  242",",,S","  299","H,,S"
"IDM00096607","2019-04-14","-0.485","117.157","10.0","TEMINDUNG, ID",,,"  334",",,S","  258",",,S","  279","H,,S"
"IDM00096607","2019-04-15","-0.485","117.157","10.0","TEMINDUNG, ID",,,,,"  238",",,S","  307","H,,S"
"IDM00096607","2019-04-16","-0.485","117.157","10.0","TEMINDUNG, ID",,,"  348",",,S","  248",",,S","  317","H,,S"
"IDM00096607","2019-04-17","-0.485","117.157","10.0","TEMINDUNG, ID",,,"  348",",,S","  256",",,S","  308","H,,S"
"IDM00096607","2019-04-18","-0.485","117.157","10.0","TEMINDUNG, ID",,,"  338",",,S","  258",",,S","  308","H,,S"
"IDM00096607","2019-04-19","-0.485","117.157","10.0","TEMINDUNG, ID",,,"  330",",,S","  244",",,S","  307","H,,S"
"IDM00096607","2019-04-20","-0.485","117.157","10.0","TEMINDUNG, ID",,,"  330",",,S","  242",",,S","  305","H,,S"
"IDM00096607","2019-04-21","-0.485","117.157","10.0","TEMINDUNG, ID",,,"  342",",,S","  240",",,S","  296","H,,S"
"IDM00096607","2019-04-22","-0.485","117.157","10.0","TEMINDUNG, ID",,,"  342",",,S","  258",",,S","  308","H,,S"
"IDM00096607","2019-04-23","-0.485","117.157","10.0","TEMINDUNG, ID",,,"  338",",,S","  262",",,S","  308","H,,S"
"IDM00096607","2019-04-24","-0.485","117.157","10.0","TEMINDUNG, ID",,,"  338",",,S","  242",",,S","  298","H,,S"
"IDM00096607","2019-04-25","-0.485","117.157","10.0","TEMINDUNG, ID",,,"  338",",,S","  230",",,S","  281","H,,S"
"IDM00096607","2019-04-26","-0.485","117.157","10.0","TEMINDUNG, ID",,,"  334",",,S","  244",",,S","  298","H,,S"
"IDM00096607","2019-04-27","-0.485","117.157","10.0","TEMINDUNG, ID",,,"  292",",,S","  246",",,S","  277","H,,S"
"IDM00096607","2019-04-28","-0.485","117.157","10.0","TEMINDUNG, ID",,,"  320",",,S","  258",",,S","  283","H,,S"
"IDM00096607","2019-04-29","-0.485","117.157","10.0","TEMINDUNG, ID",,,"  320",",,S","  236",",,S","  283","H,,S"
"IDM00096607","2019-04-30","-0.485","117.157","10.0","TEMINDUNG, ID",,,"  312",",,S","  242",",,S","  294","H,,S"
"IDM00096607","2019-05-01","-0.485","117.157","10.0","TEMINDUNG, ID",,,"  354",",,S","  230",",,S","  305","H,,S"
"IDM00096607","2019-05-02","-0.485","117.157","10.0","TEMINDUNG, ID",,,"  316",",,S","  228",",,S","  286","H,,S"
"IDM00096607","2019-05-03","-0.485","117.157","10.0","TEMINDUNG, ID",,,"  330",",,S","  242",",,S","  301","H,,S"
"IDM00096607","2019-05-04","-0.485","117.157","10.0","TEMINDUNG, ID",,,"  358",",,S","  242",",,S","  306","H,,S"
"IDM00096607","2019-05-05","-0.485","117.157","10.0","TEMINDUNG, ID",,,"  354",",,S","  246",",,S","  303","H,,S"
"IDM00096607","2019-05-06","-0.485","117.157","10.0","TEMINDUNG, ID",,,"  338",",,S","  244",",,S","  305","H,,S"
"IDM00096607","2019-05-07","-0.485","117.157","10.0","TEMINDUNG, ID",,,"  340",",,S","  244",",,S","  293","H,,S"
"IDM00096607","2019-05-08","-0.485","117.157","10.0","TEMINDUNG, ID",,,"  342",",,S","  234",",,S","  307","H,,S"
"IDM00096607","2019-05-09","-0.485","117.157","10.0","TEMINDUNG, ID",,,"  312",",,S","  248",",,S","  285","H,,S"
"IDM00096607","2019-05-10","-0.485","117.157","10.0","TEMINDUNG, ID",,,"  332",",,S","  234",",,S","  292","H,,S"
"IDM00096607","2019-05-11","-0.485","117.157","10.0","TEMINDUNG, ID",,,"  328",",,S","  230",",,S","  292","H,,S"
"IDM00096607","2019-05-12","-0.485","117.157","10.0","TEMINDUNG, ID",,,"  338",",,S","  240",",,S","  312","H,,S"
"IDM00096607","2019-05-13","-0.485","117.157","10.0","TEMINDUNG, ID",,,"  332",",,S","  248",",,S","  296","H,,S"
"IDM00096607","2019-05-14","-0.485","117.157","10.0","TEMINDUNG, ID",,,"  336",",,S","  240",",,S","  293","H,,S"
"IDM00096607","2019-05-15","-0.485","117.157","10.0","TEMINDUNG, ID",,,"  324",",,S","  248",",,S","  291","H,,S"
"IDM00096607","2019-05-16","-0.485","117.157","10.0","TEMINDUNG, ID",,,"  336",",,S","  240",",,S","  282","H,,S"
"IDM00096607","2019-05-17","-0.485","117.157","10.0","TEMINDUNG, ID",,,"  316",",,S","  240",",,S","  291","H,,S"
"IDM00096607","2019-05-18","-0.485","117.157","10.0","TEMINDUNG, ID",,,"  330",",,S","  254",",,S","  293","H,,S"
"IDM00096607","2019-05-19","-0.485","117.157","10.0","TEMINDUNG, ID",,,"  334",",,S","  240",",,S","  281","H,,S"
"IDM00096607","2019-05-20","-0.485","117.157","10.0","TEMINDUNG, ID",,,"  336",",,S","  254",",,S","  302","H,,S"
"IDM00096607","2019-05-21","-0.485","117.157","10.0","TEMINDUNG, ID",,,"  340",",,S","  242",",,S","  303","H,,S"
"IDM00096607","2019-05-22","-0.485","117.157","10.0","TEMINDUNG, ID",,,"  332",",,S","  238",",,S","  284","H,,S"
"IDM00096607","2019-05-23","-0.485","117.157","10.0","TEMINDUNG, ID",,,"  336",",,S",,,"  288","H,,S"
"IDM00096607","2019-05-24","-0.485","117.157","10.0","TEMINDUNG, ID",,,"  324",",,S","  252",",,S","  292","H,,S"
"IDM00096607","2019-05-25","-0.485","117.157","10.0","TEMINDUNG, ID",,,,,"  252",",,S","  303","H,,S"
"IDM00096607","2019-05-26","-0.485","117.157","10.0","TEMINDUNG, ID",,,"  338",",,S","  240",",,S","  298","H,,S"
"IDM00096607","2019-05-27","-0.485","117.157","10.0","TEMINDUNG, ID",,,"  302",",,S","  244",",,S","  283","H,,S"
"IDM00096607","2019-05-28","-0.485","117.157","10.0","TEMINDUNG, ID",,,"  336",",,S","  242",",,S","  303","H,,S"
"IDM00096607","2019-05-29","-0.485","117.157","10.0","TEMINDUNG, ID",,,"  332",",,S","  250",",,S","  302","H,,S"
"IDM00096607","2019-05-30","-0.485","117.157","10.0","TEMINDUNG, ID",,,,,"  262",",,S","  288","H,,S"
"IDM00096607","2019-05-31","-0.485","117.157","10.0","TEMINDUNG, ID",,,"  332",",,S","  240",",,S","  301","H,,S"
"IDM00096607","2019-06-01","-0.485","117.157","10.0","TEMINDUNG, ID",,,"  294",",,S","  238",",,S","  274","H,,S"
"IDM00096607","2019-06-02","-0.485","117.157","10.0","TEMINDUNG, ID",,,"  326",",,S","  236",",,S","  282","H,,S"
"IDM00096607","2019-06-03","-0.485","117.157","10.0","TEMINDUNG, ID",,,"  326",",,S","  240",",,S","  285","H,,S"
"IDM00096607","2019-06-04","-0.485","117.157","10.0","TEMINDUNG, ID",,,"  310",",,S","  238",",,S","  277","H,,S"
"IDM00096607","2019-06-05","-0.485","117.157","10.0","TEMINDUNG, ID",,,"  328",",,S","  246",",,S","  300","H,,S"
"IDM00096607","2019-06-06","-0.485","117.157","10.0","TEMINDUNG, ID",,,"  320",",,S","  254",",,S","  283","H,,S"
"IDM00096607","2019-06-07","-0.485","117.157","10.0","TEMINDUNG, ID",,,"  290",",,S","  254",",,S","  277","H,,S"
"IDM00096607","2019-06-08","-0.485","117.157","10.0","TEMINDUNG, ID",,,"  310",",,S","  240",",,S","  285","H,,S"
"IDM00096607","2019-06-09","-0.485","117.157","10.0","TEMINDUNG, ID",,,"  278",",,S","  232",",,S","  265","H,,S"
"IDM00096607","2019-06-10","-0.485","117.157","10.0","TEMINDUNG, ID",,,,,"  235",",,S","  292","H,,S"
"IDM00096607","2019-06-11","-0.485","117.157","10.0","TEMINDUNG, ID",,,"  320",",,S","  243",",,S","  277","H,,S"
"IDM00096607","2019-06-12","-0.485","117.157","10.0","TEMINDUNG, ID",,,"  302",",,S","  240",",,S","  277","H,,S"
"IDM00096607","2019-06-13","-0.485","117.157","10.0","TEMINDUNG, ID",,,"  297",",,S","  241",",,S","  275","H,,S"
"IDM00096607","2019-06-14","-0.485","117.157","10.0","TEMINDUNG, ID",,,,,"  232",",,S","  295","H,,S"
"IDM00096607","2019-06-15","-0.485","117.157","10.0","TEMINDUNG, ID",,,"  292",",,S","  232",",,S","  255","H,,S"
"IDM00096607","2019-06-16","-0.485","117.157","10.0","TEMINDUNG, ID",,,"  328",",,S","  240",",,S","  291","H,,S"
"IDM00096607","2019-06-17","-0.485","117.157","10.0","TEMINDUNG, ID",,,"  296",",,S","  230",",,S","  272","H,,S"
"IDM00096607","2019-06-18","-0.485","117.157","10.0","TEMINDUNG, ID",,,"  334",",,S","  232",",,S","  298","H,,S"
"IDM00096607","2019-06-19","-0.485","117.157","10.0","TEMINDUNG, ID",,,"  332",",,S","  244",",,S","  285","H,,S"
"IDM00096607","2019-06-20","-0.485","117.157","10.0","TEMINDUNG, ID",,,"  310",",,S","  246",",,S","  273","H,,S"
"IDM00096607","2019-06-21","-0.485","117.157","10.0","TEMINDUNG, ID",,,"  344",",,S","  244",",,S","  305","H,,S"
"IDM00096607","2019-06-22","-0.485","117.157","10.0","TEMINDUNG, ID",,,"  334",",,S","  242",",,S","  305","H,,S"
"IDM00096607","2019-06-23","-0.485","117.157","10.0","TEMINDUNG, ID",,,"  342",",,S","  242",",,S","  307","H,,S"
"IDM00096607","2019-06-24","-0.485","117.157","10.0","TEMINDUNG, ID",,,"  338",",,S","  242",",,S","  303","H,,S"
"IDM00096607","2019-06-25","-0.485","117.157","10.0","TEMINDUNG, ID",,,"  346",",,S","  254",",,S","  297","H,,S"
"IDM00096607","2019-06-26","-0.485","117.157","10.0","TEMINDUNG, ID",,,"  334",",,S","  240",",,S","  294","H,,S"
"IDM00096607","2019-06-27","-0.485","117.157","10.0","TEMINDUNG, ID",,,"  348",",,S","  252",",,S","  307","H,,S"
"IDM00096607","2019-06-28","-0.485","117.157","10.0","TEMINDUNG, ID",,,"  332",",,S","  254",",,S","  296","H,,S"
"IDM00096607","2019-06-29","-0.485","117.157","10.0","TEMINDUNG, ID",,,"  330",",,S","  232",",,S","  297","H,,S"
"IDM00096607","2019-06-30","-0.485","117.157","10.0","TEMINDUNG, ID",,,"  338",",,S","  246",",,S","  296","H,,S"
"IDM00096607","2019-07-01","-0.485","117.157","10.0","TEMINDUNG, ID",,,"  328",",,S","  252",",,S","  298","H,,S"
"IDM00096607","2019-07-02","-0.485","117.157","10.0","TEMINDUNG, ID",,,"  328",",,S","  254",",,S","  292","H,,S"
"IDM00096607","2019-07-03","-0.485","117.157","10.0","TEMINDUNG, ID",,,"  314",",,S","  242",",,S","  285","H,,S"
"IDM00096607","2019-07-04","-0.485","117.157","10.0","TEMINDUNG, ID",,,"  328",",,S","  244",",,S","  279","H,,S"
"IDM00096607","2019-07-05","-0.485","117.157","10.0","TEMINDUNG, ID",,,"  324",",,S","  238",",,S","  292","H,,S"
"IDM00096607","2019-07-06","-0.485","117.157","10.0","TEMINDUNG, ID",,,"  326",",,S","  232",",,S","  291","H,,S"
"IDM00096607","2019-07-07","-0.485","117.157","10.0","TEMINDUNG, ID",,,"  326",",,S","  240",",,S","  294","H,,S"
"IDM00096607","2019-07-08","-0.485","117.157","10.0","TEMINDUNG, ID",,,"  336",",,S","  230",",,S","  298","H,,S"
"IDM00096607","2019-07-09","-0.485","117.157","10.0","TEMINDUNG, ID",,,"  328",",,S","  230",",,S","  296","H,,S"
"IDM00096607","2019-07-10","-0.485","117.157","10.0","TEMINDUNG, ID",,,"  290",",,S","  230",",,S","  269","H,,S"
"IDM00096607","2019-07-11","-0.485","117.157","10.0","TEMINDUNG, ID",,,"  302",",,S","  246",",,S","  274","H,,S"
"IDM00096607","2019-07-12","-0.485","117.157","10.0","TEMINDUNG, ID",,,,,"  230",",,S","  282","H,,S"
"IDM00096607","2019-07-13","-0.485","117.157","10.0","TEMINDUNG, ID",,,,,"  234",",,S","  301","H,,S"
"IDM00096607","2019-07-14","-0.485","117.157","10.0","TEMINDUNG, ID",,,,,"  230",",,S","  283","H,,S"
"IDM00096607","2019-07-15","-0.485","117.157","10.0","TEMINDUNG, ID",,,,,"  238",",,S","  296","H,,S"
"IDM00096607","2019-07-16","-0.485","117.157","10.0","TEMINDUNG, ID",,,"  338",",,S","  230",",,S","  293","H,,S"
"IDM00096607","2019-07-17","-0.485","117.157","10.0","TEMINDUNG, ID",,,"  346",",,S","  244",",,S","  296","H,,S"
"IDM00096607","2019-07-18","-0.485","117.157","10.0","TEMINDUNG, ID",,,"  322",",,S","  240",",,S","  299","H,,S"
"IDM00096607","2019-07-19","-0.485","117.157","10.0","TEMINDUNG, ID",,,,,"  258",",,S","  301","H,,S"
"IDM00096607","2019-07-20","-0.485","117.157","10.0","TEMINDUNG, ID",,,"  344",",,S","  236",",,S","  308","H,,S"
"IDM00096607","2019-07-21","-0.485","117.157","10.0","TEMINDUNG, ID",,,"  324",",,S","  238",",,S","  297","H,,S"
"IDM00096607","2019-07-22","-0.485","117.157","10.0","TEMINDUNG, ID",,,"  392",",,S","  252",",,S","  292","H,,S"
"IDM00096607","2019-07-24","-0.485","117.157","10.0","TEMINDUNG, ID",,,"  334",",,S","  234",",,S","  291","H,,S"
"IDM00096607","2019-07-25","-0.485","117.157","10.0","TEMINDUNG, ID",,,"  340",",,S","  236",",,S","  292","H,,S"
"IDM00096607","2019-07-26","-0.485","117.157","10.0","TEMINDUNG, ID",,,"  334",",,S","  238",",,S","  286","H,,S"
"IDM00096607","2019-07-27","-0.485","117.157","10.0","TEMINDUNG, ID",,,"  312",",,S","  252",",,S","  276","H,,S"
"IDM00096607","2019-07-28","-0.485","117.157","10.0","TEMINDUNG, ID",,,"  344",",,S","  234",",,S","  301","H,,S"
"IDM00096607","2019-07-29","-0.485","117.157","10.0","TEMINDUNG, ID",,,"  348",",,S","  246",",,S","  297","H,,S"
"IDM00096607","2019-07-30","-0.485","117.157","10.0","TEMINDUNG, ID",,,"  332",",,S","  256",",,S","  289","H,,S"
"IDM00096607","2019-07-31","-0.485","117.157","10.0","TEMINDUNG, ID",,,,,"  252",",,S","  292","H,,S"
"IDM00096607","2019-08-01","-0.485","117.157","10.0","TEMINDUNG, ID",,,"  348",",,S","  236",",,S","  299","H,,S"
"IDM00096607","2019-08-02","-0.485","117.157","10.0","TEMINDUNG, ID",,,"  342",",,S","  252",",,S","  297","H,,S"
"IDM00096607","2019-08-03","-0.485","117.157","10.0","TEMINDUNG, ID",,,"  348",",,S","  246",",,S","  299","H,,S"
"IDM00096607","2019-08-05","-0.485","117.157","10.0","TEMINDUNG, ID",,,"  344",",,S","  248",",,S","  295","H,,S"
"IDM00096607","2019-08-06","-0.485","117.157","10.0","TEMINDUNG, ID",,,"  346",",,S","  250",",,S","  292","H,,S"
"IDM00096607","2019-08-07","-0.485","117.157","10.0","TEMINDUNG, ID",,,"  342",",,S","  250",",,S","  291","H,,S"
"IDM00096607","2019-08-08","-0.485","117.157","10.0","TEMINDUNG, ID",,,"  338",",,S","  252",",,S","  294","H,,S"
"IDM00096607","2019-08-09","-0.485","117.157","10.0","TEMINDUNG, ID",,,"  342",",,S","  248",",,S","  298","H,,S"
"IDM00096607","2019-08-10","-0.485","117.157","10.0","TEMINDUNG, ID",,,"  340",",,S","  250",",,S","  294","H,,S"
"IDM00096607","2019-08-11","-0.485","117.157","10.0","TEMINDUNG, ID",,,"  348",",,S",,,"  297","H,,S"
"IDM00096607","2019-08-12","-0.485","117.157","10.0","TEMINDUNG, ID",,,"  356",",,S","  242",",,S","  306","H,,S"
"IDM00096607","2019-08-13","-0.485","117.157","10.0","TEMINDUNG, ID",,,"  366",",,S","  250",",,S","  286","H,,S"
"IDM00096607","2019-08-14","-0.485","117.157","10.0","TEMINDUNG, ID",,,,,"  238",",,S","  296","H,,S"
"IDM00096607","2019-08-15","-0.485","117.157","10.0","TEMINDUNG, ID",,,"  340",",,S","  246",",,S","  304","H,,S"
"IDM00096607","2019-08-16","-0.485","117.157","10.0","TEMINDUNG, ID",,,"  356",",,S","  246",",,S","  302","H,,S"
"IDM00096607","2019-08-17","-0.485","117.157","10.0","TEMINDUNG, ID",,,"  338",",,S","  252",",,S","  296","H,,S"
"IDM00096607","2019-08-18","-0.485","117.157","10.0","TEMINDUNG, ID",,,"  338",",,S","  240",",,S","  275","H,,S"
"IDM00096607","2019-08-19","-0.485","117.157","10.0","TEMINDUNG, ID",,,,,"  242",",,S","  275","H,,S"
"IDM00096607","2019-08-20","-0.485","117.157","10.0","TEMINDUNG, ID",,,"  316",",,S",,,"  268","H,,S"
"IDM00096607","2019-08-21","-0.485","117.157","10.0","TEMINDUNG, ID",,,"  338",",,S","  240",",,S","  295","H,,S"
"IDM00096607","2019-08-22","-0.485","117.157","10.0","TEMINDUNG, ID",,,"  350",",,S","  244",",,S","  292","H,,S"
"IDM00096607","2019-08-23","-0.485","117.157","10.0","TEMINDUNG, ID",,,"  328",",,S","  236",",,S","  291","H,,S"
"IDM00096607","2019-08-24","-0.485","117.157","10.0","TEMINDUNG, ID",,,"  350",",,S","  240",",,S","  298","H,,S"
"IDM00096607","2019-08-25","-0.485","117.157","10.0","TEMINDUNG, ID",,,"  346",",,S","  252",",,S","  287","H,,S"
"IDM00096607","2019-08-26","-0.485","117.157","10.0","TEMINDUNG, ID",,,,,"  246",",,S","  296","H,,S"
"IDM00096607","2019-08-27","-0.485","117.157","10.0","TEMINDUNG, ID",,,"  340",",,S","  254",",,S","  269","H,,S"
"IDM00096607","2019-08-28","-0.485","117.157","10.0","TEMINDUNG, ID",,,"  338",",,S","  242",",,S","  297","H,,S"
"IDM00096607","2019-08-29","-0.485","117.157","10.0","TEMINDUNG, ID",,,"  360",",,S","  228",",,S","  303","H,,S"
"IDM00096607","2019-08-30","-0.485","117.157","10.0","TEMINDUNG, ID",,,"  342",",,S","  242",",,S","  295","H,,S"
"IDM00096607","2019-08-31","-0.485","117.157","10.0","TEMINDUNG, ID",,,"  334",",,S",,,"  304","H,,S"
"IDM00096607","2019-09-01","-0.485","117.157","10.0","TEMINDUNG, ID",,,"  340",",,S","  248",",,S","  297","H,,S"
"IDM00096607","2019-09-02","-0.485","117.157","10.0","TEMINDUNG, ID",,,"  356",",,S","  240",",,S","  305","H,,S"
"IDM00096607","2019-09-03","-0.485","117.157","10.0","TEMINDUNG, ID",,,"  340",",,S","  246",",,S","  301","H,,S"
"IDM00096607","2019-09-04","-0.485","117.157","10.0","TEMINDUNG, ID",,,"  346",",,S","  240",",,S","  296","H,,S"
"IDM00096607","2019-09-05","-0.485","117.157","10.0","TEMINDUNG, ID",,,,,"  250",",,S","  299","H,,S"
"IDM00096607","2019-09-06","-0.485","117.157","10.0","TEMINDUNG, ID",,,"  344",",,S","  252",",,S","  298","H,,S"
"IDM00096607","2019-09-07","-0.485","117.157","10.0","TEMINDUNG, ID",,,"  338",",,S","  250",",,S","  303","H,,S"
"IDM00096607","2019-09-08","-0.485","117.157","10.0","TEMINDUNG, ID",,,"  364",",,S","  240",",,S","  311","H,,S"
"IDM00096607","2019-09-09","-0.485","117.157","10.0","TEMINDUNG, ID",,,"  356",",,S","  240",",,S","  305","H,,S"
"IDM00096607","2019-09-10","-0.485","117.157","10.0","TEMINDUNG, ID",,,"  338",",,S","  252",",,S","  301","H,,S"
"IDM00096607","2019-09-11","-0.485","117.157","10.0","TEMINDUNG, ID",,,"  336",",,S","  234",",,S","  301","H,,S"
"IDM00096607","2019-09-12","-0.485","117.157","10.0","TEMINDUNG, ID",,,"  332",",,S","  240",",,S","  296","H,,S"
"IDM00096607","2019-09-13","-0.485","117.157","10.0","TEMINDUNG, ID",,,"  336",",,S","  244",",,S","  290","H,,S"
"IDM00096607","2019-09-14","-0.485","117.157","10.0","TEMINDUNG, ID",,,"  334",",,S","  234",",,S","  297","H,,S"
"IDM00096607","2019-09-15","-0.485","117.157","10.0","TEMINDUNG, ID",,,"  346",",,S","  238",",,S","  302","H,,S"
"IDM00096607","2019-09-16","-0.485","117.157","10.0","TEMINDUNG, ID",,,"  328",",,S","  244",",,S","  297","H,,S"
"IDM00096607","2019-09-17","-0.485","117.157","10.0","TEMINDUNG, ID",,,"  324",",,S","  250",",,S","  298","H,,S"
"IDM00096607","2019-09-19","-0.485","117.157","10.0","TEMINDUNG, ID",,,"  352",",,S","  250",",,S","  307","H,,S"
"IDM00096607","2019-09-20","-0.485","117.157","10.0","TEMINDUNG, ID",,,"  336",",,S","  246",",,S","  303","H,,S"
"IDM00096607","2019-09-21","-0.485","117.157","10.0","TEMINDUNG, ID",,,"  332",",,S","  240",",,S","  301","H,,S"
"IDM00096607","2019-09-22","-0.485","117.157","10.0","TEMINDUNG, ID",,,"  342",",,S","  242",",,S","  307","H,,S"
"IDM00096607","2019-09-23","-0.485","117.157","10.0","TEMINDUNG, ID",,,"  346",",,S","  246",",,S","  311","H,,S"
"IDM00096607","2019-09-24","-0.485","117.157","10.0","TEMINDUNG, ID",,,"  336",",,S","  248",",,S","  306","H,,S"
"IDM00096607","2019-09-25","-0.485","117.157","10.0","TEMINDUNG, ID",,,"  340",",,S","  250",",,S","  305","H,,S"
"IDM00096607","2019-09-26","-0.485","117.157","10.0","TEMINDUNG, ID",,,"  350",",,S","  252",",,S","  316","H,,S"
"IDM00096607","2019-09-27","-0.485","117.157","10.0","TEMINDUNG, ID",,,"  330",",,S","  250",",,S","  301","H,,S"
"IDM00096607","2019-09-28","-0.485","117.157","10.0","TEMINDUNG, ID",,,"  336",",,S",,,"  290","H,,S"
"IDM00096607","2019-09-29","-0.485","117.157","10.0","TEMINDUNG, ID",,,"  326",",,S","  244",",,S","  287","H,,S"
"IDM00096607","2019-09-30","-0.485","117.157","10.0","TEMINDUNG, ID",,,"  340",",,S","  250",",,S","  295","H,,S"
"IDM00096607","2019-10-01","-0.485","117.157","10.0","TEMINDUNG, ID",,,"  324",",,S","  250",",,S","  283","H,,S"
"IDM00096607","2019-10-02","-0.485","117.157","10.0","TEMINDUNG, ID",,,"  336",",,S","  246",",,S","  301","H,,S"
"IDM00096607","2019-10-03","-0.485","117.157","10.0","TEMINDUNG, ID",,,"  316",",,S","  236",",,S","  285","H,,S"
"IDM00096607","2019-10-05","-0.485","117.157","10.0","TEMINDUNG, ID",,,"  336",",,S","  240",",,S","  289","H,,S"
"IDM00096607","2019-10-06","-0.485","117.157","10.0","TEMINDUNG, ID",,,"  330",",,S","  238",",,S","  295","H,,S"
"IDM00096607","2019-10-07","-0.485","117.157","10.0","TEMINDUNG, ID",,,"  336",",,S","  242",",,S","  292","H,,S"
"IDM00096607","2019-10-08","-0.485","117.157","10.0","TEMINDUNG, ID",,,"  338",",,S","  250",",,S","  302","H,,S"
"IDM00096607","2019-10-09","-0.485","117.157","10.0","TEMINDUNG, ID",,,"  328",",,S","  260",",,S","  303","H,,S"
"IDM00096607","2019-10-10","-0.485","117.157","10.0","TEMINDUNG, ID",,,"  340",",,S","  248",",,S","  312","H,,S"
"IDM00096607","2019-10-11","-0.485","117.157","10.0","TEMINDUNG, ID",,,"  328",",,S","  248",",,S","  286","H,,S"
"IDM00096607","2019-10-12","-0.485","117.157","10.0","TEMINDUNG, ID",,,"  318",",,S","  240",",,S","  275","H,,S"
"IDM00096607","2019-10-13","-0.485","117.157","10.0","TEMINDUNG, ID",,,"  320",",,S","  246",",,S","  289","H,,S"
"IDM00096607","2019-10-14","-0.485","117.157","10.0","TEMINDUNG, ID",,,"  342",",,S","  244",",,S","  309","H,,S"
"IDM00096607","2019-10-15","-0.485","117.157","10.0","TEMINDUNG, ID",,,"  322",",,S","  250",",,S","  288","H,,S"
"IDM00096607","2019-10-16","-0.485","117.157","10.0","TEMINDUNG, ID",,,"  322",",,S","  248",",,S","  286","H,,S"
"IDM00096607","2019-10-17","-0.485","117.157","10.0","TEMINDUNG, ID",,,"  328",",,S","  250",",,S","  294","H,,S"
"IDM00096607","2019-10-18","-0.485","117.157","10.0","TEMINDUNG, ID",,,"  334",",,S","  254",",,S","  306","H,,S"
"IDM00096607","2019-10-19","-0.485","117.157","10.0","TEMINDUNG, ID",,,"  308",",,S","  244",",,S","  281","H,,S"
"IDM00096607","2019-10-20","-0.485","117.157","10.0","TEMINDUNG, ID",,,"  300",",,S","  250",",,S","  276","H,,S"
"IDM00096607","2019-10-21","-0.485","117.157","10.0","TEMINDUNG, ID",,,"  342",",,S","  252",",,S","  310","H,,S"
"IDM00096607","2019-10-22","-0.485","117.157","10.0","TEMINDUNG, ID",,,,,"  250",",,S","  302","H,,S"
"IDM00096607","2019-10-23","-0.485","117.157","10.0","TEMINDUNG, ID",,,"  336",",,S","  246",",,S","  284","H,,S"
"IDM00096607","2019-10-24","-0.485","117.157","10.0","TEMINDUNG, ID",,,"  326",",,S","  236",",,S","  299","H,,S"
"IDM00096607","2019-10-25","-0.485","117.157","10.0","TEMINDUNG, ID",,,,,"  242",",,S","  302","H,,S"
"IDM00096607","2019-10-26","-0.485","117.157","10.0","TEMINDUNG, ID",,,"  310",",,S",,,"  278","H,,S"
"IDM00096607","2019-10-27","-0.485","117.157","10.0","TEMINDUNG, ID",,,"  328",",,S","  246",",,S","  298","H,,S"
"IDM00096607","2019-10-28","-0.485","117.157","10.0","TEMINDUNG, ID",,,"  354",",,S","  254",",,S","  302","H,,S"
"IDM00096607","2019-10-29","-0.485","117.157","10.0","TEMINDUNG, ID",,,"  340",",,S","  248",",,S","  303","H,,S"
"IDM00096607","2019-10-30","-0.485","117.157","10.0","TEMINDUNG, ID",,,"  346",",,S","  244",",,S","  306","H,,S"
"IDM00096607","2019-10-31","-0.485","117.157","10.0","TEMINDUNG, ID",,,"  340",",,S","  248",",,S","  304","H,,S"
"IDM00096607","2019-11-01","-0.485","117.157","10.0","TEMINDUNG, ID",,,"  288",",,S","  248",",,S","  269","H,,S"
"IDM00096607","2019-11-02","-0.485","117.157","10.0","TEMINDUNG, ID",,,,,"  248",",,S","  299","H,,S"
"IDM00096607","2019-11-03","-0.485","117.157","10.0","TEMINDUNG, ID",,,"  340",",,S","  250",",,S","  308","H,,S"
"IDM00096607","2019-11-04","-0.485","117.157","10.0","TEMINDUNG, ID",,,"  336",",,S","  244",",,S","  304","H,,S"
"IDM00096607","2019-11-05","-0.485","117.157","10.0","TEMINDUNG, ID",,,"  332",",,S","  250",",,S","  302","H,,S"
"IDM00096607","2019-11-06","-0.485","117.157","10.0","TEMINDUNG, ID",,,"  328",",,S","  250",",,S","  283","H,,S"
"IDM00096607","2019-11-07","-0.485","117.157","10.0","TEMINDUNG, ID",,,"  334",",,S","  250",",,S","  296","H,,S"
"IDM00096607","2019-11-08","-0.485","117.157","10.0","TEMINDUNG, ID",,,"  340",",,S","  252",",,S","  306","H,,S"
"IDM00096607","2019-11-09","-0.485","117.157","10.0","TEMINDUNG, ID",,,"  300",",,S",,,"  258","H,,S"
"IDM00096607","2019-11-10","-0.485","117.157","10.0","TEMINDUNG, ID",,,"  340",",,S","  232",",,S","  302","H,,S"
"IDM00096607","2019-11-11","-0.485","117.157","10.0","TEMINDUNG, ID",,,"  326",",,S","  248",",,S","  301","H,,S"
"IDM00096607","2019-11-12","-0.485","117.157","10.0","TEMINDUNG, ID",,,"  300",",,S","  240",",,S","  282","H,,S"
"IDM00096607","2019-11-13","-0.485","117.157","10.0","TEMINDUNG, ID",,,"  338",",,S","  248",",,S","  306","H,,S"
"IDM00096607","2019-11-14","-0.485","117.157","10.0","TEMINDUNG, ID",,,"  336",",,S","  258",",,S","  299","H,,S"
"IDM00096607","2019-11-15","-0.485","117.157","10.0","TEMINDUNG, ID",,,"  346",",,S","  246",",,S","  312","H,,S"
"IDM00096607","2019-11-16","-0.485","117.157","10.0","TEMINDUNG, ID",,,"  324",",,S","  248",",,S","  288","H,,S"
"IDM00096607","2019-11-17","-0.485","117.157","10.0","TEMINDUNG, ID",,,"  340",",,S","  248",",,S","  308","H,,S"
"IDM00096607","2019-11-18","-0.485","117.157","10.0","TEMINDUNG, ID",,,"  338",",,S","  256",",,S","  310","H,,S"
"IDM00096607","2019-11-19","-0.485","117.157","10.0","TEMINDUNG, ID",,,"  332",",,S","  256",",,S","  302","H,,S"
"IDM00096607","2019-11-20","-0.485","117.157","10.0","TEMINDUNG, ID",,,"  328",",,S","  250",",,S","  306","H,,S"
"IDM00096607","2019-11-21","-0.485","117.157","10.0","TEMINDUNG, ID",,,"  334",",,S","  250",",,S","  285","H,,S"
"IDM00096607","2019-11-22","-0.485","117.157","10.0","TEMINDUNG, ID",,,"  340",",,S","  246",",,S","  295","H,,S"
"IDM00096607","2019-11-23","-0.485","117.157","10.0","TEMINDUNG, ID",,,,,"  248",",,S","  283","H,,S"
"IDM00096607","2019-11-24","-0.485","117.157","10.0","TEMINDUNG, ID",,,"  334",",,S","  246",",,S","  301","H,,S"
"IDM00096607","2019-11-25","-0.485","117.157","10.0","TEMINDUNG, ID",,,"  340",",,S","  248",",,S","  298","H,,S"
"IDM00096607","2019-11-26","-0.485","117.157","10.0","TEMINDUNG, ID",,,"  312",",,S","  250",",,S","  289","H,,S"
"IDM00096607","2019-11-27","-0.485","117.157","10.0","TEMINDUNG, ID",,,"  332",",,S","  254",",,S","  304","H,,S"
"IDM00096607","2019-11-28","-0.485","117.157","10.0","TEMINDUNG, ID",,,"  320",",,S","  258",",,S","  297","H,,S"
"IDM00096607","2019-11-29","-0.485","117.157","10.0","TEMINDUNG, ID",,,"  338",",,S","  254",",,S","  294","H,,S"
"IDM00096607","2019-11-30","-0.485","117.157","10.0","TEMINDUNG, ID",,,"  332",",,S","  250",",,S","  303","H,,S"
"IDM00096607","2019-12-01","-0.485","117.157","10.0","TEMINDUNG, ID",,,,,"  258",",,S","  309","H,,S"
"IDM00096607","2019-12-02","-0.485","117.157","10.0","TEMINDUNG, ID",,,,,"  250",",,S","  311","H,,S"
"IDM00096607","2019-12-03","-0.485","117.157","10.0","TEMINDUNG, ID",,,,,"  252",",,S","  292","H,,S"
"IDM00096607","2019-12-04","-0.485","117.157","10.0","TEMINDUNG, ID",,,"  296",",,S","  250",",,S","  273","H,,S"
"IDM00096607","2019-12-05","-0.485","117.157","10.0","TEMINDUNG, ID",,,"  334",",,S","  246",",,S","  301","H,,S"
"IDM00096607","2019-12-06","-0.485","117.157","10.0","TEMINDUNG, ID",,,"  316",",,S","  258",",,S","  281","H,,S"
"IDM00096607","2019-12-07","-0.485","117.157","10.0","TEMINDUNG, ID",,,"  334",",,S","  244",",,S","  302","H,,S"
"IDM00096607","2019-12-08","-0.485","117.157","10.0","TEMINDUNG, ID",,,"  294",",,S","  252",",,S","  275","H,,S"
"IDM00096607","2019-12-09","-0.485","117.157","10.0","TEMINDUNG, ID",,,"  330",",,S","  240",",,S","  295","H,,S"
"IDM00096607","2019-12-10","-0.485","117.157","10.0","TEMINDUNG, ID",,,"  296",",,S",,,"  268","H,,S"
"IDM00096607","2019-12-11","-0.485","117.157","10.0","TEMINDUNG, ID",,,"  338",",,S","  244",",,S","  300","H,,S"
"IDM00096607","2019-12-12","-0.485","117.157","10.0","TEMINDUNG, ID",,,"  332",",,S","  240",",,S","  289","H,,S"
"IDM00096607","2019-12-13","-0.485","117.157","10.0","TEMINDUNG, ID",,,"  286",",,S","  236",",,S","  266","H,,S"
"IDM00096607","2019-12-14","-0.485","117.157","10.0","TEMINDUNG, ID",,,"  330",",,S","  240",",,S","  300","H,,S"
"IDM00096607","2019-12-15","-0.485","117.157","10.0","TEMINDUNG, ID",,,"  338",",,S","  250",",,S","  308","H,,S"
"IDM00096607","2019-12-16","-0.485","117.157","10.0","TEMINDUNG, ID",,,"  310",",,S",,,"  287","H,,S"
"IDM00096607","2019-12-17","-0.485","117.157","10.0","TEMINDUNG, ID",,,"  320",",,S","  250",",,S","  287","H,,S"
"IDM00096607","2019-12-18","-0.485","117.157","10.0","TEMINDUNG, ID",,,"  314",",,S","  250",",,S","  278","H,,S"
"IDM00096607","2019-12-19","-0.485","117.157","10.0","TEMINDUNG, ID",,,"  330",",,S","  244",",,S","  281","H,,S"
"IDM00096607","2019-12-20","-0.485","117.157","10.0","TEMINDUNG, ID",,,"  320",",,S","  246",",,S","  281","H,,S"
"IDM00096607","2019-12-21","-0.485","117.157","10.0","TEMINDUNG, ID",,,,,"  248",",,S","  301","H,,S"
"IDM00096607","2019-12-22","-0.485","117.157","10.0","TEMINDUNG, ID",,,"  338",",,S","  244",",,S","  297","H,,S"
"IDM00096607","2019-12-23","-0.485","117.157","10.0","TEMINDUNG, ID",,,"  332",",,S","  250",",,S","  294","H,,S"
"IDM00096607","2019-12-24","-0.485","117.157","10.0","TEMINDUNG, ID",,,"  318",",,S","  246",",,S","  291","H,,S"
"IDM00096607","2019-12-25","-0.485","117.157","10.0","TEMINDUNG, ID",,,"  318",",,S","  248",",,S","  291","H,,S"
"IDM00096607","2019-12-26","-0.485","117.157","10.0","TEMINDUNG, ID",,,"  334",",,S","  258",",,S","  279","H,,S"
"IDM00096607","2019-12-27","-0.485","117.157","10.0","TEMINDUNG, ID",,,,,"  246",",,S","  304","H,,S"
"IDM00096607","2019-12-28","-0.485","117.157","10.0","TEMINDUNG, ID",,,,,"  230",",,S","  284","H,,S"
"IDM00096607","2019-12-29","-0.485","117.157","10.0","TEMINDUNG, ID",,,"  338",",,S","  238",",,S","  291","H,,S"
"IDM00096607","2019-12-30","-0.485","117.157","10.0","TEMINDUNG, ID",,,"  328",",,S","  256",",,S","  296","H,,S"
"IDM00096607","2019-12-31","-0.485","117.157","10.0","TEMINDUNG, ID",,,"  324",",,S","  250",",,S","  301","H,,S"
"IDM00096607","2020-01-01","-0.485","117.157","10.0","TEMINDUNG, ID",,,"  342",",,S","  242",",,S","  304","H,,S"
"IDM00096607","2020-01-02","-0.485","117.157","10.0","TEMINDUNG, ID",,,"  332",",,S","  258",",,S","  298","H,,S"
"IDM00096607","2020-01-03","-0.485","117.157","10.0","TEMINDUNG, ID",,,"  328",",,S","  248",",,S","  277","H,,S"
"IDM00096607","2020-01-04","-0.485","117.157","10.0","TEMINDUNG, ID",,,,,"  246",",,S","  290","H,,S"
"IDM00096607","2020-01-05","-0.485","117.157","10.0","TEMINDUNG, ID",,,"  298",",,S","  248",",,S","  269","H,,S"
"IDM00096607","2020-01-06","-0.485","117.157","10.0","TEMINDUNG, ID",,,"  318",",,S","  254",",,S","  290","H,,S"
"IDM00096607","2020-01-07","-0.485","117.157","10.0","TEMINDUNG, ID",,,"  330",",,S","  258",",,S","  302","H,,S"
"IDM00096607","2020-01-08","-0.485","117.157","10.0","TEMINDUNG, ID",,,"  342",",,S","  244",",,S","  302","H,,S"
"IDM00096607","2020-01-09","-0.485","117.157","10.0","TEMINDUNG, ID",,,"  346",",,S",,,"  319","H,,S"
"IDM00096607","2020-01-10","-0.485","117.157","10.0","TEMINDUNG, ID",,,"  336",",,S","  258",",,S","  308","H,,S"
"IDM00096607","2020-01-11","-0.485","117.157","10.0","TEMINDUNG, ID",,,"  300",",,S","  238",",,S","  268","H,,S"
"IDM00096607","2020-01-12","-0.485","117.157","10.0","TEMINDUNG, ID",,,"  304",",,S","  238",",,S","  279","H,,S"
"IDM00096607","2020-01-13","-0.485","117.157","10.0","TEMINDUNG, ID",,,"  350",",,S","  240",",,S","  303","H,,S"
"IDM00096607","2020-01-14","-0.485","117.157","10.0","TEMINDUNG, ID",,,"  268",",,S",,,"  257","H,,S"
"IDM00096607","2020-01-15","-0.485","117.157","10.0","TEMINDUNG, ID",,,"  304",",,S","  232",",,S","  279","H,,S"
"IDM00096607","2020-01-16","-0.485","117.157","10.0","TEMINDUNG, ID",,,"  334",",,S","  246",",,S","  296","H,,S"
"IDM00096607","2020-01-17","-0.485","117.157","10.0","TEMINDUNG, ID",,,"  344",",,S","  256",",,S","  308","H,,S"
"IDM00096607","2020-01-18","-0.485","117.157","10.0","TEMINDUNG, ID",,,"  318",",,S","  252",",,S","  281","H,,S"
"IDM00096607","2020-01-19","-0.485","117.157","10.0","TEMINDUNG, ID",,,"  340",",,S","  242",",,S","  302","H,,S"
"IDM00096607","2020-01-20","-0.485","117.157","10.0","TEMINDUNG, ID",,,"  340",",,S","  248",",,S","  308","H,,S"
"IDM00096607","2020-01-21","-0.485","117.157","10.0","TEMINDUNG, ID",,,"  338",",,S","  240",",,S","  308","H,,S"
"IDM00096607","2020-01-22","-0.485","117.157","10.0","TEMINDUNG, ID",,,"  336",",,S","  248",",,S","  307","H,,S"
"IDM00096607","2020-01-23","-0.485","117.157","10.0","TEMINDUNG, ID",,,"  336",",,S","  252",",,S","  309","H,,S"
"IDM00096607","2020-01-24","-0.485","117.157","10.0","TEMINDUNG, ID",,,"  346",",,S","  252",",,S","  312","H,,S"
"IDM00096607","2020-01-25","-0.485","117.157","10.0","TEMINDUNG, ID",,,"  342",",,S","  262",",,S","  310","H,,S"
"IDM00096607","2020-01-26","-0.485","117.157","10.0","TEMINDUNG, ID",,,"  334",",,S","  252",",,S","  278","H,,S"
"IDM00096607","2020-01-27","-0.485","117.157","10.0","TEMINDUNG, ID",,,"  342",",,S","  242",",,S","  311","H,,S"
"IDM00096607","2020-01-28","-0.485","117.157","10.0","TEMINDUNG, ID",,,"  344",",,S","  260",",,S","  314","H,,S"
"IDM00096607","2020-01-29","-0.485","117.157","10.0","TEMINDUNG, ID",,,"  350",",,S","  258",",,S","  317","H,,S"
"IDM00096607","2020-01-30","-0.485","117.157","10.0","TEMINDUNG, ID",,,,,"  260",",,S","  280","H,,S"
"IDM00096607","2020-01-31","-0.485","117.157","10.0","TEMINDUNG, ID",,,"  276",",,S",,,"  259","H,,S"
"IDM00096607","2020-02-01","-0.485","117.157","10.0","TEMINDUNG, ID",,,"  334",",,S","  240",",,S","  301","H,,S"
"IDM00096607","2020-02-02","-0.485","117.157","10.0","TEMINDUNG, ID",,,"  342",",,S","  244",",,S","  307","H,,S"
"IDM00096607","2020-02-03","-0.485","117.157","10.0","TEMINDUNG, ID",,,"  344",",,S","  236",",,S","  309","H,,S"
"IDM00096607","2020-02-04","-0.485","117.157","10.0","TEMINDUNG, ID",,,"  340",",,S","  238",",,S","  308","H,,S"
"IDM00096607","2020-02-05","-0.485","117.157","10.0","TEMINDUNG, ID",,,"  340",",,S","  240",",,S","  299","H,,S"
"IDM00096607","2020-02-06","-0.485","117.157","10.0","TEMINDUNG, ID",,,"  324",",,S","  256",",,S","  294","H,,S"
"IDM00096607","2020-02-07","-0.485","117.157","10.0","TEMINDUNG, ID",,,"  290",",,S","  250",",,S","  270","H,,S"
"IDM00096607","2020-02-08","-0.485","117.157","10.0","TEMINDUNG, ID",,,"  336",",,S","  244",",,S","  279","H,,S"
"IDM00096607","2020-02-09","-0.485","117.157","10.0","TEMINDUNG, ID",,,"  330",",,S","  244",",,S","  298","H,,S"
"IDM00096607","2020-02-10","-0.485","117.157","10.0","TEMINDUNG, ID",,,,,,,"  298","H,,S"
"IDM00096607","2020-02-11","-0.485","117.157","10.0","TEMINDUNG, ID",,,"  336",",,S","  244",",,S","  306","H,,S"
"IDM00096607","2020-02-12","-0.485","117.157","10.0","TEMINDUNG, ID",,,"  342",",,S","  248",",,S","  305","H,,S"
"IDM00096607","2020-02-13","-0.485","117.157","10.0","TEMINDUNG, ID",,,"  332",",,S","  250",",,S","  306","H,,S"
"IDM00096607","2020-02-14","-0.485","117.157","10.0","TEMINDUNG, ID",,,"  344",",,S","  242",",,S","  309","H,,S"
"IDM00096607","2020-02-15","-0.485","117.157","10.0","TEMINDUNG, ID",,,"  336",",,S","  258",",,S","  302","H,,S"
"IDM00096607","2020-02-16","-0.485","117.157","10.0","TEMINDUNG, ID",,,"  322",",,S","  244",",,S","  289","H,,S"
"IDM00096607","2020-02-17","-0.485","117.157","10.0","TEMINDUNG, ID",,,"  338",",,S","  256",",,S","  283","H,,S"
"IDM00096607","2020-02-18","-0.485","117.157","10.0","TEMINDUNG, ID",,,"  310",",,S","  250",",,S","  283","H,,S"
"IDM00096607","2020-02-19","-0.485","117.157","10.0","TEMINDUNG, ID",,,"  326",",,S","  230",",,S","  288","H,,S"
"IDM00096607","2020-02-20","-0.485","117.157","10.0","TEMINDUNG, ID",,,"  342",",,S","  246",",,S","  305","H,,S"
"IDM00096607","2020-02-21","-0.485","117.157","10.0","TEMINDUNG, ID",,,"  344",",,S","  254",",,S","  311","H,,S"
"IDM00096607","2020-02-22","-0.485","117.157","10.0","TEMINDUNG, ID",,,"  342",",,S","  250",",,S","  308","H,,S"
"IDM00096607","2020-02-23","-0.485","117.157","10.0","TEMINDUNG, ID",,,"  342",",,S","  258",",,S","  312","H,,S"
"IDM00096607","2020-02-24","-0.485","117.157","10.0","TEMINDUNG, ID",,,"  344",",,S","  230",",,S","  312","H,,S"
"IDM00096607","2020-02-25","-0.485","117.157","10.0","TEMINDUNG, ID",,,"  348",",,S","  236",",,S","  315","H,,S"
"IDM00096607","2020-02-26","-0.485","117.157","10.0","TEMINDUNG, ID",,,"  340",",,S","  266",",,S","  311","H,,S"
"IDM00096607","2020-02-27","-0.485","117.157","10.0","TEMINDUNG, ID",,,"  334",",,S","  250",",,S","  303","H,,S"
"IDM00096607","2020-02-28","-0.485","117.157","10.0","TEMINDUNG, ID",,,"  350",",,S","  259",",,S","  314","H,,S"
"IDM00096607","2020-02-29","-0.485","117.157","10.0","TEMINDUNG, ID",,,"  341",",,S","  262",",,S","  307","H,,S"
"IDM00096607","2020-03-01","-0.485","117.157","10.0","TEMINDUNG, ID",,,"  350",",,S","  246",",,S","  318","H,,S"
"IDM00096607","2020-03-02","-0.485","117.157","10.0","TEMINDUNG, ID",,,"  348",",,S","  250",",,S","  304","H,,S"
"IDM00096607","2020-03-03","-0.485","117.157","10.0","TEMINDUNG, ID",,,"  348",",,S","  262",",,S","  317","H,,S"
"IDM00096607","2020-03-04","-0.485","117.157","10.0","TEMINDUNG, ID",,,"  290",",,S","  250",",,S","  277","H,,S"
"IDM00096607","2020-03-05","-0.485","117.157","10.0","TEMINDUNG, ID",,,"  326",",,S","  248",",,S","  288","H,,S"
"IDM00096607","2020-03-06","-0.485","117.157","10.0","TEMINDUNG, ID",,,"  308",",,S","  244",",,S","  278","H,,S"
"IDM00096607","2020-03-07","-0.485","117.157","10.0","TEMINDUNG, ID",,,"  332",",,S","  246",",,S","  292","H,,S"
"IDM00096607","2020-03-08","-0.485","117.157","10.0","TEMINDUNG, ID",,,"  324",",,S","  232",",,S","  292","H,,S"
"IDM00096607","2020-03-09","-0.485","117.157","10.0","TEMINDUNG, ID",,,"  346",",,S","  232",",,S","  292","H,,S"
"IDM00096607","2020-03-10","-0.485","117.157","10.0","TEMINDUNG, ID",,,"  346",",,S","  242",",,S","  303","H,,S"
"IDM00096607","2020-03-11","-0.485","117.157","10.0","TEMINDUNG, ID",,,,,"  258",",,S","  316","H,,S"
"IDM00096607","2020-03-12","-0.485","117.157","10.0","TEMINDUNG, ID",,,"  350",",,S","  256",",,S","  318","H,,S"
"IDM00096607","2020-03-13","-0.485","117.157","10.0","TEMINDUNG, ID",,,,,"  252",",,S","  309","H,,S"
"IDM00096607","2020-03-15","-0.485","117.157","10.0","TEMINDUNG, ID",,,,,"  268",",,S","  307","H,,S"
"IDM00096607","2020-03-16","-0.485","117.157","10.0","TEMINDUNG, ID",,,,,"  248",",,S","  312","H,,S"
"IDM00096607","2020-03-17","-0.485","117.157","10.0","TEMINDUNG, ID",,,"  344",",,S","  236",",,S","  313","H,,S"
"IDM00096607","2020-03-18","-0.485","117.157","10.0","TEMINDUNG, ID",,,,,"  244",",,S","  315","H,,S"
"IDM00096607","2020-03-19","-0.485","117.157","10.0","TEMINDUNG, ID",,,"  332",",,S","  264",",,S","  309","H,,S"
"IDM00096607","2020-03-20","-0.485","117.157","10.0","TEMINDUNG, ID",,,"  338",",,S","  248",",,S","  304","H,,S"
"IDM00096607","2020-03-21","-0.485","117.157","10.0","TEMINDUNG, ID",,,"  286",",,S","  228",",,S","  267","H,,S"
"IDM00096607","2020-03-22","-0.485","117.157","10.0","TEMINDUNG, ID",,,"  338",",,S","  230",",,S","  302","H,,S"
"IDM00096607","2020-03-23","-0.485","117.157","10.0","TEMINDUNG, ID",,,"  358",",,S",,,"  314","H,,S"
"IDM00096607","2020-03-24","-0.485","117.157","10.0","TEMINDUNG, ID",,,"  324",",,S","  247",",,S","  290","H,,S"
"IDM00096607","2020-03-25","-0.485","117.157","10.0","TEMINDUNG, ID",,,,,"  246",",,S","  303","H,,S"
"IDM00096607","2020-03-26","-0.485","117.157","10.0","TEMINDUNG, ID",,,"  330",",,S","  248",",,S","  308","H,,S"
"IDM00096607","2020-03-27","-0.485","117.157","10.0","TEMINDUNG, ID",,,"  344",",,S","  266",",,S","  313","H,,S"
"IDM00096607","2020-03-28","-0.485","117.157","10.0","TEMINDUNG, ID",,,"  354",",,S","  246",",,S","  316","H,,S"
"IDM00096607","2020-03-29","-0.485","117.157","10.0","TEMINDUNG, ID",,,"  330",",,S","  244",",,S","  294","H,,S"
"IDM00096607","2020-03-30","-0.485","117.157","10.0","TEMINDUNG, ID",,,"  320",",,S","  248",",,S","  301","H,,S"
"IDM00096607","2020-03-31","-0.485","117.157","10.0","TEMINDUNG, ID",,,"  348",",,S","  253",",,S","  297","H,,S"
"IDM00096607","2020-04-01","-0.485","117.157","10.0","TEMINDUNG, ID",,,"  320",",,S","  242",",,S","  290","H,,S"
"IDM00096607","2020-04-02","-0.485","117.157","10.0","TEMINDUNG, ID",,,"  330",",,S","  233",",,S","  295","H,,S"
"IDM00096607","2020-04-03","-0.485","117.157","10.0","TEMINDUNG, ID",,,"  340",",,S","  248",",,S","  311","H,,S"
"IDM00096607","2020-04-04","-0.485","117.157","10.0","TEMINDUNG, ID",,,"  337",",,S","  252",",,S","  311","H,,S"
"IDM00096607","2020-04-05","-0.485","117.157","10.0","TEMINDUNG, ID",,,"  350",",,S","  260",",,S","  318","H,,S"
"IDM00096607","2020-04-06","-0.485","117.157","10.0","TEMINDUNG, ID",,,"  348",",,S","  246",",,S","  319","H,,S"
"IDM00096607","2020-04-07","-0.485","117.157","10.0","TEMINDUNG, ID",,,"  340",",,S","  250",",,S","  304","H,,S"
"IDM00096607","2020-04-08","-0.485","117.157","10.0","TEMINDUNG, ID",,,"  311",",,S","  242",",,S","  285","H,,S"
"IDM00096607","2020-04-09","-0.485","117.157","10.0","TEMINDUNG, ID",,,"  340",",,S","  252",",,S","  298","H,,S"
"IDM00096607","2020-04-10","-0.485","117.157","10.0","TEMINDUNG, ID",,,"  338",",,S","  250",",,S","  311","H,,S"
"IDM00096607","2020-04-11","-0.485","117.157","10.0","TEMINDUNG, ID",,,"  310",",,S","  238",",,S","  285","H,,S"
"IDM00096607","2020-04-12","-0.485","117.157","10.0","TEMINDUNG, ID",,,"  340",",,S","  246",",,S","  307","H,,S"
"IDM00096607","2020-04-13","-0.485","117.157","10.0","TEMINDUNG, ID",,,"  342",",,S","  260",",,S","  314","H,,S"
"IDM00096607","2020-04-14","-0.485","117.157","10.0","TEMINDUNG, ID",,,"  340",",,S","  244",",,S","  309","H,,S"
"IDM00096607","2020-04-15","-0.485","117.157","10.0","TEMINDUNG, ID",,,"  358",",,S","  246",",,S","  318","H,,S"
"IDM00096607","2020-04-16","-0.485","117.157","10.0","TEMINDUNG, ID",,,"  348",",,S","  246",",,S","  318","H,,S"
"IDM00096607","2020-04-17","-0.485","117.157","10.0","TEMINDUNG, ID",,,"  354",",,S","  266",",,S","  321","H,,S"
"IDM00096607","2020-04-18","-0.485","117.157","10.0","TEMINDUNG, ID",,,"  356",",,S","  254",",,S","  322","H,,S"
"IDM00096607","2020-04-19","-0.485","117.157","10.0","TEMINDUNG, ID",,,"  316",",,S","  250",",,S","  293","H,,S"
"IDM00096607","2020-04-20","-0.485","117.157","10.0","TEMINDUNG, ID",,,"  331",",,S","  248",",,S","  297","H,,S"
"IDM00096607","2020-04-21","-0.485","117.157","10.0","TEMINDUNG, ID",,,"  346",",,S","  255",",,S","  313","H,,S"
"IDM00096607","2020-04-22","-0.485","117.157","10.0","TEMINDUNG, ID",,,"  322",",,S","  250",",,S","  284","H,,S"
"IDM00096607","2020-04-23","-0.485","117.157","10.0","TEMINDUNG, ID",,,"  334",",,S","  252",",,S","  302","H,,S"
"IDM00096607","2020-04-24","-0.485","117.157","10.0","TEMINDUNG, ID",,,,,"  252",",,S","  296","H,,S"
"IDM00096607","2020-04-25","-0.485","117.157","10.0","TEMINDUNG, ID",,,"  338",",,S","  256",",,S","  292","H,,S"
"IDM00096607","2020-04-26","-0.485","117.157","10.0","TEMINDUNG, ID",,,"  304",",,S","  246",",,S","  283","H,,S"
"IDM00096607","2020-04-27","-0.485","117.157","10.0","TEMINDUNG, ID",,,"  334",",,S","  246",",,S","  313","H,,S"
"IDM00096607","2020-04-28","-0.485","117.157","10.0","TEMINDUNG, ID",,,,,"  250",",,S","  283","H,,S"
"IDM00096607","2020-04-29","-0.485","117.157","10.0","TEMINDUNG, ID",,,,,"  256",",,S","  287","H,,S"
"IDM00096607","2020-04-30","-0.485","117.157","10.0","TEMINDUNG, ID",,,"  302",",,S","  244",",,S","  269","H,,S"
"IDM00096607","2020-05-01","-0.485","117.157","10.0","TEMINDUNG, ID",,,"  324",",,S","  250",",,S","  299","H,,S"
"IDM00096607","2020-05-02","-0.485","117.157","10.0","TEMINDUNG, ID",,,"  320",",,S","  252",",,S","  279","H,,S"
"IDM00096607","2020-05-03","-0.485","117.157","10.0","TEMINDUNG, ID",,,"  314",",,S","  244",",,S","  287","H,,S"
"IDM00096607","2020-05-04","-0.485","117.157","10.0","TEMINDUNG, ID",,,"  334",",,S","  240",",,S","  297","H,,S"
"IDM00096607","2020-05-05","-0.485","117.157","10.0","TEMINDUNG, ID",,,"  338",",,S","  252",",,S","  308","H,,S"
"IDM00096607","2020-05-06","-0.485","117.157","10.0","TEMINDUNG, ID",,,"  344",",,S","  258",",,S","  313","H,,S"
"IDM00096607","2020-05-07","-0.485","117.157","10.0","TEMINDUNG, ID",,,,,"  258",",,S","  312","H,,S"
"IDM00096607","2020-05-08","-0.485","117.157","10.0","TEMINDUNG, ID",,,"  352",",,S","  260",",,S","  318","H,,S"
"IDM00096607","2020-05-09","-0.485","117.157","10.0","TEMINDUNG, ID",,,"  328",",,S",,,"  284","H,,S"
"IDM00096607","2020-05-10","-0.485","117.157","10.0","TEMINDUNG, ID",,,"  324",",,S","  240",",,S","  289","H,,S"
"IDM00096607","2020-05-11","-0.485","117.157","10.0","TEMINDUNG, ID",,,"  352",",,S","  254",",,S","  314","H,,S"
"IDM00096607","2020-05-12","-0.485","117.157","10.0","TEMINDUNG, ID",,,"  327",",,S","  261",",,S","  305","H,,S"
"IDM00096607","2020-05-13","-0.485","117.157","10.0","TEMINDUNG, ID",,,"  344",",,S","  254",",,S","  312","H,,S"
"IDM00096607","2020-05-14","-0.485","117.157","10.0","TEMINDUNG, ID",,,"  328",",,S","  256",",,S","  300","H,,S"
"IDM00096607","2020-05-15","-0.485","117.157","10.0","TEMINDUNG, ID",,,"  333",",,S","  260",",,S","  302","H,,S"
"IDM00096607","2020-05-16","-0.485","117.157","10.0","TEMINDUNG, ID",,,"  342",",,S","  256",",,S","  293","H,,S"
"IDM00096607","2020-05-17","-0.485","117.157","10.0","TEMINDUNG, ID",,,"  318",",,S","  258",",,S","  293","H,,S"
"IDM00096607","2020-05-18","-0.485","117.157","10.0","TEMINDUNG, ID",,,"  322",",,S","  252",",,S","  290","H,,S"
"IDM00096607","2020-05-19","-0.485","117.157","10.0","TEMINDUNG, ID",,,"  313",",,S","  260",",,S","  276","H,,S"
"IDM00096607","2020-05-20","-0.485","117.157","10.0","TEMINDUNG, ID",,,"  340",",,S","  250",",,S","  301","H,,S"
"IDM00096607","2020-05-21","-0.485","117.157","10.0","TEMINDUNG, ID",,,"  316",",,S","  254",",,S","  282","H,,S"
"IDM00096607","2020-05-22","-0.485","117.157","10.0","TEMINDUNG, ID",,,"  281",",,S","  236",",,S","  262","H,,S"
"IDM00096607","2020-05-23","-0.485","117.157","10.0","TEMINDUNG, ID",,,"  332",",,S","  244",",,S","  298","H,,S"
"IDM00096607","2020-05-24","-0.485","117.157","10.0","TEMINDUNG, ID",,,"  320",",,S","  245",",,S","  298","H,,S"
"IDM00096607","2020-05-25","-0.485","117.157","10.0","TEMINDUNG, ID",,,"  306",",,S","  264",",,S","  280","H,,S"
"IDM00096607","2020-05-26","-0.485","117.157","10.0","TEMINDUNG, ID",,,"  340",",,S","  244",",,S","  306","H,,S"
"IDM00096607","2020-05-27","-0.485","117.157","10.0","TEMINDUNG, ID",,,"  334",",,S","  246",",,S","  300","H,,S"
"IDM00096607","2020-05-28","-0.485","117.157","10.0","TEMINDUNG, ID",,,"  316",",,S","  250",",,S","  282","H,,S"
"IDM00096607","2020-05-29","-0.485","117.157","10.0","TEMINDUNG, ID",,,"  314",",,S","  246",",,S","  289","H,,S"
"IDM00096607","2020-05-30","-0.485","117.157","10.0","TEMINDUNG, ID",,,"  335",",,S","  258",",,S","  303","H,,S"
"IDM00096607","2020-05-31","-0.485","117.157","10.0","TEMINDUNG, ID",,,"  326",",,S","  256",",,S","  303","H,,S"
"IDM00096607","2020-06-01","-0.485","117.157","10.0","TEMINDUNG, ID",,,"  320",",,S","  248",",,S","  295","H,,S"
"IDM00096607","2020-06-02","-0.485","117.157","10.0","TEMINDUNG, ID",,,"  337",",,S","  248",",,S","  288","H,,S"
"IDM00096607","2020-06-03","-0.485","117.157","10.0","TEMINDUNG, ID",,,"  317",",,S","  248",",,S","  294","H,,S"
