"STATION","DATE","LATITUDE","LONGITUDE","ELEVATION","NAME","PRCP","PRCP_ATTRIBUTES","SNWD","SNWD_ATTRIBUTES","TMAX","TMAX_ATTRIBUTES","TMIN","TMIN_ATTRIBUTES","TAVG","TAVG_ATTRIBUTES"
"KZ000038099","2018-06-12","44.283","72.95","350.0","FURMANOVO, KZ",,,,,"  342",",,S","  145",",,S","  248","H,,S"
"KZ000038099","2018-06-13","44.283","72.95","350.0","FURMANOVO, KZ",,,,,"  355",",,S","  144",",,S","  266","H,,S"
"KZ000038099","2018-06-14","44.283","72.95","350.0","FURMANOVO, KZ",,,,,"  250",",,S","  178",",,S","  208","H,,S"
"KZ000038099","2018-06-15","44.283","72.95","350.0","FURMANOVO, KZ",,,,,"  265",",,S","  155",",,S","  205","H,,S"
"KZ000038099","2018-06-16","44.283","72.95","350.0","FURMANOVO, KZ",,,,,"  320",",,S","  124",",,S","  230","H,,S"
"KZ000038099","2018-06-17","44.283","72.95","350.0","FURMANOVO, KZ",,,,,"  350",",,S","  122",",,S","  254","H,,S"
"KZ000038099","2018-06-18","44.283","72.95","350.0","FURMANOVO, KZ",,,,,"  385",",,S","  162",",,S","  279","H,,S"
"KZ000038099","2018-06-20","44.283","72.95","350.0","FURMANOVO, KZ",,,,,"  334",",,S","  164",",,S","  249","H,,S"
"KZ000038099","2018-06-22","44.283","72.95","350.0","FURMANOVO, KZ",,,,,"  379",",,S","  172",",,S","  276","H,,S"
"KZ000038099","2018-06-23","44.283","72.95","350.0","FURMANOVO, KZ",,,,,,,"  139",",,S","  241","H,,S"
"KZ000038099","2018-06-24","44.283","72.95","350.0","FURMANOVO, KZ",,,,,"  323",",,S","  165",",,S","  223","H,,S"
"KZ000038099","2018-06-25","44.283","72.95","350.0","FURMANOVO, KZ",,,,,"  290",",,S","  140",",,S","  213","H,,S"
"KZ000038099","2018-06-26","44.283","72.95","350.0","FURMANOVO, KZ",,,,,"  290",",,S","  130",",,S","  210","H,,S"
"KZ000038099","2018-06-27","44.283","72.95","350.0","FURMANOVO, KZ",,,,,"  300",",,S","  116",",,S","  210","H,,S"
"KZ000038099","2018-06-28","44.283","72.95","350.0","FURMANOVO, KZ",,,,,"  340",",,S","  142",",,S","  248","H,,S"
"KZ000038099","2018-06-29","44.283","72.95","350.0","FURMANOVO, KZ",,,,,"  335",",,S","  164",",,S","  251","H,,S"
"KZ000038099","2018-06-30","44.283","72.95","350.0","FURMANOVO, KZ",,,,,"  385",",,S","  151",",,S","  281","H,,S"
"KZ000038099","2018-07-01","44.283","72.95","350.0","FURMANOVO, KZ",,,,,"  366",",,S","  187",",,S","  278","H,,S"
"KZ000038099","2018-07-02","44.283","72.95","350.0","FURMANOVO, KZ",,,,,"  346",",,S","  173",",,S","  261","H,,S"
"KZ000038099","2018-07-03","44.283","72.95","350.0","FURMANOVO, KZ",,,,,"  315",",,S","  172",",,S","  244","H,,S"
"KZ000038099","2018-07-04","44.283","72.95","350.0","FURMANOVO, KZ",,,,,"  342",",,S","  164",",,S","  260","H,,S"
"KZ000038099","2018-07-05","44.283","72.95","350.0","FURMANOVO, KZ",,,,,"  348",",,S","  172",",,S","  259","H,,S"
"KZ000038099","2018-07-06","44.283","72.95","350.0","FURMANOVO, KZ",,,,,"  350",",,S","  160",",,S","  259","H,,S"
"KZ000038099","2018-07-07","44.283","72.95","350.0","FURMANOVO, KZ",,,,,"  375",",,S","  147",",,S","  273","H,,S"
"KZ000038099","2018-07-09","44.283","72.95","350.0","FURMANOVO, KZ",,,,,"  415",",,S","  170",",,S","  303","H,,S"
"KZ000038099","2018-07-10","44.283","72.95","350.0","FURMANOVO, KZ",,,,,"  417",",,S","  180",",,S","  305","H,,S"
"KZ000038099","2018-07-11","44.283","72.95","350.0","FURMANOVO, KZ",,,,,"  376",",,S","  212",",,S","  289","H,,S"
"KZ000038099","2018-07-12","44.283","72.95","350.0","FURMANOVO, KZ",,,,,"  365",",,S","  185",",,S","  258","H,,S"
"KZ000038099","2018-07-13","44.283","72.95","350.0","FURMANOVO, KZ",,,,,"  365",",,S","  166",",,S","  269","H,,S"
"KZ000038099","2018-07-14","44.283","72.95","350.0","FURMANOVO, KZ",,,,,"  373",",,S","  160",",,S","  263","H,,S"
"KZ000038099","2018-07-15","44.283","72.95","350.0","FURMANOVO, KZ",,,,,"  372",",,S","  188",",,S","  288","H,,S"
"KZ000038099","2018-07-16","44.283","72.95","350.0","FURMANOVO, KZ",,,,,"  365",",,S","  185",",,S","  275","H,,S"
"KZ000038099","2018-07-17","44.283","72.95","350.0","FURMANOVO, KZ",,,,,"  371",",,S",,,"  285","H,,S"
"KZ000038099","2018-07-18","44.283","72.95","350.0","FURMANOVO, KZ",,,,,"  346",",,S","  184",",,S","  269","H,,S"
"KZ000038099","2018-07-19","44.283","72.95","350.0","FURMANOVO, KZ",,,,,"  350",",,S","  161",",,S","  263","H,,S"
"KZ000038099","2018-07-20","44.283","72.95","350.0","FURMANOVO, KZ",,,,,"  355",",,S","  165",",,S","  267","H,,S"
"KZ000038099","2018-07-21","44.283","72.95","350.0","FURMANOVO, KZ",,,,,"  370",",,S","  164",",,S","  280","H,,S"
"KZ000038099","2018-07-22","44.283","72.95","350.0","FURMANOVO, KZ",,,,,"  394",",,S","  160",",,S","  285","H,,S"
"KZ000038099","2018-07-23","44.283","72.95","350.0","FURMANOVO, KZ",,,,,"  345",",,S",,,"  268","H,,S"
"KZ000038099","2018-07-24","44.283","72.95","350.0","FURMANOVO, KZ",,,,,"  295",",,S","  136",",,S","  214","H,,S"
"KZ000038099","2018-07-25","44.283","72.95","350.0","FURMANOVO, KZ",,,,,"  265",",,S","  126",",,S","  196","H,,S"
"KZ000038099","2018-07-26","44.283","72.95","350.0","FURMANOVO, KZ",,,,,"  291",",,S","  135",",,S","  216","H,,S"
"KZ000038099","2018-07-27","44.283","72.95","350.0","FURMANOVO, KZ",,,,,"  315",",,S","  128",",,S","  232","H,,S"
"KZ000038099","2018-07-28","44.283","72.95","350.0","FURMANOVO, KZ",,,,,"  335",",,S","  154",",,S","  251","H,,S"
"KZ000038099","2018-07-29","44.283","72.95","350.0","FURMANOVO, KZ",,,,,"  312",",,S","  180",",,S","  241","H,,S"
"KZ000038099","2018-07-30","44.283","72.95","350.0","FURMANOVO, KZ",,,,,"  330",",,S","  135",",,S","  242","H,,S"
"KZ000038099","2018-07-31","44.283","72.95","350.0","FURMANOVO, KZ",,,,,"  355",",,S",,,"  267","H,,S"
"KZ000038099","2018-08-01","44.283","72.95","350.0","FURMANOVO, KZ",,,,,"  368",",,S","  142",",,S","  248","H,,S"
"KZ000038099","2018-08-02","44.283","72.95","350.0","FURMANOVO, KZ",,,,,"  345",",,S","  164",",,S","  255","H,,S"
"KZ000038099","2018-08-03","44.283","72.95","350.0","FURMANOVO, KZ",,,,,"  346",",,S","  155",",,S","  249","H,,S"
"KZ000038099","2018-08-04","44.283","72.95","350.0","FURMANOVO, KZ",,,,,"  362",",,S","  156",",,S","  264","H,,S"
"KZ000038099","2018-08-05","44.283","72.95","350.0","FURMANOVO, KZ",,,,,"  374",",,S","  168",",,S","  279","H,,S"
"KZ000038099","2018-08-06","44.283","72.95","350.0","FURMANOVO, KZ",,,,,"  396",",,S","  185",",,S","  300","H,,S"
"KZ000038099","2018-08-07","44.283","72.95","350.0","FURMANOVO, KZ",,,,,"  365",",,S","  197",",,S","  293","H,,S"
"KZ000038099","2018-08-08","44.283","72.95","350.0","FURMANOVO, KZ",,,,,"  405",",,S","  180",",,S","  304","H,,S"
"KZ000038099","2018-08-09","44.283","72.95","350.0","FURMANOVO, KZ",,,,,"  386",",,S","  191",",,S","  299","H,,S"
"KZ000038099","2018-08-10","44.283","72.95","350.0","FURMANOVO, KZ",,,,,"  410",",,S","  205",",,S","  309","H,,S"
"KZ000038099","2018-08-11","44.283","72.95","350.0","FURMANOVO, KZ",,,,,"  391",",,S","  183",",,S","  272","H,,S"
"KZ000038099","2018-08-12","44.283","72.95","350.0","FURMANOVO, KZ",,,,,"  298",",,S","  171",",,S","  231","H,,S"
"KZ000038099","2018-08-13","44.283","72.95","350.0","FURMANOVO, KZ",,,,,"  315",",,S","  144",",,S","  229","H,,S"
"KZ000038099","2018-08-14","44.283","72.95","350.0","FURMANOVO, KZ",,,,,"  324",",,S","  154",",,S","  240","H,,S"
"KZ000038099","2018-08-15","44.283","72.95","350.0","FURMANOVO, KZ",,,,,"  370",",,S","  149",",,S","  262","H,,S"
"KZ000038099","2018-08-16","44.283","72.95","350.0","FURMANOVO, KZ",,,,,"  380",",,S","  173",",,S","  270","H,,S"
"KZ000038099","2018-08-17","44.283","72.95","350.0","FURMANOVO, KZ",,,,,"  337",",,S","  138",",,S","  237","H,,S"
"KZ000038099","2018-08-18","44.283","72.95","350.0","FURMANOVO, KZ",,,,,"  330",",,S","  146",",,S","  233","H,,S"
"KZ000038099","2018-08-19","44.283","72.95","350.0","FURMANOVO, KZ",,,,,"  390",",,S","  140",",,S","  263","H,,S"
"KZ000038099","2018-08-20","44.283","72.95","350.0","FURMANOVO, KZ",,,,,"  395",",,S","  148",",,S","  266","H,,S"
"KZ000038099","2018-08-21","44.283","72.95","350.0","FURMANOVO, KZ",,,,,"  265",",,S",,,"  198","H,,S"
"KZ000038099","2018-08-22","44.283","72.95","350.0","FURMANOVO, KZ",,,,,"  274",",,S","   82",",,S","  188","H,,S"
"KZ000038099","2018-08-23","44.283","72.95","350.0","FURMANOVO, KZ",,,,,"  320",",,S","   88",",,S","  223","H,,S"
"KZ000038099","2018-08-24","44.283","72.95","350.0","FURMANOVO, KZ",,,,,"  340",",,S","  134",",,S","  244","H,,S"
"KZ000038099","2018-08-25","44.283","72.95","350.0","FURMANOVO, KZ",,,,,"  270",",,S","  141",",,S","  198","H,,S"
"KZ000038099","2018-08-26","44.283","72.95","350.0","FURMANOVO, KZ",,,,,"  285",",,S","   71",",,S","  176","H,,S"
"KZ000038099","2018-08-27","44.283","72.95","350.0","FURMANOVO, KZ",,,,,"  300",",,S","   88",",,S","  202","H,,S"
"KZ000038099","2018-08-28","44.283","72.95","350.0","FURMANOVO, KZ",,,,,"  320",",,S","  103",",,S","  212","H,,S"
"KZ000038099","2018-08-29","44.283","72.95","350.0","FURMANOVO, KZ",,,,,"  274",",,S","  100",",,S","  191","H,,S"
"KZ000038099","2018-08-30","44.283","72.95","350.0","FURMANOVO, KZ",,,,,"  252",",,S","   88",",,S","  174","H,,S"
"KZ000038099","2018-08-31","44.283","72.95","350.0","FURMANOVO, KZ",,,,,"  271",",,S","   95",",,S","  189","H,,S"
"KZ000038099","2018-09-01","44.283","72.95","350.0","FURMANOVO, KZ",,,,,"  275",",,S","   94",",,S","  192","H,,S"
"KZ000038099","2018-09-02","44.283","72.95","350.0","FURMANOVO, KZ",,,,,"  182",",,S","   65",",,S","  117","H,,S"
"KZ000038099","2018-09-03","44.283","72.95","350.0","FURMANOVO, KZ",,,,,"  206",",,S","   35",",,S","  129","H,,S"
"KZ000038099","2018-09-04","44.283","72.95","350.0","FURMANOVO, KZ",,,,,"  248",",,S","   43",",,S","  164","H,,S"
"KZ000038099","2018-09-05","44.283","72.95","350.0","FURMANOVO, KZ",,,,,"  280",",,S","  100",",,S","  194","H,,S"
"KZ000038099","2018-09-06","44.283","72.95","350.0","FURMANOVO, KZ",,,,,"  322",",,S","  113",",,S","  248","H,,S"
"KZ000038099","2018-09-07","44.283","72.95","350.0","FURMANOVO, KZ",,,,,"  290",",,S","  104",",,S","  203","H,,S"
"KZ000038099","2018-09-08","44.283","72.95","350.0","FURMANOVO, KZ",,,,,"  281",",,S","   88",",,S","  189","H,,S"
"KZ000038099","2018-09-10","44.283","72.95","350.0","FURMANOVO, KZ",,,,,"  270",",,S","   98",",,S","  180","H,,S"
"KZ000038099","2018-09-11","44.283","72.95","350.0","FURMANOVO, KZ",,,,,"  282",",,S","   89",",,S","  192","H,,S"
"KZ000038099","2018-09-12","44.283","72.95","350.0","FURMANOVO, KZ",,,,,"  196",",,S","   94",",,S","  140","H,,S"
"KZ000038099","2018-09-13","44.283","72.95","350.0","FURMANOVO, KZ",,,,,"  202",",,S","   45",",,S","  129","H,,S"
"KZ000038099","2018-09-14","44.283","72.95","350.0","FURMANOVO, KZ",,,,,"  256",",,S","   66",",,S","  167","H,,S"
"KZ000038099","2018-09-16","44.283","72.95","350.0","FURMANOVO, KZ",,,,,"  294",",,S","   74",",,S","  185","H,,S"
"KZ000038099","2018-09-19","44.283","72.95","350.0","FURMANOVO, KZ",,,,,"  281",",,S","   84",",,S","  182","H,,S"
"KZ000038099","2018-09-20","44.283","72.95","350.0","FURMANOVO, KZ",,,,,"  283",",,S","  129",",,S","  223","H,,S"
"KZ000038099","2018-09-21","44.283","72.95","350.0","FURMANOVO, KZ",,,,,"  233",",,S","  130",",,S","  174","H,,S"
"KZ000038099","2018-09-22","44.283","72.95","350.0","FURMANOVO, KZ",,,,,,,,,"  171","H,,S"
"KZ000038099","2018-09-23","44.283","72.95","350.0","FURMANOVO, KZ",,,,,"  270",",,S","   55",",,S","  174","H,,S"
"KZ000038099","2018-09-25","44.283","72.95","350.0","FURMANOVO, KZ",,,,,"  231",",,S","   45",",,S","  150","H,,S"
"KZ000038099","2018-09-26","44.283","72.95","350.0","FURMANOVO, KZ",,,,,"  245",",,S","   83",",,S","  167","H,,S"
"KZ000038099","2018-09-27","44.283","72.95","350.0","FURMANOVO, KZ",,,,,"  255",",,S","   90",",,S","  184","H,,S"
"KZ000038099","2018-09-28","44.283","72.95","350.0","FURMANOVO, KZ",,,,,"  304",",,S","  140",",,S","  213","H,,S"
"KZ000038099","2018-09-29","44.283","72.95","350.0","FURMANOVO, KZ",,,,,"  278",",,S","   71",",,S","  174","H,,S"
"KZ000038099","2018-09-30","44.283","72.95","350.0","FURMANOVO, KZ",,,,,"  320",",,S","  110",",,S","  207","H,,S"
"KZ000038099","2018-10-01","44.283","72.95","350.0","FURMANOVO, KZ",,,,,"  303",",,S","  102",",,S","  195","H,,S"
"KZ000038099","2018-10-02","44.283","72.95","350.0","FURMANOVO, KZ",,,,,"  257",",,S","   68",",,S","  169","H,,S"
"KZ000038099","2018-10-03","44.283","72.95","350.0","FURMANOVO, KZ",,,,,"  245",",,S","   75",",,S","  160","H,,S"
"KZ000038099","2018-10-04","44.283","72.95","350.0","FURMANOVO, KZ",,,,,"  231",",,S","   57",",,S","  157","H,,S"
"KZ000038099","2018-10-05","44.283","72.95","350.0","FURMANOVO, KZ",,,,,"  272",",,S","   70",",,S","  180","H,,S"
"KZ000038099","2018-10-06","44.283","72.95","350.0","FURMANOVO, KZ",,,,,"  293",",,S","   75",",,S","  184","H,,S"
"KZ000038099","2018-10-07","44.283","72.95","350.0","FURMANOVO, KZ",,,,,"  141",",,S",,,"  102","H,,S"
"KZ000038099","2018-10-08","44.283","72.95","350.0","FURMANOVO, KZ",,,,,"  150",",,S","   44",",,S","  112","H,,S"
"KZ000038099","2018-10-09","44.283","72.95","350.0","FURMANOVO, KZ",,,,,"  190",",,S","   52",",,S","  119","H,,S"
"KZ000038099","2018-10-10","44.283","72.95","350.0","FURMANOVO, KZ",,,,,"  200",",,S","   14",",,S","  116","H,,S"
"KZ000038099","2018-10-11","44.283","72.95","350.0","FURMANOVO, KZ",,,,,"  217",",,S","   25",",,S","  124","H,,S"
"KZ000038099","2018-10-12","44.283","72.95","350.0","FURMANOVO, KZ",,,,,"  221",",,S","   25",",,S","  139","H,,S"
"KZ000038099","2018-10-13","44.283","72.95","350.0","FURMANOVO, KZ",,,,,,,,,"   59","H,,S"
"KZ000038099","2018-10-14","44.283","72.95","350.0","FURMANOVO, KZ",,,,,"   60",",,S","    5",",,S","   33","H,,S"
"KZ000038099","2018-10-15","44.283","72.95","350.0","FURMANOVO, KZ",,,,,"   86",",,S","   30",",,S","   54","H,,S"
"KZ000038099","2018-10-16","44.283","72.95","350.0","FURMANOVO, KZ",,,,,"   70",",,S","   10",",,S","   38","H,,S"
"KZ000038099","2018-10-17","44.283","72.95","350.0","FURMANOVO, KZ",,,,,"   62",",,S","  -33",",,S","   14","H,,S"
"KZ000038099","2018-10-18","44.283","72.95","350.0","FURMANOVO, KZ",,,,,"  121",",,S","  -40",",,S","   56","H,,S"
"KZ000038099","2018-10-20","44.283","72.95","350.0","FURMANOVO, KZ",,,,,"  146",",,S","  -12",",,S","   69","H,,S"
"KZ000038099","2018-10-21","44.283","72.95","350.0","FURMANOVO, KZ",,,,,"  193",",,S","   -6",",,S","   90","H,,S"
"KZ000038099","2018-10-22","44.283","72.95","350.0","FURMANOVO, KZ",,,,,"  205",",,S","   -8",",,S","   86","H,,S"
"KZ000038099","2018-10-24","44.283","72.95","350.0","FURMANOVO, KZ",,,,,"  185",",,S","  -12",",,S","   88","H,,S"
"KZ000038099","2018-10-25","44.283","72.95","350.0","FURMANOVO, KZ",,,,,"  204",",,S","   -5",",,S","   94","H,,S"
"KZ000038099","2018-10-27","44.283","72.95","350.0","FURMANOVO, KZ",,,,,"  281",",,S","   32",",,S","  157","H,,S"
"KZ000038099","2018-10-28","44.283","72.95","350.0","FURMANOVO, KZ",,,,,,,,,"   89","H,,S"
"KZ000038099","2018-10-29","44.283","72.95","350.0","FURMANOVO, KZ",,,,,"  152",",,S","  -16",",,S","   70","H,,S"
"KZ000038099","2018-10-30","44.283","72.95","350.0","FURMANOVO, KZ",,,,,"  161",",,S","  -21",",,S","   59","H,,S"
"KZ000038099","2018-10-31","44.283","72.95","350.0","FURMANOVO, KZ",,,,,"   92",",,S","  -31",",,S","   24","H,,S"
"KZ000038099","2018-11-01","44.283","72.95","350.0","FURMANOVO, KZ",,,,,"   55",",,S","  -35",",,S","    7","H,,S"
"KZ000038099","2018-11-02","44.283","72.95","350.0","FURMANOVO, KZ",,,,,"   58",",,S","  -47",",,S","   -5","H,,S"
"KZ000038099","2018-11-03","44.283","72.95","350.0","FURMANOVO, KZ",,,,,"   82",",,S","  -93",",,S","    0","H,,S"
"KZ000038099","2018-11-04","44.283","72.95","350.0","FURMANOVO, KZ",,,,,"   63",",,S","  -18",",,S","   14","H,,S"
"KZ000038099","2018-11-05","44.283","72.95","350.0","FURMANOVO, KZ",,,,,"  120",",,S","  -71",",,S","   29","H,,S"
"KZ000038099","2018-11-06","44.283","72.95","350.0","FURMANOVO, KZ",,,,,"  117",",,S","  -78",",,S","   34","H,,S"
"KZ000038099","2018-11-07","44.283","72.95","350.0","FURMANOVO, KZ",,,,,"  121",",,S","   25",",,S","   69","H,,S"
"KZ000038099","2018-11-08","44.283","72.95","350.0","FURMANOVO, KZ",,,,,"  114",",,S",,,"   52","H,,S"
"KZ000038099","2018-11-09","44.283","72.95","350.0","FURMANOVO, KZ",,,,,"   85",",,S","  -61",",,S","   16","H,,S"
"KZ000038099","2018-11-10","44.283","72.95","350.0","FURMANOVO, KZ",,,,,"   91",",,S","  -15",",,S","   33","H,,S"
"KZ000038099","2018-11-11","44.283","72.95","350.0","FURMANOVO, KZ",,,,,"   40",",,S",,,"   -2","H,,S"
"KZ000038099","2018-11-12","44.283","72.95","350.0","FURMANOVO, KZ",,,,,,,,," -112","H,,S"
"KZ000038099","2018-11-13","44.283","72.95","350.0","FURMANOVO, KZ",,,,,"  -56",",,S"," -173",",,S"," -122","H,,S"
"KZ000038099","2018-11-14","44.283","72.95","350.0","FURMANOVO, KZ",,,,,"  -55",",,S"," -179",",,S"," -132","H,,S"
"KZ000038099","2018-11-15","44.283","72.95","350.0","FURMANOVO, KZ",,,,,"  -43",",,S"," -236",",,S"," -138","H,,S"
"KZ000038099","2018-11-23","44.283","72.95","350.0","FURMANOVO, KZ",,,,,"   58",",,S","   16",",,S","   41","H,,S"
"KZ000038099","2018-11-24","44.283","72.95","350.0","FURMANOVO, KZ",,,,,"   56",",,S",,,"   -2","H,,S"
"KZ000038099","2018-11-25","44.283","72.95","350.0","FURMANOVO, KZ",,,,,"   -5",",,S"," -122",",,S","  -66","H,,S"
"KZ000038099","2018-11-26","44.283","72.95","350.0","FURMANOVO, KZ",,,,,"   10",",,S"," -115",",,S","  -39","H,,S"
"KZ000038099","2018-11-27","44.283","72.95","350.0","FURMANOVO, KZ",,,,,"   26",",,S","  -15",",,S","   11","H,,S"
"KZ000038099","2018-11-28","44.283","72.95","350.0","FURMANOVO, KZ",,,,,"   55",",,S","   -4",",,S","   12","H,,S"
"KZ000038099","2018-11-29","44.283","72.95","350.0","FURMANOVO, KZ",,,,,"   80",",,S","  -24",",,S","   28","H,,S"
"KZ000038099","2018-11-30","44.283","72.95","350.0","FURMANOVO, KZ",,,,,"  120",",,S",,,"    7","H,,S"
"KZ000038099","2018-12-01","44.283","72.95","350.0","FURMANOVO, KZ",,,,,"  -25",",,S"," -171",",,S","  -84","H,,S"
"KZ000038099","2018-12-02","44.283","72.95","350.0","FURMANOVO, KZ",,,,,"  -21",",,S"," -146",",,S","  -83","H,,S"
"KZ000038099","2018-12-03","44.283","72.95","350.0","FURMANOVO, KZ",,,,,"  -10",",,S"," -122",",,S","  -67","H,,S"
"KZ000038099","2018-12-04","44.283","72.95","350.0","FURMANOVO, KZ",,,,,"    5",",,S"," -114",",,S","  -57","H,,S"
"KZ000038099","2018-12-05","44.283","72.95","350.0","FURMANOVO, KZ",,,,,"  -28",",,S"," -106",",,S","  -68","H,,S"
"KZ000038099","2018-12-06","44.283","72.95","350.0","FURMANOVO, KZ",,,,,"  -23",",,S"," -110",",,S","  -76","H,,S"
"KZ000038099","2018-12-07","44.283","72.95","350.0","FURMANOVO, KZ",,,,,"  -28",",,S"," -111",",,S","  -79","H,,S"
"KZ000038099","2018-12-08","44.283","72.95","350.0","FURMANOVO, KZ",,,,,"  -15",",,S"," -114",",,S","  -63","H,,S"
"KZ000038099","2018-12-09","44.283","72.95","350.0","FURMANOVO, KZ",,,,,"    7",",,S","  -45",",,S","  -33","H,,S"
"KZ000038099","2018-12-10","44.283","72.95","350.0","FURMANOVO, KZ",,,,,"   52",",,S","  -38",",,S","   14","H,,S"
"KZ000038099","2018-12-11","44.283","72.95","350.0","FURMANOVO, KZ",,,,,"   23",",,S",,,"   13","H,,S"
"KZ000038099","2018-12-12","44.283","72.95","350.0","FURMANOVO, KZ",,,,,"   30",",,S","    0",",,S","    8","H,,S"
"KZ000038099","2018-12-13","44.283","72.95","350.0","FURMANOVO, KZ",,,,,"   24",",,S",,,"   -5","H,,S"
"KZ000038099","2018-12-14","44.283","72.95","350.0","FURMANOVO, KZ",,,,,"   -8",",,S","  -39",",,S","  -29","H,,S"
"KZ000038099","2018-12-15","44.283","72.95","350.0","FURMANOVO, KZ",,,,,"   89",",,S",,,"   17","H,,S"
"KZ000038099","2018-12-16","44.283","72.95","350.0","FURMANOVO, KZ",,,,,"   57",",,S",,,"    9","H,,S"
"KZ000038099","2018-12-17","44.283","72.95","350.0","FURMANOVO, KZ",,,,,"   30",",,S","  -38",",,S","   -6","H,,S"
"KZ000038099","2018-12-18","44.283","72.95","350.0","FURMANOVO, KZ",,,,,,,,,"   -4","H,,S"
"KZ000038099","2018-12-19","44.283","72.95","350.0","FURMANOVO, KZ",,,,,"  -11",",,S","  -39",",,S","  -32","H,,S"
"KZ000038099","2018-12-20","44.283","72.95","350.0","FURMANOVO, KZ",,,,,"  -30",",,S",,,"  -52","H,,S"
"KZ000038099","2018-12-21","44.283","72.95","350.0","FURMANOVO, KZ",,,,,"  -46",",,S",,,"  -86","H,,S"
"KZ000038099","2018-12-22","44.283","72.95","350.0","FURMANOVO, KZ",,,,,"  -56",",,S"," -154",",,S"," -116","H,,S"
"KZ000038099","2018-12-23","44.283","72.95","350.0","FURMANOVO, KZ",,,,,"  -47",",,S"," -158",",,S"," -111","H,,S"
"KZ000038099","2018-12-24","44.283","72.95","350.0","FURMANOVO, KZ",,,,,"  -33",",,S"," -135",",,S","  -84","H,,S"
"KZ000038099","2018-12-25","44.283","72.95","350.0","FURMANOVO, KZ",,,,,"  -69",",,S",,,"  -96","H,,S"
"KZ000038099","2018-12-26","44.283","72.95","350.0","FURMANOVO, KZ",,,,,"  -85",",,S"," -155",",,S"," -120","H,,S"
"KZ000038099","2018-12-27","44.283","72.95","350.0","FURMANOVO, KZ",,,,,"  -78",",,S"," -130",",,S"," -109","H,,S"
"KZ000038099","2018-12-28","44.283","72.95","350.0","FURMANOVO, KZ",,,,,"    2",",,S"," -122",",,S","  -58","H,,S"
"KZ000038099","2018-12-29","44.283","72.95","350.0","FURMANOVO, KZ",,,,,"   35",",,S","  -89",",,S","  -40","H,,S"
"KZ000038099","2018-12-30","44.283","72.95","350.0","FURMANOVO, KZ",,,,,,,,,"  -18","H,,S"
"KZ000038099","2018-12-31","44.283","72.95","350.0","FURMANOVO, KZ",,,,,"  -12",",,S","  -54",",,S","  -34","H,,S"
"KZ000038099","2019-01-01","44.283","72.95","350.0","FURMANOVO, KZ",,,,,"  -19",",,S","  -62",",,S","  -46","H,,S"
"KZ000038099","2019-01-02","44.283","72.95","350.0","FURMANOVO, KZ",,,,,"  -19",",,S","  -62",",,S","  -43","H,,S"
"KZ000038099","2019-01-03","44.283","72.95","350.0","FURMANOVO, KZ",,,,,"   20",",,S","  -63",",,S","  -28","H,,S"
"KZ000038099","2019-01-04","44.283","72.95","350.0","FURMANOVO, KZ",,,,,"   -9",",,S",,,"  -48","H,,S"
"KZ000038099","2019-01-05","44.283","72.95","350.0","FURMANOVO, KZ",,,,,"   -9",",,S"," -101",",,S","  -70","H,,S"
"KZ000038099","2019-01-06","44.283","72.95","350.0","FURMANOVO, KZ",,,,,"   16",",,S","  -94",",,S","  -43","H,,S"
"KZ000038099","2019-01-07","44.283","72.95","350.0","FURMANOVO, KZ",,,,,"   14",",,S"," -107",",,S","  -64","H,,S"
"KZ000038099","2019-01-08","44.283","72.95","350.0","FURMANOVO, KZ",,,,,"  101",",,S","  -72",",,S","   29","H,,S"
"KZ000038099","2019-01-09","44.283","72.95","350.0","FURMANOVO, KZ",,,,,"   26",",,S",,,"   10","H,,S"
"KZ000038099","2019-01-10","44.283","72.95","350.0","FURMANOVO, KZ",,,,,"   10",",,S","  -28",",,S","  -10","H,,S"
"KZ000038099","2019-01-11","44.283","72.95","350.0","FURMANOVO, KZ",,,,,"    3",",,S","  -25",",,S","  -17","H,,S"
"KZ000038099","2019-01-12","44.283","72.95","350.0","FURMANOVO, KZ",,,,,"    2",",,S",,,"  -31","H,,S"
"KZ000038099","2019-01-13","44.283","72.95","350.0","FURMANOVO, KZ",,,,,"   35",",,S"," -100",",,S","  -38","H,,S"
"KZ000038099","2019-01-14","44.283","72.95","350.0","FURMANOVO, KZ",,,,,"   32",",,S","  -74",",,S","  -26","H,,S"
"KZ000038099","2019-01-15","44.283","72.95","350.0","FURMANOVO, KZ",,,,,"   58",",,S","  -21",",,S","   19","H,,S"
"KZ000038099","2019-01-16","44.283","72.95","350.0","FURMANOVO, KZ",,,,,"   25",",,S",,,"   10","H,,S"
"KZ000038099","2019-01-17","44.283","72.95","350.0","FURMANOVO, KZ",,,,,"   45",",,S","  -14",",,S","    7","H,,S"
"KZ000038099","2019-01-18","44.283","72.95","350.0","FURMANOVO, KZ",,,,,"   64",",,S","  -10",",,S","   14","H,,S"
"KZ000038099","2019-01-19","44.283","72.95","350.0","FURMANOVO, KZ",,,,,"   82",",,S","   -7",",,S","   20","H,,S"
"KZ000038099","2019-01-20","44.283","72.95","350.0","FURMANOVO, KZ",,,,,"   41",",,S","  -16",",,S","    7","H,,S"
"KZ000038099","2019-01-21","44.283","72.95","350.0","FURMANOVO, KZ",,,,,"   40",",,S","   -4",",,S","   12","H,,S"
"KZ000038099","2019-01-22","44.283","72.95","350.0","FURMANOVO, KZ",,,,,"   25",",,S","  -15",",,S","   -4","H,,S"
"KZ000038099","2019-01-23","44.283","72.95","350.0","FURMANOVO, KZ",,,,,"   15",",,S","  -35",",,S","  -16","H,,S"
"KZ000038099","2019-01-24","44.283","72.95","350.0","FURMANOVO, KZ",,,,,"   40",",,S","  -51",",,S","   -7","H,,S"
"KZ000038099","2019-01-25","44.283","72.95","350.0","FURMANOVO, KZ",,,,,"   58",",,S","  -34",",,S","    6","H,,S"
"KZ000038099","2019-01-26","44.283","72.95","350.0","FURMANOVO, KZ",,,,,"   30",",,S",,,"  -13","H,,S"
"KZ000038099","2019-01-27","44.283","72.95","350.0","FURMANOVO, KZ",,,,,"   45",",,S","  -74",",,S","  -17","H,,S"
"KZ000038099","2019-01-28","44.283","72.95","350.0","FURMANOVO, KZ",,,,,"  -40",",,S",,,"  -77","H,,S"
"KZ000038099","2019-01-29","44.283","72.95","350.0","FURMANOVO, KZ",,,,,"  -15",",,S"," -151",",,S","  -81","H,,S"
"KZ000038099","2019-01-30","44.283","72.95","350.0","FURMANOVO, KZ",,,,,"   50",",,S"," -121",",,S","  -31","H,,S"
"KZ000038099","2019-01-31","44.283","72.95","350.0","FURMANOVO, KZ",,,,,,,,,"  -18","H,,S"
"KZ000038099","2019-02-01","44.283","72.95","350.0","FURMANOVO, KZ",,,,,"  -13",",,S",,,"  -48","H,,S"
"KZ000038099","2019-02-02","44.283","72.95","350.0","FURMANOVO, KZ",,,,,"   14",",,S","  -91",",,S","  -40","H,,S"
"KZ000038099","2019-02-03","44.283","72.95","350.0","FURMANOVO, KZ",,,,,"   46",",,S","  -81",",,S","  -26","H,,S"
"KZ000038099","2019-02-04","44.283","72.95","350.0","FURMANOVO, KZ",,,,,"   53",",,S","  -65",",,S","  -21","H,,S"
"KZ000038099","2019-02-05","44.283","72.95","350.0","FURMANOVO, KZ",,,,,"   10",",,S","  -63",",,S","  -25","H,,S"
"KZ000038099","2019-02-06","44.283","72.95","350.0","FURMANOVO, KZ",,,,,,,,," -165","H,,S"
"KZ000038099","2019-02-07","44.283","72.95","350.0","FURMANOVO, KZ",,,,,"  -84",",,S"," -188",",,S"," -142","H,,S"
"KZ000038099","2019-02-08","44.283","72.95","350.0","FURMANOVO, KZ",,,,,"  -50",",,S"," -189",",,S"," -124","H,,S"
"KZ000038099","2019-02-09","44.283","72.95","350.0","FURMANOVO, KZ",,,,,"    6",",,S"," -141",",,S","  -71","H,,S"
"KZ000038099","2019-02-10","44.283","72.95","350.0","FURMANOVO, KZ",,,,,"   19",",,S",,,"  -42","H,,S"
"KZ000038099","2019-02-11","44.283","72.95","350.0","FURMANOVO, KZ",,,,,"   12",",,S","  -85",",,S","  -34","H,,S"
"KZ000038099","2019-02-12","44.283","72.95","350.0","FURMANOVO, KZ",,,,,"  -35",",,S",,,"  -72","H,,S"
"KZ000038099","2019-02-13","44.283","72.95","350.0","FURMANOVO, KZ",,,,,"  -44",",,S"," -120",",,S","  -85","H,,S"
"KZ000038099","2019-02-14","44.283","72.95","350.0","FURMANOVO, KZ",,,,,"  -26",",,S"," -114",",,S","  -65","H,,S"
"KZ000038099","2019-02-15","44.283","72.95","350.0","FURMANOVO, KZ",,,,,"   31",",,S","  -69",",,S","  -17","H,,S"
"KZ000038099","2019-02-16","44.283","72.95","350.0","FURMANOVO, KZ",,,,,"   87",",,S","  -67",",,S","   12","H,,S"
"KZ000038099","2019-02-17","44.283","72.95","350.0","FURMANOVO, KZ",,,,,"   44",",,S","  -32",",,S","    9","H,,S"
"KZ000038099","2019-02-18","44.283","72.95","350.0","FURMANOVO, KZ",,,,,"   55",",,S","  -25",",,S","   13","H,,S"
"KZ000038099","2019-02-19","44.283","72.95","350.0","FURMANOVO, KZ",,,,,"   99",",,S","  -12",",,S","   36","H,,S"
"KZ000038099","2019-02-20","44.283","72.95","350.0","FURMANOVO, KZ",,,,,"   50",",,S","  -18",",,S","    4","H,,S"
"KZ000038099","2019-02-21","44.283","72.95","350.0","FURMANOVO, KZ",,,,,"    5",",,S","  -26",",,S","  -14","H,,S"
"KZ000038099","2019-02-22","44.283","72.95","350.0","FURMANOVO, KZ",,,,,"   49",",,S","  -43",",,S","   -5","H,,S"
"KZ000038099","2019-02-23","44.283","72.95","350.0","FURMANOVO, KZ",,,,,"   85",",,S","  -38",",,S","   12","H,,S"
"KZ000038099","2019-02-24","44.283","72.95","350.0","FURMANOVO, KZ",,,,,"   94",",,S","  -62",",,S","   16","H,,S"
"KZ000038099","2019-02-25","44.283","72.95","350.0","FURMANOVO, KZ",,,,,"   80",",,S","  -44",",,S","  -12","H,,S"
"KZ000038099","2019-02-26","44.283","72.95","350.0","FURMANOVO, KZ",,,,,"  135",",,S","  -33",",,S","   51","H,,S"
"KZ000038099","2019-02-27","44.283","72.95","350.0","FURMANOVO, KZ",,,,,"  110",",,S","    4",",,S","   58","H,,S"
"KZ000038099","2019-02-28","44.283","72.95","350.0","FURMANOVO, KZ",,,,,"  145",",,S","   22",",,S","   67","H,,S"
"KZ000038099","2019-03-01","44.283","72.95","350.0","FURMANOVO, KZ",,,,,"  146",",,S","    8",",,S","   73","H,,S"
"KZ000038099","2019-03-02","44.283","72.95","350.0","FURMANOVO, KZ",,,,,"  130",",,S","   13",",,S","   66","H,,S"
"KZ000038099","2019-03-03","44.283","72.95","350.0","FURMANOVO, KZ",,,,,"  121",",,S",,,"   78","H,,S"
"KZ000038099","2019-03-04","44.283","72.95","350.0","FURMANOVO, KZ",,,,,"  152",",,S","  -11",",,S","   44","H,,S"
"KZ000038099","2019-03-05","44.283","72.95","350.0","FURMANOVO, KZ",,,,,"  102",",,S","   -2",",,S","   39","H,,S"
"KZ000038099","2019-03-06","44.283","72.95","350.0","FURMANOVO, KZ",,,,,"   40",",,S",,,"   13","H,,S"
"KZ000038099","2019-03-07","44.283","72.95","350.0","FURMANOVO, KZ",,,,,"   94",",,S","    0",",,S","   38","H,,S"
"KZ000038099","2019-03-08","44.283","72.95","350.0","FURMANOVO, KZ",,,,,"  101",",,S","  -14",",,S","   39","H,,S"
"KZ000038099","2019-03-09","44.283","72.95","350.0","FURMANOVO, KZ",,,,,"   84",",,S","    5",",,S","   34","H,,S"
"KZ000038099","2019-03-10","44.283","72.95","350.0","FURMANOVO, KZ",,,,,"   93",",,S",,,"   33","H,,S"
"KZ000038099","2019-03-11","44.283","72.95","350.0","FURMANOVO, KZ",,,,,"  105",",,S","  -22",",,S","   37","H,,S"
"KZ000038099","2019-03-12","44.283","72.95","350.0","FURMANOVO, KZ",,,,,"  115",",,S","  -20",",,S","   42","H,,S"
"KZ000038099","2019-03-14","44.283","72.95","350.0","FURMANOVO, KZ",,,,,"  168",",,S","  -14",",,S","   71","H,,S"
"KZ000038099","2019-03-15","44.283","72.95","350.0","FURMANOVO, KZ",,,,,"  236",",,S","    3",",,S","  130","H,,S"
"KZ000038099","2019-03-16","44.283","72.95","350.0","FURMANOVO, KZ",,,,,"  191",",,S","   28",",,S","   89","H,,S"
"KZ000038099","2019-03-17","44.283","72.95","350.0","FURMANOVO, KZ",,,,,"  161",",,S","    5",",,S","   71","H,,S"
"KZ000038099","2019-03-18","44.283","72.95","350.0","FURMANOVO, KZ",,,,,"  128",",,S","   30",",,S","   73","H,,S"
"KZ000038099","2019-03-19","44.283","72.95","350.0","FURMANOVO, KZ",,,,,"  115",",,S","  -16",",,S","   45","H,,S"
"KZ000038099","2019-03-20","44.283","72.95","350.0","FURMANOVO, KZ",,,,,"  136",",,S","  -12",",,S","   60","H,,S"
"KZ000038099","2019-03-21","44.283","72.95","350.0","FURMANOVO, KZ",,,,,"  162",",,S","    6",",,S","   76","H,,S"
"KZ000038099","2019-03-22","44.283","72.95","350.0","FURMANOVO, KZ",,,,,"  202",",,S","  -11",",,S","  106","H,,S"
"KZ000038099","2019-03-23","44.283","72.95","350.0","FURMANOVO, KZ",,,,,"  214",",,S","   16",",,S","  115","H,,S"
"KZ000038099","2019-03-24","44.283","72.95","350.0","FURMANOVO, KZ",,,,,"  141",",,S","   41",",,S","  102","H,,S"
"KZ000038099","2019-03-25","44.283","72.95","350.0","FURMANOVO, KZ",,,,,"  186",",,S","   20",",,S","  104","H,,S"
"KZ000038099","2019-03-26","44.283","72.95","350.0","FURMANOVO, KZ",,,,,"  245",",,S","   35",",,S","  147","H,,S"
"KZ000038099","2019-03-27","44.283","72.95","350.0","FURMANOVO, KZ",,,,,"  190",",,S","   45",",,S","  123","H,,S"
"KZ000038099","2019-03-28","44.283","72.95","350.0","FURMANOVO, KZ",,,,,"  228",",,S","   85",",,S","  128","H,,S"
"KZ000038099","2019-03-29","44.283","72.95","350.0","FURMANOVO, KZ",,,,,"  214",",,S","   66",",,S","  142","H,,S"
"KZ000038099","2019-03-30","44.283","72.95","350.0","FURMANOVO, KZ",,,,,"  155",",,S","   77",",,S","  114","H,,S"
"KZ000038099","2019-03-31","44.283","72.95","350.0","FURMANOVO, KZ",,,,,"  205",",,S","   45",",,S","  129","H,,S"
"KZ000038099","2019-04-01","44.283","72.95","350.0","FURMANOVO, KZ",,,,,"  119",",,S",,,"   91","H,,S"
"KZ000038099","2019-04-02","44.283","72.95","350.0","FURMANOVO, KZ",,,,,"  134",",,S","   45",",,S","   77","H,,S"
"KZ000038099","2019-04-03","44.283","72.95","350.0","FURMANOVO, KZ",,,,,"  225",",,S","   35",",,S","  139","H,,S"
"KZ000038099","2019-04-04","44.283","72.95","350.0","FURMANOVO, KZ",,,,,"  237",",,S","  108",",,S","  166","H,,S"
"KZ000038099","2019-04-05","44.283","72.95","350.0","FURMANOVO, KZ",,,,,"  227",",,S","   90",",,S","  161","H,,S"
"KZ000038099","2019-04-06","44.283","72.95","350.0","FURMANOVO, KZ",,,,,"  186",",,S","   86",",,S","  121","H,,S"
"KZ000038099","2019-04-07","44.283","72.95","350.0","FURMANOVO, KZ",,,,,"  192",",,S","   42",",,S","  122","H,,S"
"KZ000038099","2019-04-08","44.283","72.95","350.0","FURMANOVO, KZ",,,,,"  194",",,S","   49",",,S","  128","H,,S"
"KZ000038099","2019-04-09","44.283","72.95","350.0","FURMANOVO, KZ",,,,,"  203",",,S","   72",",,S","  136","H,,S"
"KZ000038099","2019-04-10","44.283","72.95","350.0","FURMANOVO, KZ",,,,,"  168",",,S",,,"  115","H,,S"
"KZ000038099","2019-04-11","44.283","72.95","350.0","FURMANOVO, KZ",,,,,"  194",",,S","   45",",,S","  120","H,,S"
"KZ000038099","2019-04-12","44.283","72.95","350.0","FURMANOVO, KZ",,,,,"  229",",,S","   56",",,S","  133","H,,S"
"KZ000038099","2019-04-13","44.283","72.95","350.0","FURMANOVO, KZ",,,,,"  242",",,S","   61",",,S","  149","H,,S"
"KZ000038099","2019-04-14","44.283","72.95","350.0","FURMANOVO, KZ",,,,,"  269",",,S","   69",",,S","  172","H,,S"
"KZ000038099","2019-04-15","44.283","72.95","350.0","FURMANOVO, KZ",,,,,"  240",",,S","   83",",,S","  174","H,,S"
"KZ000038099","2019-04-16","44.283","72.95","350.0","FURMANOVO, KZ",,,,,"  208",",,S","  100",",,S","  145","H,,S"
"KZ000038099","2019-04-17","44.283","72.95","350.0","FURMANOVO, KZ",,,,,"  247",",,S","   78",",,S","  169","H,,S"
"KZ000038099","2019-04-18","44.283","72.95","350.0","FURMANOVO, KZ",,,,,"  234",",,S","   66",",,S","  143","H,,S"
"KZ000038099","2019-04-19","44.283","72.95","350.0","FURMANOVO, KZ",,,,,"  208",",,S","   73",",,S","  138","H,,S"
"KZ000038099","2019-04-20","44.283","72.95","350.0","FURMANOVO, KZ",,,,,"  162",",,S","   85",",,S","  118","H,,S"
"KZ000038099","2019-04-21","44.283","72.95","350.0","FURMANOVO, KZ",,,,,"  120",",,S","   76",",,S","   85","H,,S"
"KZ000038099","2019-04-22","44.283","72.95","350.0","FURMANOVO, KZ",,,,,"  172",",,S","   63",",,S","  107","H,,S"
"KZ000038099","2019-04-23","44.283","72.95","350.0","FURMANOVO, KZ",,,,,"  188",",,S","   70",",,S","  126","H,,S"
"KZ000038099","2019-04-24","44.283","72.95","350.0","FURMANOVO, KZ",,,,,"  146",",,S","   84",",,S","  118","H,,S"
"KZ000038099","2019-04-25","44.283","72.95","350.0","FURMANOVO, KZ",,,,,"  184",",,S","   77",",,S","  124","H,,S"
"KZ000038099","2019-04-26","44.283","72.95","350.0","FURMANOVO, KZ",,,,,"  181",",,S","   71",",,S","  119","H,,S"
"KZ000038099","2019-04-27","44.283","72.95","350.0","FURMANOVO, KZ",,,,,"  212",",,S","   42",",,S","  133","H,,S"
"KZ000038099","2019-04-28","44.283","72.95","350.0","FURMANOVO, KZ",,,,,"  249",",,S","   41",",,S","  153","H,,S"
"KZ000038099","2019-04-29","44.283","72.95","350.0","FURMANOVO, KZ",,,,,"  252",",,S","   83",",,S","  173","H,,S"
"KZ000038099","2019-04-30","44.283","72.95","350.0","FURMANOVO, KZ",,,,,"  240",",,S","   95",",,S","  161","H,,S"
"KZ000038099","2019-05-01","44.283","72.95","350.0","FURMANOVO, KZ",,,,,"  235",",,S","   76",",,S","  154","H,,S"
"KZ000038099","2019-05-02","44.283","72.95","350.0","FURMANOVO, KZ",,,,,"  190",",,S","   84",",,S","  129","H,,S"
"KZ000038099","2019-05-03","44.283","72.95","350.0","FURMANOVO, KZ",,,,,"  158",",,S","   33",",,S","   91","H,,S"
"KZ000038099","2019-05-04","44.283","72.95","350.0","FURMANOVO, KZ",,,,,"  180",",,S","   -4",",,S","  103","H,,S"
"KZ000038099","2019-05-05","44.283","72.95","350.0","FURMANOVO, KZ",,,,,"  220",",,S","   24",",,S","  134","H,,S"
"KZ000038099","2019-05-06","44.283","72.95","350.0","FURMANOVO, KZ",,,,,"  247",",,S","   69",",,S","  162","H,,S"
"KZ000038099","2019-05-07","44.283","72.95","350.0","FURMANOVO, KZ",,,,,"  266",",,S","   67",",,S","  180","H,,S"
"KZ000038099","2019-05-08","44.283","72.95","350.0","FURMANOVO, KZ",,,,,"  285",",,S","   84",",,S","  190","H,,S"
"KZ000038099","2019-05-09","44.283","72.95","350.0","FURMANOVO, KZ",,,,,"  300",",,S","   98",",,S","  204","H,,S"
"KZ000038099","2019-05-10","44.283","72.95","350.0","FURMANOVO, KZ",,,,,"  312",",,S","  104",",,S","  217","H,,S"
"KZ000038099","2019-05-11","44.283","72.95","350.0","FURMANOVO, KZ",,,,,"  280",",,S","  113",",,S","  164","H,,S"
"KZ000038099","2019-05-12","44.283","72.95","350.0","FURMANOVO, KZ",,,,,"  297",",,S","   65",",,S","  192","H,,S"
"KZ000038099","2019-05-13","44.283","72.95","350.0","FURMANOVO, KZ",,,,,"  308",",,S","   85",",,S","  205","H,,S"
"KZ000038099","2019-05-14","44.283","72.95","350.0","FURMANOVO, KZ",,,,,"  290",",,S","   97",",,S","  198","H,,S"
"KZ000038099","2019-05-15","44.283","72.95","350.0","FURMANOVO, KZ",,,,,"  304",",,S","   89",",,S","  194","H,,S"
"KZ000038099","2019-05-16","44.283","72.95","350.0","FURMANOVO, KZ",,,,,"  201",",,S","   63",",,S","  134","H,,S"
"KZ000038099","2019-05-17","44.283","72.95","350.0","FURMANOVO, KZ",,,,,"  232",",,S","   55",",,S","  149","H,,S"
"KZ000038099","2019-05-18","44.283","72.95","350.0","FURMANOVO, KZ",,,,,"  295",",,S","   58",",,S","  184","H,,S"
"KZ000038099","2019-05-19","44.283","72.95","350.0","FURMANOVO, KZ",,,,,"  285",",,S","  144",",,S","  206","H,,S"
"KZ000038099","2019-05-20","44.283","72.95","350.0","FURMANOVO, KZ",,,,,"  310",",,S","  125",",,S","  218","H,,S"
"KZ000038099","2019-05-21","44.283","72.95","350.0","FURMANOVO, KZ",,,,,"  233",",,S","  139",",,S","  185","H,,S"
"KZ000038099","2019-05-22","44.283","72.95","350.0","FURMANOVO, KZ",,,,,"  224",",,S","  149",",,S","  181","H,,S"
"KZ000038099","2019-05-24","44.283","72.95","350.0","FURMANOVO, KZ",,,,,"  266",",,S","  112",",,S","  192","H,,S"
"KZ000038099","2019-05-25","44.283","72.95","350.0","FURMANOVO, KZ",,,,,"  270",",,S","  126",",,S","  206","H,,S"
"KZ000038099","2019-05-26","44.283","72.95","350.0","FURMANOVO, KZ",,,,,"  290",",,S","  115",",,S","  207","H,,S"
"KZ000038099","2019-05-27","44.283","72.95","350.0","FURMANOVO, KZ",,,,,"  303",",,S","  105",",,S","  221","H,,S"
"KZ000038099","2019-05-28","44.283","72.95","350.0","FURMANOVO, KZ",,,,,"  310",",,S","  125",",,S","  224","H,,S"
"KZ000038099","2019-05-29","44.283","72.95","350.0","FURMANOVO, KZ",,,,,"  347",",,S","  121",",,S","  245","H,,S"
"KZ000038099","2019-06-01","44.283","72.95","350.0","FURMANOVO, KZ",,,,,"  346",",,S","  151",",,S","  260","H,,S"
"KZ000038099","2019-06-02","44.283","72.95","350.0","FURMANOVO, KZ",,,,,"  294",",,S","  167",",,S","  226","H,,S"
"KZ000038099","2019-06-03","44.283","72.95","350.0","FURMANOVO, KZ",,,,,"  330",",,S","  134",",,S","  218","H,,S"
"KZ000038099","2019-06-04","44.283","72.95","350.0","FURMANOVO, KZ",,,,,"  310",",,S","  145",",,S","  239","H,,S"
"KZ000038099","2019-06-05","44.283","72.95","350.0","FURMANOVO, KZ",,,,,"  335",",,S","  179",",,S","  238","H,,S"
"KZ000038099","2019-06-06","44.283","72.95","350.0","FURMANOVO, KZ",,,,,"  274",",,S","  161",",,S","  211","H,,S"
"KZ000038099","2019-06-07","44.283","72.95","350.0","FURMANOVO, KZ",,,,,"  315",",,S","  105",",,S","  211","H,,S"
"KZ000038099","2019-06-08","44.283","72.95","350.0","FURMANOVO, KZ",,,,,"  265",",,S","  142",",,S","  207","H,,S"
"KZ000038099","2019-06-09","44.283","72.95","350.0","FURMANOVO, KZ",,,,,"  275",",,S","  135",",,S","  191","H,,S"
"KZ000038099","2019-06-10","44.283","72.95","350.0","FURMANOVO, KZ",,,,,"  250",",,S","  104",",,S","  178","H,,S"
"KZ000038099","2019-06-11","44.283","72.95","350.0","FURMANOVO, KZ",,,,,"  262",",,S","  115",",,S","  186","H,,S"
"KZ000038099","2019-06-12","44.283","72.95","350.0","FURMANOVO, KZ",,,,,"  280",",,S","  124",",,S","  193","H,,S"
"KZ000038099","2019-06-13","44.283","72.95","350.0","FURMANOVO, KZ",,,,,"  322",",,S",,,"  238","H,,S"
"KZ000038099","2019-06-14","44.283","72.95","350.0","FURMANOVO, KZ",,,,,"  346",",,S","  136",",,S","  233","H,,S"
"KZ000038099","2019-06-15","44.283","72.95","350.0","FURMANOVO, KZ",,,,,"  315",",,S","  138",",,S","  233","H,,S"
"KZ000038099","2019-06-16","44.283","72.95","350.0","FURMANOVO, KZ",,,,,"  290",",,S","  132",",,S","  215","H,,S"
"KZ000038099","2019-06-17","44.283","72.95","350.0","FURMANOVO, KZ",,,,,"  302",",,S","  122",",,S","  212","H,,S"
"KZ000038099","2019-06-18","44.283","72.95","350.0","FURMANOVO, KZ",,,,,"  304",",,S","  106",",,S","  207","H,,S"
"KZ000038099","2019-06-19","44.283","72.95","350.0","FURMANOVO, KZ",,,,,"  324",",,S","  115",",,S","  229","H,,S"
"KZ000038099","2019-06-20","44.283","72.95","350.0","FURMANOVO, KZ",,,,,"  341",",,S","  127",",,S","  251","H,,S"
"KZ000038099","2019-06-21","44.283","72.95","350.0","FURMANOVO, KZ",,,,,"  366",",,S","  127",",,S","  268","H,,S"
"KZ000038099","2019-06-22","44.283","72.95","350.0","FURMANOVO, KZ",,,,,"  345",",,S","  134",",,S","  233","H,,S"
"KZ000038099","2019-06-23","44.283","72.95","350.0","FURMANOVO, KZ",,,,,"  352",",,S","  143",",,S","  256","H,,S"
"KZ000038099","2019-06-24","44.283","72.95","350.0","FURMANOVO, KZ",,,,,"  348",",,S","  156",",,S","  259","H,,S"
"KZ000038099","2019-06-25","44.283","72.95","350.0","FURMANOVO, KZ",,,,,"  361",",,S","  149",",,S","  268","H,,S"
"KZ000038099","2019-06-26","44.283","72.95","350.0","FURMANOVO, KZ",,,,,"  376",",,S","  169",",,S","  278","H,,S"
"KZ000038099","2019-06-27","44.283","72.95","350.0","FURMANOVO, KZ",,,,,"  395",",,S","  183",",,S","  292","H,,S"
"KZ000038099","2019-06-28","44.283","72.95","350.0","FURMANOVO, KZ",,,,,"  401",",,S","  192",",,S","  295","H,,S"
"KZ000038099","2019-06-29","44.283","72.95","350.0","FURMANOVO, KZ",,,,,"  393",",,S","  194",",,S","  293","H,,S"
"KZ000038099","2019-06-30","44.283","72.95","350.0","FURMANOVO, KZ",,,,,"  382",",,S","  205",",,S","  300","H,,S"
"KZ000038099","2019-07-01","44.283","72.95","350.0","FURMANOVO, KZ",,,,,"  349",",,S","  192",",,S","  265","H,,S"
"KZ000038099","2019-07-02","44.283","72.95","350.0","FURMANOVO, KZ",,,,,"  401",",,S",,,"  298","H,,S"
"KZ000038099","2019-07-03","44.283","72.95","350.0","FURMANOVO, KZ",,,,,"  284",",,S","  169",",,S","  215","H,,S"
"KZ000038099","2019-07-04","44.283","72.95","350.0","FURMANOVO, KZ",,,,,"  340",",,S","  135",",,S","  251","H,,S"
"KZ000038099","2019-07-05","44.283","72.95","350.0","FURMANOVO, KZ",,,,,"  370",",,S","  164",",,S","  277","H,,S"
"KZ000038099","2019-07-06","44.283","72.95","350.0","FURMANOVO, KZ",,,,,"  395",",,S","  176",",,S","  294","H,,S"
"KZ000038099","2019-07-07","44.283","72.95","350.0","FURMANOVO, KZ",,,,,"  391",",,S","  189",",,S","  303","H,,S"
"KZ000038099","2019-07-08","44.283","72.95","350.0","FURMANOVO, KZ",,,,,"  404",",,S","  217",",,S","  313","H,,S"
"KZ000038099","2019-07-09","44.283","72.95","350.0","FURMANOVO, KZ",,,,,"  345",",,S","  236",",,S","  291","H,,S"
"KZ000038099","2019-07-10","44.283","72.95","350.0","FURMANOVO, KZ",,,,,"  375",",,S","  194",",,S","  294","H,,S"
"KZ000038099","2019-07-11","44.283","72.95","350.0","FURMANOVO, KZ",,,,,"  370",",,S","  234",",,S","  296","H,,S"
"KZ000038099","2019-07-12","44.283","72.95","350.0","FURMANOVO, KZ",,,,,"  373",",,S","  224",",,S","  290","H,,S"
"KZ000038099","2019-07-13","44.283","72.95","350.0","FURMANOVO, KZ",,,,,"  365",",,S","  208",",,S","  286","H,,S"
"KZ000038099","2019-07-14","44.283","72.95","350.0","FURMANOVO, KZ",,,,,"  375",",,S","  198",",,S","  286","H,,S"
"KZ000038099","2019-07-15","44.283","72.95","350.0","FURMANOVO, KZ",,,,,"  372",",,S","  165",",,S","  274","H,,S"
"KZ000038099","2019-07-16","44.283","72.95","350.0","FURMANOVO, KZ",,,,,"  402",",,S","  160",",,S","  299","H,,S"
"KZ000038099","2019-07-17","44.283","72.95","350.0","FURMANOVO, KZ",,,,,"  406",",,S","  200",",,S","  312","H,,S"
"KZ000038099","2019-07-18","44.283","72.95","350.0","FURMANOVO, KZ",,,,,"  430",",,S","  177",",,S","  324","H,,S"
"KZ000038099","2019-07-19","44.283","72.95","350.0","FURMANOVO, KZ",,,,,"  432",",,S","  187",",,S","  326","H,,S"
"KZ000038099","2019-07-20","44.283","72.95","350.0","FURMANOVO, KZ",,,,,"  411",",,S","  182",",,S","  299","H,,S"
"KZ000038099","2019-07-21","44.283","72.95","350.0","FURMANOVO, KZ",,,,,"  394",",,S","  178",",,S","  296","H,,S"
"KZ000038099","2019-07-22","44.283","72.95","350.0","FURMANOVO, KZ",,,,,"  406",",,S","  174",",,S","  289","H,,S"
"KZ000038099","2019-07-23","44.283","72.95","350.0","FURMANOVO, KZ",,,,,"  351",",,S","  135",",,S","  259","H,,S"
"KZ000038099","2019-07-24","44.283","72.95","350.0","FURMANOVO, KZ",,,,,"  348",",,S","  158",",,S","  258","H,,S"
"KZ000038099","2019-07-25","44.283","72.95","350.0","FURMANOVO, KZ",,,,,"  360",",,S","  153",",,S","  268","H,,S"
"KZ000038099","2019-07-26","44.283","72.95","350.0","FURMANOVO, KZ",,,,,"  345",",,S","  173",",,S","  266","H,,S"
"KZ000038099","2019-07-27","44.283","72.95","350.0","FURMANOVO, KZ",,,,,"  346",",,S","  149",",,S","  259","H,,S"
"KZ000038099","2019-07-28","44.283","72.95","350.0","FURMANOVO, KZ",,,,,"  372",",,S","  178",",,S","  283","H,,S"
"KZ000038099","2019-07-29","44.283","72.95","350.0","FURMANOVO, KZ",,,,,"  408",",,S","  179",",,S","  294","H,,S"
"KZ000038099","2019-07-30","44.283","72.95","350.0","FURMANOVO, KZ",,,,,"  352",",,S","  203",",,S","  276","H,,S"
"KZ000038099","2019-07-31","44.283","72.95","350.0","FURMANOVO, KZ",,,,,"  365",",,S","  184",",,S","  248","H,,S"
"KZ000038099","2019-08-01","44.283","72.95","350.0","FURMANOVO, KZ",,,,,"  394",",,S","  152",",,S","  288","H,,S"
"KZ000038099","2019-08-02","44.283","72.95","350.0","FURMANOVO, KZ",,,,,"  385",",,S","  184",",,S","  300","H,,S"
"KZ000038099","2019-08-04","44.283","72.95","350.0","FURMANOVO, KZ",,,,,"  356",",,S","  193",",,S","  274","H,,S"
"KZ000038099","2019-08-05","44.283","72.95","350.0","FURMANOVO, KZ",,,,,"  394",",,S","  143",",,S","  288","H,,S"
"KZ000038099","2019-08-06","44.283","72.95","350.0","FURMANOVO, KZ",,,,,"  385",",,S","  194",",,S","  293","H,,S"
"KZ000038099","2019-08-07","44.283","72.95","350.0","FURMANOVO, KZ",,,,,"  389",",,S","  155",",,S","  284","H,,S"
"KZ000038099","2019-08-08","44.283","72.95","350.0","FURMANOVO, KZ",,,,,"  411",",,S","  165",",,S","  307","H,,S"
"KZ000038099","2019-08-09","44.283","72.95","350.0","FURMANOVO, KZ",,,,,"  324",",,S","  181",",,S","  250","H,,S"
"KZ000038099","2019-08-10","44.283","72.95","350.0","FURMANOVO, KZ",,,,,"  316",",,S","  113",",,S","  227","H,,S"
"KZ000038099","2019-08-11","44.283","72.95","350.0","FURMANOVO, KZ",,,,,"  366",",,S","  165",",,S","  267","H,,S"
"KZ000038099","2019-08-12","44.283","72.95","350.0","FURMANOVO, KZ",,,,,"  400",",,S","  182",",,S","  292","H,,S"
"KZ000038099","2019-08-13","44.283","72.95","350.0","FURMANOVO, KZ",,,,,"  322",",,S","  176",",,S","  261","H,,S"
"KZ000038099","2019-08-14","44.283","72.95","350.0","FURMANOVO, KZ",,,,,"  302",",,S","  172",",,S","  237","H,,S"
"KZ000038099","2019-08-15","44.283","72.95","350.0","FURMANOVO, KZ",,,,,,,"  162",",,S","  222","H,,S"
"KZ000038099","2019-08-16","44.283","72.95","350.0","FURMANOVO, KZ",,,,,"  275",",,S","  128",",,S","  206","H,,S"
"KZ000038099","2019-08-17","44.283","72.95","350.0","FURMANOVO, KZ",,,,,"  291",",,S","  105",",,S","  209","H,,S"
"KZ000038099","2019-08-18","44.283","72.95","350.0","FURMANOVO, KZ",,,,,"  310",",,S","  122",",,S","  226","H,,S"
"KZ000038099","2019-08-19","44.283","72.95","350.0","FURMANOVO, KZ",,,,,"  306",",,S","  154",",,S","  232","H,,S"
"KZ000038099","2019-08-20","44.283","72.95","350.0","FURMANOVO, KZ",,,,,"  335",",,S","  133",",,S","  251","H,,S"
"KZ000038099","2019-08-21","44.283","72.95","350.0","FURMANOVO, KZ",,,,,"  346",",,S","  157",",,S","  256","H,,S"
"KZ000038099","2019-08-22","44.283","72.95","350.0","FURMANOVO, KZ",,,,,"  366",",,S","  127",",,S","  252","H,,S"
"KZ000038099","2019-08-23","44.283","72.95","350.0","FURMANOVO, KZ",,,,,"  294",",,S","  154",",,S","  227","H,,S"
"KZ000038099","2019-08-24","44.283","72.95","350.0","FURMANOVO, KZ",,,,,"  290",",,S","  128",",,S","  216","H,,S"
"KZ000038099","2019-08-25","44.283","72.95","350.0","FURMANOVO, KZ",,,,,"  325",",,S","  133",",,S","  236","H,,S"
"KZ000038099","2019-08-26","44.283","72.95","350.0","FURMANOVO, KZ",,,,,"  360",",,S","  135",",,S","  255","H,,S"
"KZ000038099","2019-08-27","44.283","72.95","350.0","FURMANOVO, KZ",,,,,"  360",",,S","  154",",,S","  263","H,,S"
"KZ000038099","2019-08-28","44.283","72.95","350.0","FURMANOVO, KZ",,,,,"  346",",,S","  125",",,S","  250","H,,S"
"KZ000038099","2019-08-29","44.283","72.95","350.0","FURMANOVO, KZ",,,,,"  361",",,S","  163",",,S","  272","H,,S"
"KZ000038099","2019-08-30","44.283","72.95","350.0","FURMANOVO, KZ",,,,,"  280",",,S",,,"  208","H,,S"
"KZ000038099","2019-08-31","44.283","72.95","350.0","FURMANOVO, KZ",,,,,"  277",",,S","   88",",,S","  182","H,,S"
"KZ000038099","2019-09-01","44.283","72.95","350.0","FURMANOVO, KZ",,,,,"  255",",,S","   74",",,S","  169","H,,S"
"KZ000038099","2019-09-02","44.283","72.95","350.0","FURMANOVO, KZ",,,,,"  285",",,S","   69",",,S","  182","H,,S"
"KZ000038099","2019-09-03","44.283","72.95","350.0","FURMANOVO, KZ",,,,,"  270",",,S","   92",",,S","  183","H,,S"
"KZ000038099","2019-09-04","44.283","72.95","350.0","FURMANOVO, KZ",,,,,"  286",",,S","  106",",,S","  181","H,,S"
"KZ000038099","2019-09-05","44.283","72.95","350.0","FURMANOVO, KZ",,,,,"  306",",,S",,,"  189","H,,S"
"KZ000038099","2019-09-06","44.283","72.95","350.0","FURMANOVO, KZ",,,,,"  237",",,S",,,"  147","H,,S"
"KZ000038099","2019-09-07","44.283","72.95","350.0","FURMANOVO, KZ",,,,,"  235",",,S","   36",",,S","  142","H,,S"
"KZ000038099","2019-09-09","44.283","72.95","350.0","FURMANOVO, KZ",,,,,"  221",",,S","  120",",,S","  159","H,,S"
"KZ000038099","2019-09-10","44.283","72.95","350.0","FURMANOVO, KZ",,,,,"  212",",,S","   98",",,S","  149","H,,S"
"KZ000038099","2019-09-11","44.283","72.95","350.0","FURMANOVO, KZ",,,,,"  237",",,S","   83",",,S","  163","H,,S"
"KZ000038099","2019-09-12","44.283","72.95","350.0","FURMANOVO, KZ",,,,,"  251",",,S","   66",",,S","  169","H,,S"
"KZ000038099","2019-09-13","44.283","72.95","350.0","FURMANOVO, KZ",,,,,"  265",",,S","   83",",,S","  183","H,,S"
"KZ000038099","2019-09-14","44.283","72.95","350.0","FURMANOVO, KZ",,,,,"  288",",,S","   97",",,S","  197","H,,S"
"KZ000038099","2019-09-15","44.283","72.95","350.0","FURMANOVO, KZ",,,,,"  282",",,S","  101",",,S","  188","H,,S"
"KZ000038099","2019-09-16","44.283","72.95","350.0","FURMANOVO, KZ",,,,,"  268",",,S","   78",",,S","  177","H,,S"
"KZ000038099","2019-09-17","44.283","72.95","350.0","FURMANOVO, KZ",,,,,"  275",",,S","   88",",,S","  189","H,,S"
"KZ000038099","2019-09-18","44.283","72.95","350.0","FURMANOVO, KZ",,,,,"  321",",,S","   96",",,S","  209","H,,S"
"KZ000038099","2019-09-19","44.283","72.95","350.0","FURMANOVO, KZ",,,,,"  351",",,S","  120",",,S","  249","H,,S"
"KZ000038099","2019-09-20","44.283","72.95","350.0","FURMANOVO, KZ",,,,,"  321",",,S","  100",",,S","  210","H,,S"
"KZ000038099","2019-09-21","44.283","72.95","350.0","FURMANOVO, KZ",,,,,"  338",",,S","  107",",,S","  238","H,,S"
"KZ000038099","2019-09-22","44.283","72.95","350.0","FURMANOVO, KZ",,,,,"  376",",,S","  111",",,S","  257","H,,S"
"KZ000038099","2019-09-23","44.283","72.95","350.0","FURMANOVO, KZ",,,,,"  211",",,S",,,"  156","H,,S"
"KZ000038099","2019-09-24","44.283","72.95","350.0","FURMANOVO, KZ",,,,,"  245",",,S","   70",",,S","  155","H,,S"
"KZ000038099","2019-09-25","44.283","72.95","350.0","FURMANOVO, KZ",,,,,"  270",",,S","   88",",,S","  181","H,,S"
"KZ000038099","2019-09-26","44.283","72.95","350.0","FURMANOVO, KZ",,,,,"  296",",,S","   91",",,S","  195","H,,S"
"KZ000038099","2019-09-27","44.283","72.95","350.0","FURMANOVO, KZ",,,,,"  341",",,S","   94",",,S","  209","H,,S"
"KZ000038099","2019-09-28","44.283","72.95","350.0","FURMANOVO, KZ",,,,,"  260",",,S",,,"  187","H,,S"
"KZ000038099","2019-09-29","44.283","72.95","350.0","FURMANOVO, KZ",,,,,"  244",",,S","   47",",,S","  141","H,,S"
"KZ000038099","2019-09-30","44.283","72.95","350.0","FURMANOVO, KZ",,,,,"  167",",,S","   50",",,S","  107","H,,S"
"KZ000038099","2019-10-01","44.283","72.95","350.0","FURMANOVO, KZ",,,,,"  162",",,S","   46",",,S","  101","H,,S"
"KZ000038099","2019-10-02","44.283","72.95","350.0","FURMANOVO, KZ",,,,,"  170",",,S","   34",",,S","   99","H,,S"
"KZ000038099","2019-10-03","44.283","72.95","350.0","FURMANOVO, KZ",,,,,"  220",",,S","   31",",,S","  126","H,,S"
"KZ000038099","2019-10-04","44.283","72.95","350.0","FURMANOVO, KZ",,,,,"  230",",,S","   61",",,S","  147","H,,S"
"KZ000038099","2019-10-05","44.283","72.95","350.0","FURMANOVO, KZ",,,,,"  235",",,S","   65",",,S","  147","H,,S"
"KZ000038099","2019-10-06","44.283","72.95","350.0","FURMANOVO, KZ",,,,,"  224",",,S","   71",",,S","  129","H,,S"
"KZ000038099","2019-10-07","44.283","72.95","350.0","FURMANOVO, KZ",,,,,"  258",",,S","   46",",,S","  159","H,,S"
"KZ000038099","2019-10-08","44.283","72.95","350.0","FURMANOVO, KZ",,,,,"  242",",,S","   54",",,S","  157","H,,S"
"KZ000038099","2019-10-09","44.283","72.95","350.0","FURMANOVO, KZ",,,,,"  261",",,S","  106",",,S","  179","H,,S"
"KZ000038099","2019-10-10","44.283","72.95","350.0","FURMANOVO, KZ",,,,,"  254",",,S","   71",",,S","  161","H,,S"
"KZ000038099","2019-10-11","44.283","72.95","350.0","FURMANOVO, KZ",,,,,"  182",",,S",,,"  116","H,,S"
"KZ000038099","2019-10-12","44.283","72.95","350.0","FURMANOVO, KZ",,,,,"  160",",,S","   17",",,S","   84","H,,S"
"KZ000038099","2019-10-13","44.283","72.95","350.0","FURMANOVO, KZ",,,,,"  252",",,S","   22",",,S","  136","H,,S"
"KZ000038099","2019-10-14","44.283","72.95","350.0","FURMANOVO, KZ",,,,,"  229",",,S","   25",",,S","  126","H,,S"
"KZ000038099","2019-10-15","44.283","72.95","350.0","FURMANOVO, KZ",,,,,"  198",",,S","   64",",,S","  123","H,,S"
"KZ000038099","2019-10-16","44.283","72.95","350.0","FURMANOVO, KZ",,,,,"  234",",,S","   34",",,S","  127","H,,S"
"KZ000038099","2019-10-17","44.283","72.95","350.0","FURMANOVO, KZ",,,,,"  202",",,S","   38",",,S","  112","H,,S"
"KZ000038099","2019-10-18","44.283","72.95","350.0","FURMANOVO, KZ",,,,,"  159",",,S","   22",",,S","   82","H,,S"
"KZ000038099","2019-10-19","44.283","72.95","350.0","FURMANOVO, KZ",,,,,"  222",",,S","   -6",",,S","  106","H,,S"
"KZ000038099","2019-10-20","44.283","72.95","350.0","FURMANOVO, KZ",,,,,"  216",",,S","   23",",,S","  111","H,,S"
"KZ000038099","2019-10-21","44.283","72.95","350.0","FURMANOVO, KZ",,,,,"   86",",,S",,,"   36","H,,S"
"KZ000038099","2019-10-22","44.283","72.95","350.0","FURMANOVO, KZ",,,,,"  104",",,S","  -40",",,S","   28","H,,S"
"KZ000038099","2019-10-23","44.283","72.95","350.0","FURMANOVO, KZ",,,,,"  187",",,S","  -40",",,S","   54","H,,S"
"KZ000038099","2019-10-24","44.283","72.95","350.0","FURMANOVO, KZ",,,,,"  170",",,S","  -54",",,S","   50","H,,S"
"KZ000038099","2019-10-25","44.283","72.95","350.0","FURMANOVO, KZ",,,,,"  174",",,S","  -56",",,S","   54","H,,S"
"KZ000038099","2019-10-26","44.283","72.95","350.0","FURMANOVO, KZ",,,,,"  191",",,S","  -52",",,S","   68","H,,S"
"KZ000038099","2019-10-27","44.283","72.95","350.0","FURMANOVO, KZ",,,,,"  222",",,S","  -45",",,S","   89","H,,S"
"KZ000038099","2019-10-28","44.283","72.95","350.0","FURMANOVO, KZ",,,,,"  215",",,S",,,"  101","H,,S"
"KZ000038099","2019-10-29","44.283","72.95","350.0","FURMANOVO, KZ",,,,,"  220",",,S","  -14",",,S","  107","H,,S"
"KZ000038099","2019-10-30","44.283","72.95","350.0","FURMANOVO, KZ",,,,,"  236",",,S","   38",",,S","  127","H,,S"
"KZ000038099","2019-10-31","44.283","72.95","350.0","FURMANOVO, KZ",,,,,"  239",",,S","   36",",,S","  147","H,,S"
"KZ000038099","2019-11-01","44.283","72.95","350.0","FURMANOVO, KZ",,,,,"  180",",,S","   75",",,S","  126","H,,S"
"KZ000038099","2019-11-02","44.283","72.95","350.0","FURMANOVO, KZ",,,,,"  148",",,S",,,"   88","H,,S"
"KZ000038099","2019-11-03","44.283","72.95","350.0","FURMANOVO, KZ",,,,,"  194",",,S","   25",",,S","  103","H,,S"
"KZ000038099","2019-11-04","44.283","72.95","350.0","FURMANOVO, KZ",,,,,,,,,"   54","H,,S"
"KZ000038099","2019-11-05","44.283","72.95","350.0","FURMANOVO, KZ",,,,,"   34",",,S","  -22",",,S","    2","H,,S"
"KZ000038099","2019-11-06","44.283","72.95","350.0","FURMANOVO, KZ",,,,,"   11",",,S","  -22",",,S","  -11","H,,S"
"KZ000038099","2019-11-07","44.283","72.95","350.0","FURMANOVO, KZ",,,,,,,"  -36",",,S","   17","H,,S"
"KZ000038099","2019-11-08","44.283","72.95","350.0","FURMANOVO, KZ",,,,,"  136",",,S","  -34",",,S","   45","H,,S"
"KZ000038099","2019-11-09","44.283","72.95","350.0","FURMANOVO, KZ",,,,,"  123",",,S","  -32",",,S","   31","H,,S"
"KZ000038099","2019-11-10","44.283","72.95","350.0","FURMANOVO, KZ",,,,,"  120",",,S","  -37",",,S","   27","H,,S"
"KZ000038099","2019-11-11","44.283","72.95","350.0","FURMANOVO, KZ",,,,,"   35",",,S",,,"    8","H,,S"
"KZ000038099","2019-11-12","44.283","72.95","350.0","FURMANOVO, KZ",,,,,"   91",",,S",,,"   23","H,,S"
"KZ000038099","2019-11-13","44.283","72.95","350.0","FURMANOVO, KZ",,,,,"  101",",,S","  -64",",,S","    6","H,,S"
"KZ000038099","2019-11-14","44.283","72.95","350.0","FURMANOVO, KZ",,,,,"  136",",,S","  -73",",,S","   23","H,,S"
"KZ000038099","2019-11-15","44.283","72.95","350.0","FURMANOVO, KZ",,,,,"   81",",,S","  -54",",,S","   -1","H,,S"
"KZ000038099","2019-11-16","44.283","72.95","350.0","FURMANOVO, KZ",,,,,"    6",",,S","  -93",",,S","  -52","H,,S"
"KZ000038099","2019-11-17","44.283","72.95","350.0","FURMANOVO, KZ",,,,,"   52",",,S"," -122",",,S","  -49","H,,S"
"KZ000038099","2019-11-18","44.283","72.95","350.0","FURMANOVO, KZ",,,,,"   94",",,S"," -124",",,S","  -24","H,,S"
"KZ000038099","2019-11-19","44.283","72.95","350.0","FURMANOVO, KZ",,,,,"  115",",,S","  -99",",,S","   -7","H,,S"
"KZ000038099","2019-11-20","44.283","72.95","350.0","FURMANOVO, KZ",,,,,"   24",",,S","  -85",",,S","  -30","H,,S"
"KZ000038099","2019-11-21","44.283","72.95","350.0","FURMANOVO, KZ",,,,,"  -20",",,S",,,"  -77","H,,S"
"KZ000038099","2019-11-22","44.283","72.95","350.0","FURMANOVO, KZ",,,,,"  -15",",,S"," -143",",,S","  -84","H,,S"
"KZ000038099","2019-11-23","44.283","72.95","350.0","FURMANOVO, KZ",,,,,"   21",",,S"," -114",",,S","  -51","H,,S"
"KZ000038099","2019-11-24","44.283","72.95","350.0","FURMANOVO, KZ",,,,,"   60",",,S","  -95",",,S","  -16","H,,S"
"KZ000038099","2019-11-25","44.283","72.95","350.0","FURMANOVO, KZ",,,,,"    5",",,S",,,"  -61","H,,S"
"KZ000038099","2019-11-26","44.283","72.95","350.0","FURMANOVO, KZ",,,,,"  -28",",,S"," -175",",,S"," -116","H,,S"
"KZ000038099","2019-11-27","44.283","72.95","350.0","FURMANOVO, KZ",,,,,"  -20",",,S"," -171",",,S"," -114","H,,S"
"KZ000038099","2019-11-28","44.283","72.95","350.0","FURMANOVO, KZ",,,,,"  -20",",,S"," -172",",,S"," -104","H,,S"
"KZ000038099","2019-11-29","44.283","72.95","350.0","FURMANOVO, KZ",,,,,"  -10",",,S"," -211",",,S"," -113","H,,S"
"KZ000038099","2019-11-30","44.283","72.95","350.0","FURMANOVO, KZ",,,,,"  -18",",,S"," -174",",,S","  -83","H,,S"
"KZ000038099","2019-12-01","44.283","72.95","350.0","FURMANOVO, KZ",,,,,"   25",",,S"," -121",",,S","  -74","H,,S"
"KZ000038099","2019-12-02","44.283","72.95","350.0","FURMANOVO, KZ",,,,,"   96",",,S"," -115",",,S","    6","H,,S"
"KZ000038099","2019-12-03","44.283","72.95","350.0","FURMANOVO, KZ",,,,,"   90",",,S","  -42",",,S","    6","H,,S"
"KZ000038099","2019-12-04","44.283","72.95","350.0","FURMANOVO, KZ",,,,,"  111",",,S","  -39",",,S","   22","H,,S"
"KZ000038099","2019-12-05","44.283","72.95","350.0","FURMANOVO, KZ",,,,,"  150",",,S","  -44",",,S","   47","H,,S"
"KZ000038099","2019-12-06","44.283","72.95","350.0","FURMANOVO, KZ",,,,,,,,,"   -7","H,,S"
"KZ000038099","2019-12-07","44.283","72.95","350.0","FURMANOVO, KZ",,,,,"   -8",",,S",,,"  -36","H,,S"
"KZ000038099","2019-12-08","44.283","72.95","350.0","FURMANOVO, KZ",,,,,"   -6",",,S","  -81",",,S","  -44","H,,S"
"KZ000038099","2019-12-09","44.283","72.95","350.0","FURMANOVO, KZ",,,,,"   19",",,S","  -71",",,S","  -32","H,,S"
"KZ000038099","2019-12-10","44.283","72.95","350.0","FURMANOVO, KZ",,,,,"   16",",,S","  -72",",,S","  -36","H,,S"
"KZ000038099","2019-12-11","44.283","72.95","350.0","FURMANOVO, KZ",,,,,"   42",",,S","  -61",",,S","  -22","H,,S"
"KZ000038099","2019-12-12","44.283","72.95","350.0","FURMANOVO, KZ",,,,,"   67",",,S","  -62",",,S","   -6","H,,S"
"KZ000038099","2019-12-13","44.283","72.95","350.0","FURMANOVO, KZ",,,,,"   70",",,S","  -23",",,S","   34","H,,S"
"KZ000038099","2019-12-14","44.283","72.95","350.0","FURMANOVO, KZ",,,,,,,,,"  -44","H,,S"
"KZ000038099","2019-12-15","44.283","72.95","350.0","FURMANOVO, KZ",,,"   51",",,S","   -5",",,S"," -101",",,S","  -63","H,,S"
"KZ000038099","2019-12-16","44.283","72.95","350.0","FURMANOVO, KZ",,,"   51",",,S","  -20",",,S",,,"  -83","H,,S"
"KZ000038099","2019-12-17","44.283","72.95","350.0","FURMANOVO, KZ",,,"   51",",,S","  -18",",,S"," -141",",,S","  -86","H,,S"
"KZ000038099","2019-12-18","44.283","72.95","350.0","FURMANOVO, KZ",,,"   41",",,S","   15",",,S"," -143",",,S","  -34","H,,S"
"KZ000038099","2019-12-19","44.283","72.95","350.0","FURMANOVO, KZ",,,"   41",",,S","   15",",,S","  -14",",,S","    2","H,,S"
"KZ000038099","2019-12-20","44.283","72.95","350.0","FURMANOVO, KZ",,,"   20",",,S","   36",",,S","   -6",",,S","   11","H,,S"
"KZ000038099","2019-12-21","44.283","72.95","350.0","FURMANOVO, KZ",,,"   20",",,S","   27",",,S",,,"   -6","H,,S"
"KZ000038099","2019-12-22","44.283","72.95","350.0","FURMANOVO, KZ",,,"   20",",,S","   11",",,S","  -53",",,S","  -25","H,,S"
"KZ000038099","2019-12-23","44.283","72.95","350.0","FURMANOVO, KZ",,,,,"  -10",",,S",,,"  -73","H,,S"
"KZ000038099","2019-12-24","44.283","72.95","350.0","FURMANOVO, KZ",,,"   30",",,S","  -28",",,S"," -190",",,S"," -115","H,,S"
"KZ000038099","2019-12-25","44.283","72.95","350.0","FURMANOVO, KZ",,,"   30",",,S","    9",",,S"," -165",",,S","  -80","H,,S"
"KZ000038099","2019-12-26","44.283","72.95","350.0","FURMANOVO, KZ",,,"   30",",,S","   15",",,S"," -130",",,S","  -65","H,,S"
"KZ000038099","2019-12-27","44.283","72.95","350.0","FURMANOVO, KZ",,,"   30",",,S","   53",",,S"," -110",",,S","  -31","H,,S"
"KZ000038099","2019-12-28","44.283","72.95","350.0","FURMANOVO, KZ",,,"   20",",,S","  101",",,S","  -72",",,S","   19","H,,S"
"KZ000038099","2019-12-29","44.283","72.95","350.0","FURMANOVO, KZ",,,"   10",",,S","  102",",,S","    0",",,S","   35","H,,S"
"KZ000038099","2019-12-30","44.283","72.95","350.0","FURMANOVO, KZ",,,"   10",",,S",,,,,"  -10","H,,S"
"KZ000038099","2019-12-31","44.283","72.95","350.0","FURMANOVO, KZ",,,"   10",",,S","   15",",,S","  -27",",,S","   -9","H,,S"
"KZ000038099","2020-01-01","44.283","72.95","350.0","FURMANOVO, KZ",,,"   10",",,S","    2",",,S",,,"  -13","H,,S"
"KZ000038099","2020-01-02","44.283","72.95","350.0","FURMANOVO, KZ",,,"   10",",,S","   32",",,S","  -45",",,S","  -14","H,,S"
"KZ000038099","2020-01-03","44.283","72.95","350.0","FURMANOVO, KZ",,,"   10",",,S","    5",",,S","  -43",",,S","  -13","H,,S"
"KZ000038099","2020-01-04","44.283","72.95","350.0","FURMANOVO, KZ",,,,,"    8",",,S","  -40",",,S","  -21","H,,S"
"KZ000038099","2020-01-05","44.283","72.95","350.0","FURMANOVO, KZ",,,"   10",",,S","   16",",,S","  -49",",,S","  -23","H,,S"
"KZ000038099","2020-01-06","44.283","72.95","350.0","FURMANOVO, KZ",,,,,"   -3",",,S","  -62",",,S","  -37","H,,S"
"KZ000038099","2020-01-07","44.283","72.95","350.0","FURMANOVO, KZ",,,,,"    4",",,S","  -50",",,S","  -22","H,,S"
"KZ000038099","2020-01-08","44.283","72.95","350.0","FURMANOVO, KZ",,,,,"  -25",",,S",,,"  -57","H,,S"
"KZ000038099","2020-01-09","44.283","72.95","350.0","FURMANOVO, KZ",,,"   41",",,S","  -43",",,S"," -135",",,S","  -91","H,,S"
"KZ000038099","2020-01-10","44.283","72.95","350.0","FURMANOVO, KZ",,,"   41",",,S","  -30",",,S"," -171",",,S","  -85","H,,S"
"KZ000038099","2020-01-11","44.283","72.95","350.0","FURMANOVO, KZ",,,"   41",",,S",,,"  -97",",,S","  -29","H,,S"
"KZ000038099","2020-01-12","44.283","72.95","350.0","FURMANOVO, KZ",,,,,"   25",",,S","  -15",",,S","    0","H,,S"
"KZ000038099","2020-01-13","44.283","72.95","350.0","FURMANOVO, KZ",,,,,,,"  -50",",,S","  -16","H,,S"
"KZ000038099","2020-01-14","44.283","72.95","350.0","FURMANOVO, KZ",,,,,"  -23",",,S","  -84",",,S","  -58","H,,S"
"KZ000038099","2020-01-15","44.283","72.95","350.0","FURMANOVO, KZ",,,"   71",",,S","   25",",,S"," -121",",,S","  -36","H,,S"
"KZ000038099","2020-01-16","44.283","72.95","350.0","FURMANOVO, KZ",,,,,"  -10",",,S",,,"  -59","H,,S"
"KZ000038099","2020-01-17","44.283","72.95","350.0","FURMANOVO, KZ",,,"   79",",,S","    3",",,S"," -155",",,S","  -89","H,,S"
"KZ000038099","2020-01-18","44.283","72.95","350.0","FURMANOVO, KZ",,,"   71",",,S","    5",",,S"," -159",",,S","  -82","H,,S"
"KZ000038099","2020-01-19","44.283","72.95","350.0","FURMANOVO, KZ",,,"   61",",,S","  -20",",,S"," -182",",,S","  -94","H,,S"
"KZ000038099","2020-01-20","44.283","72.95","350.0","FURMANOVO, KZ",,,"   61",",,S","   34",",,S"," -150",",,S","  -31","H,,S"
"KZ000038099","2020-01-21","44.283","72.95","350.0","FURMANOVO, KZ",,,"   61",",,S","   35",",,S","  -46",",,S","   -7","H,,S"
"KZ000038099","2020-01-22","44.283","72.95","350.0","FURMANOVO, KZ",,,"   51",",,S","   17",",,S","  -40",",,S","  -17","H,,S"
"KZ000038099","2020-01-23","44.283","72.95","350.0","FURMANOVO, KZ",,,"   41",",,S","   46",",,S",,,"  -33","H,,S"
"KZ000038099","2020-01-24","44.283","72.95","350.0","FURMANOVO, KZ",,,"   41",",,S","   25",",,S"," -112",",,S","  -23","H,,S"
"KZ000038099","2020-01-25","44.283","72.95","350.0","FURMANOVO, KZ",,,,,"   40",",,S",,,"    5","H,,S"
"KZ000038099","2020-01-26","44.283","72.95","350.0","FURMANOVO, KZ",,,,,"   -1",",,S",,,"  -49","H,,S"
"KZ000038099","2020-01-27","44.283","72.95","350.0","FURMANOVO, KZ",,,"   51",",,S","   30",",,S"," -110",",,S","  -47","H,,S"
"KZ000038099","2020-01-28","44.283","72.95","350.0","FURMANOVO, KZ",,,,,"   48",",,S"," -100",",,S","  -21","H,,S"
"KZ000038099","2020-01-29","44.283","72.95","350.0","FURMANOVO, KZ",,,"   61",",,S","   26",",,S","  -73",",,S","  -31","H,,S"
"KZ000038099","2020-01-30","44.283","72.95","350.0","FURMANOVO, KZ",,,"   51",",,S","  -25",",,S","  -95",",,S","  -73","H,,S"
"KZ000038099","2020-01-31","44.283","72.95","350.0","FURMANOVO, KZ",,,"   51",",,S","   -6",",,S"," -112",",,S","  -61","H,,S"
"KZ000038099","2020-02-01","44.283","72.95","350.0","FURMANOVO, KZ",,,"   51",",,S","   22",",,S"," -113",",,S","  -59","H,,S"
"KZ000038099","2020-02-02","44.283","72.95","350.0","FURMANOVO, KZ",,,"   41",",,S","   53",",,S"," -107",",,S","  -37","H,,S"
"KZ000038099","2020-02-03","44.283","72.95","350.0","FURMANOVO, KZ",,,"   41",",,S","   95",",,S","  -72",",,S","   31","H,,S"
"KZ000038099","2020-02-04","44.283","72.95","350.0","FURMANOVO, KZ",,,,,"   76",",,S",,,"   22","H,,S"
"KZ000038099","2020-02-05","44.283","72.95","350.0","FURMANOVO, KZ",,,"   20",",,S","   60",",,S","  -56",",,S","    7","H,,S"
"KZ000038099","2020-02-06","44.283","72.95","350.0","FURMANOVO, KZ",,,"   20",",,S","   66",",,S",,,"   22","H,,S"
"KZ000038099","2020-02-07","44.283","72.95","350.0","FURMANOVO, KZ",,,"   10",",,S","  108",",,S","  -29",",,S","   22","H,,S"
"KZ000038099","2020-02-08","44.283","72.95","350.0","FURMANOVO, KZ",,,,,"  150",",,S","  -21",",,S","   44","H,,S"
"KZ000038099","2020-02-09","44.283","72.95","350.0","FURMANOVO, KZ",,,,,"  215",",,S","    0",",,S","   96","H,,S"
"KZ000038099","2020-02-10","44.283","72.95","350.0","FURMANOVO, KZ",,,,,"   82",",,S",,,"   28","H,,S"
"KZ000038099","2020-02-11","44.283","72.95","350.0","FURMANOVO, KZ",,,,,"   -9",",,S","  -62",",,S","  -36","H,,S"
"KZ000038099","2020-02-12","44.283","72.95","350.0","FURMANOVO, KZ",,,,,"   22",",,S","  -69",",,S","  -17","H,,S"
"KZ000038099","2020-02-13","44.283","72.95","350.0","FURMANOVO, KZ",,,,,"   56",",,S",,,"    5","H,,S"
"KZ000038099","2020-02-14","44.283","72.95","350.0","FURMANOVO, KZ",,,,,"  101",",,S","  -58",",,S","   16","H,,S"
"KZ000038099","2020-02-15","44.283","72.95","350.0","FURMANOVO, KZ",,,,,"   75",",,S","  -18",",,S","   32","H,,S"
"KZ000038099","2020-02-16","44.283","72.95","350.0","FURMANOVO, KZ",,,,,"   56",",,S",,,"    8","H,,S"
"KZ000038099","2020-02-17","44.283","72.95","350.0","FURMANOVO, KZ",,,,,"   52",",,S","  -30",",,S","    2","H,,S"
"KZ000038099","2020-02-18","44.283","72.95","350.0","FURMANOVO, KZ",,,,,"   30",",,S","  -32",",,S","  -10","H,,S"
"KZ000038099","2020-02-19","44.283","72.95","350.0","FURMANOVO, KZ",,,,,"   45",",,S","  -82",",,S","  -16","H,,S"
"KZ000038099","2020-02-20","44.283","72.95","350.0","FURMANOVO, KZ",,,,,"  115",",,S","  -49",",,S","   30","H,,S"
"KZ000038099","2020-02-21","44.283","72.95","350.0","FURMANOVO, KZ",,,,,"  121",",,S","  -35",",,S","   32","H,,S"
"KZ000038099","2020-02-22","44.283","72.95","350.0","FURMANOVO, KZ",,,,,"  102",",,S","  -24",",,S","   36","H,,S"
"KZ000038099","2020-02-23","44.283","72.95","350.0","FURMANOVO, KZ",,,,,"   47",",,S",,,"    2","H,,S"
"KZ000038099","2020-02-24","44.283","72.95","350.0","FURMANOVO, KZ",,,,,"   76",",,S","  -47",",,S","   16","H,,S"
"KZ000038099","2020-02-25","44.283","72.95","350.0","FURMANOVO, KZ",,,,,"  165",",,S","  -29",",,S","   62","H,,S"
"KZ000038099","2020-02-26","44.283","72.95","350.0","FURMANOVO, KZ",,,,,"  206",",,S","   -3",",,S","   96","H,,S"
"KZ000038099","2020-02-27","44.283","72.95","350.0","FURMANOVO, KZ",,,,,"   51",",,S",,,"   11","H,,S"
"KZ000038099","2020-02-28","44.283","72.95","350.0","FURMANOVO, KZ",,,,,"   86",",,S","  -67",",,S","   14","H,,S"
"KZ000038099","2020-02-29","44.283","72.95","350.0","FURMANOVO, KZ",,,,,"  124",",,S","  -15",",,S","   44","H,,S"
"KZ000038099","2020-03-01","44.283","72.95","350.0","FURMANOVO, KZ",,,,,"  181",",,S","  -32",",,S","   66","H,,S"
"KZ000038099","2020-03-02","44.283","72.95","350.0","FURMANOVO, KZ",,,,,"  216",",,S","   -6",",,S","  109","H,,S"
"KZ000038099","2020-03-03","44.283","72.95","350.0","FURMANOVO, KZ",,,,,"   76",",,S",,,"   20","H,,S"
"KZ000038099","2020-03-04","44.283","72.95","350.0","FURMANOVO, KZ",,,,,"   98",",,S","  -49",",,S","   24","H,,S"
"KZ000038099","2020-03-05","44.283","72.95","350.0","FURMANOVO, KZ",,,,,"  120",",,S","  -26",",,S","   42","H,,S"
"KZ000038099","2020-03-06","44.283","72.95","350.0","FURMANOVO, KZ",,,,,"   96",",,S",,,"   33","H,,S"
"KZ000038099","2020-03-07","44.283","72.95","350.0","FURMANOVO, KZ",,,,,"    2",",,S","  -92",",,S","  -49","H,,S"
"KZ000038099","2020-03-08","44.283","72.95","350.0","FURMANOVO, KZ",,,,,"   35",",,S"," -102",",,S","  -34","H,,S"
"KZ000038099","2020-03-09","44.283","72.95","350.0","FURMANOVO, KZ",,,,,"   90",",,S","  -86",",,S","   -6","H,,S"
"KZ000038099","2020-03-10","44.283","72.95","350.0","FURMANOVO, KZ",,,,,"  124",",,S","  -64",",,S","   22","H,,S"
"KZ000038099","2020-03-11","44.283","72.95","350.0","FURMANOVO, KZ",,,,,"  135",",,S","  -35",",,S","   42","H,,S"
"KZ000038099","2020-03-12","44.283","72.95","350.0","FURMANOVO, KZ",,,,,"  141",",,S","  -34",",,S","   56","H,,S"
"KZ000038099","2020-03-13","44.283","72.95","350.0","FURMANOVO, KZ",,,,,"  176",",,S",,,"   49","H,,S"
"KZ000038099","2020-03-14","44.283","72.95","350.0","FURMANOVO, KZ",,,,,"  206",",,S",,,"   54","H,,S"
"KZ000038099","2020-03-15","44.283","72.95","350.0","FURMANOVO, KZ",,,,,"  245",",,S","    0",",,S","  126","H,,S"
"KZ000038099","2020-03-16","44.283","72.95","350.0","FURMANOVO, KZ",,,,,"  265",",,S","   12",",,S","  137","H,,S"
"KZ000038099","2020-03-17","44.283","72.95","350.0","FURMANOVO, KZ",,,,,"  272",",,S","   52",",,S","  150","H,,S"
"KZ000038099","2020-03-18","44.283","72.95","350.0","FURMANOVO, KZ",,,,,"  206",",,S","   56",",,S","  114","H,,S"
"KZ000038099","2020-03-19","44.283","72.95","350.0","FURMANOVO, KZ",,,,,"  165",",,S","   35",",,S","   86","H,,S"
"KZ000038099","2020-03-20","44.283","72.95","350.0","FURMANOVO, KZ",,,,,"  181",",,S","    7",",,S","   91","H,,S"
"KZ000038099","2020-03-21","44.283","72.95","350.0","FURMANOVO, KZ",,,,,"  206",",,S","   13",",,S","   94","H,,S"
"KZ000038099","2020-03-22","44.283","72.95","350.0","FURMANOVO, KZ",,,,,"  110",",,S","   20",",,S","   69","H,,S"
"KZ000038099","2020-03-23","44.283","72.95","350.0","FURMANOVO, KZ",,,,,"  136",",,S",,,"   73","H,,S"
"KZ000038099","2020-03-24","44.283","72.95","350.0","FURMANOVO, KZ",,,,,"  125",",,S",,,"   46","H,,S"
"KZ000038099","2020-03-25","44.283","72.95","350.0","FURMANOVO, KZ",,,,,"   65",",,S","  -58",",,S","    3","H,,S"
"KZ000038099","2020-03-26","44.283","72.95","350.0","FURMANOVO, KZ",,,,,"  120",",,S","  -47",",,S","   30","H,,S"
"KZ000038099","2020-03-27","44.283","72.95","350.0","FURMANOVO, KZ",,,,,"  170",",,S","  -38",",,S","   72","H,,S"
"KZ000038099","2020-03-28","44.283","72.95","350.0","FURMANOVO, KZ",,,,,"  170",",,S","  -35",",,S","   79","H,,S"
"KZ000038099","2020-03-29","44.283","72.95","350.0","FURMANOVO, KZ",,,,,"  154",",,S","    6",",,S","   72","H,,S"
"KZ000038099","2020-03-30","44.283","72.95","350.0","FURMANOVO, KZ",,,,,"  166",",,S","    3",",,S","   88","H,,S"
"KZ000038099","2020-03-31","44.283","72.95","350.0","FURMANOVO, KZ",,,,,"  210",",,S","   15",",,S","  125","H,,S"
"KZ000038099","2020-04-01","44.283","72.95","350.0","FURMANOVO, KZ",,,,,"  208",",,S","   25",",,S","  126","H,,S"
"KZ000038099","2020-04-02","44.283","72.95","350.0","FURMANOVO, KZ",,,,,"  190",",,S",,,"  128","H,,S"
"KZ000038099","2020-04-03","44.283","72.95","350.0","FURMANOVO, KZ",,,,,"  210",",,S","   24",",,S","  134","H,,S"
"KZ000038099","2020-04-04","44.283","72.95","350.0","FURMANOVO, KZ",,,,,"  274",",,S","   65",",,S","  171","H,,S"
"KZ000038099","2020-04-05","44.283","72.95","350.0","FURMANOVO, KZ",,,,,"  232",",,S","   56",",,S","  153","H,,S"
"KZ000038099","2020-04-06","44.283","72.95","350.0","FURMANOVO, KZ",,,,,"  236",",,S","  120",",,S","  187","H,,S"
"KZ000038099","2020-04-07","44.283","72.95","350.0","FURMANOVO, KZ",,,,,"  245",",,S","   62",",,S","  157","H,,S"
"KZ000038099","2020-04-08","44.283","72.95","350.0","FURMANOVO, KZ",,,,,"   80",",,S",,,"   53","H,,S"
"KZ000038099","2020-04-09","44.283","72.95","350.0","FURMANOVO, KZ",,,,,"   71",",,S",,,"   27","H,,S"
"KZ000038099","2020-04-10","44.283","72.95","350.0","FURMANOVO, KZ",,,,,"  120",",,S","  -32",",,S","   48","H,,S"
"KZ000038099","2020-04-11","44.283","72.95","350.0","FURMANOVO, KZ",,,,,"  205",",,S","   25",",,S","  118","H,,S"
"KZ000038099","2020-04-12","44.283","72.95","350.0","FURMANOVO, KZ",,,,,"  222",",,S","   76",",,S","  151","H,,S"
"KZ000038099","2020-04-13","44.283","72.95","350.0","FURMANOVO, KZ",,,,,"  148",",,S","   85",",,S","  118","H,,S"
"KZ000038099","2020-04-14","44.283","72.95","350.0","FURMANOVO, KZ",,,,,"  195",",,S",,,"  133","H,,S"
"KZ000038099","2020-04-15","44.283","72.95","350.0","FURMANOVO, KZ",,,,,"  166",",,S",,,"  106","H,,S"
"KZ000038099","2020-04-16","44.283","72.95","350.0","FURMANOVO, KZ",,,,,"  186",",,S","   54",",,S","  113","H,,S"
"KZ000038099","2020-04-17","44.283","72.95","350.0","FURMANOVO, KZ",,,,,"  217",",,S","   28",",,S","  127","H,,S"
"KZ000038099","2020-04-18","44.283","72.95","350.0","FURMANOVO, KZ",,,,,"  246",",,S","   24",",,S","  149","H,,S"
"KZ000038099","2020-04-19","44.283","72.95","350.0","FURMANOVO, KZ",,,,,"  268",",,S","   56",",,S","  171","H,,S"
"KZ000038099","2020-04-20","44.283","72.95","350.0","FURMANOVO, KZ",,,,,"  285",",,S","   89",",,S","  189","H,,S"
"KZ000038099","2020-04-21","44.283","72.95","350.0","FURMANOVO, KZ",,,,,"  300",",,S","   76",",,S","  202","H,,S"
"KZ000038099","2020-04-22","44.283","72.95","350.0","FURMANOVO, KZ",,,,,"  315",",,S","  103",",,S","  206","H,,S"
"KZ000038099","2020-04-23","44.283","72.95","350.0","FURMANOVO, KZ",,,,,"  330",",,S","   94",",,S","  213","H,,S"
"KZ000038099","2020-04-24","44.283","72.95","350.0","FURMANOVO, KZ",,,,,"  351",",,S","   95",",,S","  227","H,,S"
"KZ000038099","2020-04-25","44.283","72.95","350.0","FURMANOVO, KZ",,,,,"  216",",,S","  112",",,S","  151","H,,S"
"KZ000038099","2020-04-26","44.283","72.95","350.0","FURMANOVO, KZ",,,,,"  295",",,S","  114",",,S","  212","H,,S"
"KZ000038099","2020-04-27","44.283","72.95","350.0","FURMANOVO, KZ",,,,,"  331",",,S","  125",",,S","  229","H,,S"
"KZ000038099","2020-04-28","44.283","72.95","350.0","FURMANOVO, KZ",,,,,"  325",",,S","  136",",,S","  224","H,,S"
"KZ000038099","2020-04-29","44.283","72.95","350.0","FURMANOVO, KZ",,,,,"  245",",,S","  126",",,S","  187","H,,S"
"KZ000038099","2020-04-30","44.283","72.95","350.0","FURMANOVO, KZ",,,,,"  258",",,S","  145",",,S","  196","H,,S"
"KZ000038099","2020-05-01","44.283","72.95","350.0","FURMANOVO, KZ",,,,,"  266",",,S","  115",",,S","  195","H,,S"
"KZ000038099","2020-05-02","44.283","72.95","350.0","FURMANOVO, KZ",,,,,"  275",",,S","  109",",,S","  192","H,,S"
"KZ000038099","2020-05-03","44.283","72.95","350.0","FURMANOVO, KZ",,,,,"  274",",,S",,,"  186","H,,S"
"KZ000038099","2020-05-04","44.283","72.95","350.0","FURMANOVO, KZ",,,,,"  300",",,S","   88",",,S","  208","H,,S"
"KZ000038099","2020-05-05","44.283","72.95","350.0","FURMANOVO, KZ",,,,,"  236",",,S","  101",",,S","  168","H,,S"
"KZ000038099","2020-05-06","44.283","72.95","350.0","FURMANOVO, KZ",,,,,"  220",",,S","   82",",,S","  152","H,,S"
"KZ000038099","2020-05-07","44.283","72.95","350.0","FURMANOVO, KZ",,,,,"  281",",,S","   74",",,S","  178","H,,S"
"KZ000038099","2020-05-08","44.283","72.95","350.0","FURMANOVO, KZ",,,,,"  320",",,S","  104",",,S","  227","H,,S"
"KZ000038099","2020-05-09","44.283","72.95","350.0","FURMANOVO, KZ",,,,,"  285",",,S","  142",",,S","  207","H,,S"
"KZ000038099","2020-05-10","44.283","72.95","350.0","FURMANOVO, KZ",,,,,"  262",",,S","  123",",,S","  179","H,,S"
"KZ000038099","2020-05-11","44.283","72.95","350.0","FURMANOVO, KZ",,,,,"  296",",,S","   99",",,S","  212","H,,S"
"KZ000038099","2020-05-12","44.283","72.95","350.0","FURMANOVO, KZ",,,,,"  330",",,S","  124",",,S","  238","H,,S"
"KZ000038099","2020-05-13","44.283","72.95","350.0","FURMANOVO, KZ",,,,,"  324",",,S","  144",",,S","  246","H,,S"
"KZ000038099","2020-05-14","44.283","72.95","350.0","FURMANOVO, KZ",,,,,"  216",",,S",,,"  163","H,,S"
"KZ000038099","2020-05-15","44.283","72.95","350.0","FURMANOVO, KZ",,,,,"  256",",,S","   94",",,S","  187","H,,S"
"KZ000038099","2020-05-16","44.283","72.95","350.0","FURMANOVO, KZ",,,,,"  286",",,S","  103",",,S","  211","H,,S"
"KZ000038099","2020-05-17","44.283","72.95","350.0","FURMANOVO, KZ",,,,,"  278",",,S",,,"  189","H,,S"
"KZ000038099","2020-05-18","44.283","72.95","350.0","FURMANOVO, KZ",,,,,"  288",",,S","  120",",,S","  211","H,,S"
"KZ000038099","2020-05-19","44.283","72.95","350.0","FURMANOVO, KZ",,,,,"  235",",,S",,,"  166","H,,S"
"KZ000038099","2020-05-20","44.283","72.95","350.0","FURMANOVO, KZ",,,,,"  291",",,S","   82",",,S","  205","H,,S"
"KZ000038099","2020-05-21","44.283","72.95","350.0","FURMANOVO, KZ",,,,,"  295",",,S","  102",",,S","  208","H,,S"
"KZ000038099","2020-05-22","44.283","72.95","350.0","FURMANOVO, KZ",,,,,"  316",",,S","  105",",,S","  221","H,,S"
"KZ000038099","2020-05-23","44.283","72.95","350.0","FURMANOVO, KZ",,,,,"  340",",,S","  138",",,S","  247","H,,S"
"KZ000038099","2020-05-24","44.283","72.95","350.0","FURMANOVO, KZ",,,,,"  340",",,S","  145",",,S","  270","H,,S"
"KZ000038099","2020-05-25","44.283","72.95","350.0","FURMANOVO, KZ",,,,,"  365",",,S","  217",",,S","  290","H,,S"
"KZ000038099","2020-05-26","44.283","72.95","350.0","FURMANOVO, KZ",,,,,"  390",",,S","  171",",,S","  297","H,,S"
"KZ000038099","2020-05-27","44.283","72.95","350.0","FURMANOVO, KZ",,,,,"  386",",,S","  180",",,S","  297","H,,S"
"KZ000038099","2020-05-28","44.283","72.95","350.0","FURMANOVO, KZ",,,,,"  303",",,S",,,"  224","H,,S"
"KZ000038099","2020-05-29","44.283","72.95","350.0","FURMANOVO, KZ",,,,,"  321",",,S","  144",",,S","  228","H,,S"
"KZ000038099","2020-05-30","44.283","72.95","350.0","FURMANOVO, KZ",,,,,"  350",",,S","  125",",,S","  257","H,,S"
"KZ000038099","2020-05-31","44.283","72.95","350.0","FURMANOVO, KZ",,,,,"  371",",,S","  152",",,S","  277","H,,S"
"KZ000038099","2020-06-01","44.283","72.95","350.0","FURMANOVO, KZ",,,,,"  386",",,S","  180",",,S","  291","H,,S"
"KZ000038099","2020-06-02","44.283","72.95","350.0","FURMANOVO, KZ",,,,,"  390",",,S","  185",",,S","  282","H,,S"
"KZ000038099","2020-06-03","44.283","72.95","350.0","FURMANOVO, KZ",,,,,"  393",",,S","  166",",,S","  294","H,,S"
