"STATION","DATE","LATITUDE","LONGITUDE","ELEVATION","NAME","PRCP","PRCP_ATTRIBUTES","TMAX","TMAX_ATTRIBUTES","TMIN","TMIN_ATTRIBUTES","TAVG","TAVG_ATTRIBUTES"
"NZM00093929","2018-05-17","-50.483","166.3","40.0","ENDERBY ISLAND AWS, NZ","   33",",,S",,,,,"   53","H,,S"
"NZM00093929","2018-05-18","-50.483","166.3","40.0","ENDERBY ISLAND AWS, NZ","   25",",,S",,,,,"   64","H,,S"
"NZM00093929","2018-05-19","-50.483","166.3","40.0","ENDERBY ISLAND AWS, NZ","   51",",,S",,,,,"   64","H,,S"
"NZM00093929","2018-05-20","-50.483","166.3","40.0","ENDERBY ISLAND AWS, NZ","  135",",,S",,,,,"   29","H,,S"
"NZM00093929","2018-05-21","-50.483","166.3","40.0","ENDERBY ISLAND AWS, NZ","   33",",,S",,,,,"   57","H,,S"
"NZM00093929","2018-05-22","-50.483","166.3","40.0","ENDERBY ISLAND AWS, NZ","   46",",,S",,,,,"   44","H,,S"
"NZM00093929","2018-05-23","-50.483","166.3","40.0","ENDERBY ISLAND AWS, NZ","   15",",,S",,,,,"   44","H,,S"
"NZM00093929","2018-05-24","-50.483","166.3","40.0","ENDERBY ISLAND AWS, NZ","   71",",,S",,,,,"   61","H,,S"
"NZM00093929","2018-05-25","-50.483","166.3","40.0","ENDERBY ISLAND AWS, NZ","   74",",,S",,,,,"   65","H,,S"
"NZM00093929","2018-05-26","-50.483","166.3","40.0","ENDERBY ISLAND AWS, NZ","   51",",,S",,,,,"   46","H,,S"
"NZM00093929","2018-05-27","-50.483","166.3","40.0","ENDERBY ISLAND AWS, NZ","   10",",,S",,,,,"   39","H,,S"
"NZM00093929","2018-05-28","-50.483","166.3","40.0","ENDERBY ISLAND AWS, NZ","   10",",,S",,,,,"   42","H,,S"
"NZM00093929","2018-05-29","-50.483","166.3","40.0","ENDERBY ISLAND AWS, NZ","    5",",,S",,,,,"   54","H,,S"
"NZM00093929","2018-05-30","-50.483","166.3","40.0","ENDERBY ISLAND AWS, NZ","   13",",,S",,,,,"   77","H,,S"
"NZM00093929","2018-05-31","-50.483","166.3","40.0","ENDERBY ISLAND AWS, NZ","   10",",,S",,,,,"   87","H,,S"
"NZM00093929","2018-06-01","-50.483","166.3","40.0","ENDERBY ISLAND AWS, NZ","   15",",,S",,,,,"   74","H,,S"
"NZM00093929","2018-06-02","-50.483","166.3","40.0","ENDERBY ISLAND AWS, NZ","   20",",,S",,,,,"   70","H,,S"
"NZM00093929","2018-06-03","-50.483","166.3","40.0","ENDERBY ISLAND AWS, NZ","   13",",,S",,,,,"   67","H,,S"
"NZM00093929","2018-06-04","-50.483","166.3","40.0","ENDERBY ISLAND AWS, NZ","   18",",,S",,,,,"   71","H,,S"
"NZM00093929","2018-06-05","-50.483","166.3","40.0","ENDERBY ISLAND AWS, NZ","  122",",,S",,,,,"   43","H,,S"
"NZM00093929","2018-06-06","-50.483","166.3","40.0","ENDERBY ISLAND AWS, NZ","    5",",,S",,,,,"   82","H,,S"
"NZM00093929","2018-06-07","-50.483","166.3","40.0","ENDERBY ISLAND AWS, NZ","    8",",,S",,,,,"   89","H,,S"
"NZM00093929","2018-06-08","-50.483","166.3","40.0","ENDERBY ISLAND AWS, NZ","   33",",,S",,,,,"   95","H,,S"
"NZM00093929","2018-06-09","-50.483","166.3","40.0","ENDERBY ISLAND AWS, NZ","   23",",,S",,,,,"   83","H,,S"
"NZM00093929","2018-06-10","-50.483","166.3","40.0","ENDERBY ISLAND AWS, NZ","   13",",,S",,,,,"   71","H,,S"
"NZM00093929","2018-06-11","-50.483","166.3","40.0","ENDERBY ISLAND AWS, NZ","   23",",,S",,,,,"   64","H,,S"
"NZM00093929","2018-06-12","-50.483","166.3","40.0","ENDERBY ISLAND AWS, NZ","    5",",,S",,,,,"   67","H,,S"
"NZM00093929","2018-06-13","-50.483","166.3","40.0","ENDERBY ISLAND AWS, NZ","    5",",,S",,,,,"   82","H,,S"
"NZM00093929","2018-06-14","-50.483","166.3","40.0","ENDERBY ISLAND AWS, NZ","   10",",,S",,,,,"   86","H,,S"
"NZM00093929","2018-06-15","-50.483","166.3","40.0","ENDERBY ISLAND AWS, NZ","   43",",,S",,,,,"   83","H,,S"
"NZM00093929","2018-06-16","-50.483","166.3","40.0","ENDERBY ISLAND AWS, NZ","    5",",,S",,,,,"   72","H,,S"
"NZM00093929","2018-06-17","-50.483","166.3","40.0","ENDERBY ISLAND AWS, NZ","   13",",,S",,,,,"   63","H,,S"
"NZM00093929","2018-06-18","-50.483","166.3","40.0","ENDERBY ISLAND AWS, NZ","   25",",,S",,,,,"   62","H,,S"
"NZM00093929","2018-06-19","-50.483","166.3","40.0","ENDERBY ISLAND AWS, NZ","    0",",,S",,,,,"   67","H,,S"
"NZM00093929","2018-06-20","-50.483","166.3","40.0","ENDERBY ISLAND AWS, NZ","    0",",,S",,,,,"   61","H,,S"
"NZM00093929","2018-06-21","-50.483","166.3","40.0","ENDERBY ISLAND AWS, NZ","    0",",,S",,,,,"   75","H,,S"
"NZM00093929","2018-06-22","-50.483","166.3","40.0","ENDERBY ISLAND AWS, NZ","    0",",,S",,,,,"   84","H,,S"
"NZM00093929","2018-06-23","-50.483","166.3","40.0","ENDERBY ISLAND AWS, NZ","    8",",,S",,,,,"   72","H,,S"
"NZM00093929","2018-06-24","-50.483","166.3","40.0","ENDERBY ISLAND AWS, NZ","   86",",,S",,,,,"   42","H,,S"
"NZM00093929","2018-06-25","-50.483","166.3","40.0","ENDERBY ISLAND AWS, NZ","   56",",,S",,,,,"   29","H,,S"
"NZM00093929","2018-06-26","-50.483","166.3","40.0","ENDERBY ISLAND AWS, NZ","    5",",,S",,,,,"   73","H,,S"
"NZM00093929","2018-06-27","-50.483","166.3","40.0","ENDERBY ISLAND AWS, NZ","   18",",,S",,,,,"   64","H,,S"
"NZM00093929","2018-06-28","-50.483","166.3","40.0","ENDERBY ISLAND AWS, NZ","   15",",,S",,,,,"   57","H,,S"
"NZM00093929","2018-06-29","-50.483","166.3","40.0","ENDERBY ISLAND AWS, NZ","    5",",,S",,,,,"   82","H,,S"
"NZM00093929","2018-06-30","-50.483","166.3","40.0","ENDERBY ISLAND AWS, NZ","   10",",,S",,,,,"   85","H,,S"
"NZM00093929","2018-07-01","-50.483","166.3","40.0","ENDERBY ISLAND AWS, NZ","   74",",,S",,,,,"   67","H,,S"
"NZM00093929","2018-07-02","-50.483","166.3","40.0","ENDERBY ISLAND AWS, NZ","   15",",,S",,,,,"   76","H,,S"
"NZM00093929","2018-07-03","-50.483","166.3","40.0","ENDERBY ISLAND AWS, NZ","    3",",,S",,,,,"   84","H,,S"
"NZM00093929","2018-07-04","-50.483","166.3","40.0","ENDERBY ISLAND AWS, NZ","    0",",,S",,,,,"   68","H,,S"
"NZM00093929","2018-07-05","-50.483","166.3","40.0","ENDERBY ISLAND AWS, NZ","    0",",,S",,,,,"   91","H,,S"
"NZM00093929","2018-07-06","-50.483","166.3","40.0","ENDERBY ISLAND AWS, NZ","    0",",,S",,,,,"   91","H,,S"
"NZM00093929","2018-07-07","-50.483","166.3","40.0","ENDERBY ISLAND AWS, NZ","    0",",,S",,,,,"   88","H,,S"
"NZM00093929","2018-07-08","-50.483","166.3","40.0","ENDERBY ISLAND AWS, NZ","    0",",,S",,,,,"   72","H,,S"
"NZM00093929","2018-07-09","-50.483","166.3","40.0","ENDERBY ISLAND AWS, NZ","    0",",,S",,,,,"   55","H,,S"
"NZM00093929","2018-07-10","-50.483","166.3","40.0","ENDERBY ISLAND AWS, NZ","    5",",,S",,,,,"   59","H,,S"
"NZM00093929","2018-07-11","-50.483","166.3","40.0","ENDERBY ISLAND AWS, NZ","    0",",,S",,,,,"   49","H,,S"
"NZM00093929","2018-07-12","-50.483","166.3","40.0","ENDERBY ISLAND AWS, NZ","    3",",,S",,,,,"   79","H,,S"
"NZM00093929","2018-07-13","-50.483","166.3","40.0","ENDERBY ISLAND AWS, NZ","    8",",,S",,,,,"   60","H,,S"
"NZM00093929","2018-07-14","-50.483","166.3","40.0","ENDERBY ISLAND AWS, NZ","    0",",,S",,,,,"   56","H,,S"
"NZM00093929","2018-07-15","-50.483","166.3","40.0","ENDERBY ISLAND AWS, NZ","    0",",,S",,,,,"   80","H,,S"
"NZM00093929","2018-07-16","-50.483","166.3","40.0","ENDERBY ISLAND AWS, NZ","    0",",,S",,,,,"   84","H,,S"
"NZM00093929","2018-07-17","-50.483","166.3","40.0","ENDERBY ISLAND AWS, NZ","    0",",,S",,,,,"   81","H,,S"
"NZM00093929","2018-07-18","-50.483","166.3","40.0","ENDERBY ISLAND AWS, NZ","    0",",,S",,,,,"   88","H,,S"
"NZM00093929","2018-07-19","-50.483","166.3","40.0","ENDERBY ISLAND AWS, NZ","    3",",,S",,,,,"   93","H,,S"
"NZM00093929","2018-07-20","-50.483","166.3","40.0","ENDERBY ISLAND AWS, NZ","    5",",,S",,,,,"   90","H,,S"
"NZM00093929","2018-07-21","-50.483","166.3","40.0","ENDERBY ISLAND AWS, NZ","    0",",,S",,,,,"   72","H,,S"
"NZM00093929","2018-07-22","-50.483","166.3","40.0","ENDERBY ISLAND AWS, NZ","    0",",,S",,,,,"   57","H,,S"
"NZM00093929","2018-07-23","-50.483","166.3","40.0","ENDERBY ISLAND AWS, NZ","    0",",,S",,,,,"   47","H,,S"
"NZM00093929","2018-07-24","-50.483","166.3","40.0","ENDERBY ISLAND AWS, NZ","    0",",,S",,,,,"   57","H,,S"
"NZM00093929","2018-07-25","-50.483","166.3","40.0","ENDERBY ISLAND AWS, NZ","    0",",,S",,,,,"   68","H,,S"
"NZM00093929","2018-07-26","-50.483","166.3","40.0","ENDERBY ISLAND AWS, NZ","    0",",,S",,,,,"   67","H,,S"
"NZM00093929","2018-07-27","-50.483","166.3","40.0","ENDERBY ISLAND AWS, NZ","   10",",,S",,,,,"   58","H,,S"
"NZM00093929","2018-07-28","-50.483","166.3","40.0","ENDERBY ISLAND AWS, NZ","    0",",,S",,,,,"   51","H,,S"
"NZM00093929","2018-07-29","-50.483","166.3","40.0","ENDERBY ISLAND AWS, NZ","    0",",,S",,,,,"   56","H,,S"
"NZM00093929","2018-07-30","-50.483","166.3","40.0","ENDERBY ISLAND AWS, NZ","    0",",,S",,,,,"   82","H,,S"
"NZM00093929","2018-07-31","-50.483","166.3","40.0","ENDERBY ISLAND AWS, NZ","    0",",,S",,,,,"   80","H,,S"
"NZM00093929","2018-08-01","-50.483","166.3","40.0","ENDERBY ISLAND AWS, NZ","    0",",,S",,,,,"   71","H,,S"
"NZM00093929","2018-08-02","-50.483","166.3","40.0","ENDERBY ISLAND AWS, NZ","    5",",,S",,,,,"   68","H,,S"
"NZM00093929","2018-08-03","-50.483","166.3","40.0","ENDERBY ISLAND AWS, NZ","    0",",,S",,,,,"   66","H,,S"
"NZM00093929","2018-08-04","-50.483","166.3","40.0","ENDERBY ISLAND AWS, NZ","    0",",,S",,,,,"   72","H,,S"
"NZM00093929","2018-08-05","-50.483","166.3","40.0","ENDERBY ISLAND AWS, NZ","    0",",,S",,,,,"   74","H,,S"
"NZM00093929","2018-08-06","-50.483","166.3","40.0","ENDERBY ISLAND AWS, NZ","    0",",,S",,,,,"   79","H,,S"
"NZM00093929","2018-08-07","-50.483","166.3","40.0","ENDERBY ISLAND AWS, NZ","    0",",,S",,,,,"   85","H,,S"
"NZM00093929","2018-08-08","-50.483","166.3","40.0","ENDERBY ISLAND AWS, NZ","    0",",,S",,,,,"   88","H,,S"
"NZM00093929","2018-08-09","-50.483","166.3","40.0","ENDERBY ISLAND AWS, NZ","    0",",,S",,,,,"   84","H,,S"
"NZM00093929","2018-08-10","-50.483","166.3","40.0","ENDERBY ISLAND AWS, NZ","    0",",,S",,,,,"   93","H,,S"
"NZM00093929","2018-08-11","-50.483","166.3","40.0","ENDERBY ISLAND AWS, NZ","    0",",,S",,,,,"   98","H,,S"
"NZM00093929","2018-08-12","-50.483","166.3","40.0","ENDERBY ISLAND AWS, NZ","    0",",,S",,,,,"   83","H,,S"
"NZM00093929","2018-08-13","-50.483","166.3","40.0","ENDERBY ISLAND AWS, NZ","   10",",,S",,,,,"   67","H,,S"
"NZM00093929","2018-08-14","-50.483","166.3","40.0","ENDERBY ISLAND AWS, NZ","    0",",,S",,,,,"   76","H,,S"
"NZM00093929","2018-08-15","-50.483","166.3","40.0","ENDERBY ISLAND AWS, NZ","    0",",,S",,,,,"   93","H,,S"
"NZM00093929","2018-08-16","-50.483","166.3","40.0","ENDERBY ISLAND AWS, NZ","    0",",,S",,,,,"   63","H,,S"
"NZM00093929","2018-08-17","-50.483","166.3","40.0","ENDERBY ISLAND AWS, NZ","    0",",,S",,,,,"   62","H,,S"
"NZM00093929","2018-08-18","-50.483","166.3","40.0","ENDERBY ISLAND AWS, NZ","    0",",,S",,,,,"   89","H,,S"
"NZM00093929","2018-08-19","-50.483","166.3","40.0","ENDERBY ISLAND AWS, NZ","    0",",,S",,,,,"   81","H,,S"
"NZM00093929","2018-08-20","-50.483","166.3","40.0","ENDERBY ISLAND AWS, NZ","    0",",,S",,,,,"   39","H,,S"
"NZM00093929","2018-08-21","-50.483","166.3","40.0","ENDERBY ISLAND AWS, NZ","    0",",,S",,,,,"   65","H,,S"
"NZM00093929","2018-08-22","-50.483","166.3","40.0","ENDERBY ISLAND AWS, NZ","    0",",,S",,,,,"   72","H,,S"
"NZM00093929","2018-08-23","-50.483","166.3","40.0","ENDERBY ISLAND AWS, NZ","    0",",,S",,,,,"   64","H,,S"
"NZM00093929","2018-08-24","-50.483","166.3","40.0","ENDERBY ISLAND AWS, NZ","    0",",,S",,,,,"   53","H,,S"
"NZM00093929","2018-08-25","-50.483","166.3","40.0","ENDERBY ISLAND AWS, NZ","    0",",,S",,,,,"   79","H,,S"
"NZM00093929","2018-08-26","-50.483","166.3","40.0","ENDERBY ISLAND AWS, NZ","    3",",,S",,,,,"   85","H,,S"
"NZM00093929","2018-08-27","-50.483","166.3","40.0","ENDERBY ISLAND AWS, NZ","    0",",,S",,,,,"   31","H,,S"
"NZM00093929","2018-08-28","-50.483","166.3","40.0","ENDERBY ISLAND AWS, NZ","    0",",,S",,,,,"   47","H,,S"
"NZM00093929","2018-08-29","-50.483","166.3","40.0","ENDERBY ISLAND AWS, NZ","    0",",,S",,,,,"   60","H,,S"
"NZM00093929","2018-08-30","-50.483","166.3","40.0","ENDERBY ISLAND AWS, NZ",,,,,,,"   50","H,,S"
"NZM00093929","2018-08-31","-50.483","166.3","40.0","ENDERBY ISLAND AWS, NZ","    0",",,S",,,,,"   53","H,,S"
"NZM00093929","2018-09-01","-50.483","166.3","40.0","ENDERBY ISLAND AWS, NZ",,,,,,,"   64","H,,S"
"NZM00093929","2018-09-02","-50.483","166.3","40.0","ENDERBY ISLAND AWS, NZ","    0",",,S",,,,,"   53","H,,S"
"NZM00093929","2018-09-03","-50.483","166.3","40.0","ENDERBY ISLAND AWS, NZ","    0",",,S",,,,,"   67","H,,S"
"NZM00093929","2018-09-04","-50.483","166.3","40.0","ENDERBY ISLAND AWS, NZ","    0",",,S",,,,,"   75","H,,S"
"NZM00093929","2018-09-05","-50.483","166.3","40.0","ENDERBY ISLAND AWS, NZ","    3",",,S",,,,,"   80","H,,S"
"NZM00093929","2018-09-06","-50.483","166.3","40.0","ENDERBY ISLAND AWS, NZ","    0",",,S",,,,,"   76","H,,S"
"NZM00093929","2018-09-07","-50.483","166.3","40.0","ENDERBY ISLAND AWS, NZ","    0",",,S",,,,,"   76","H,,S"
"NZM00093929","2018-09-08","-50.483","166.3","40.0","ENDERBY ISLAND AWS, NZ","    0",",,S",,,,,"   81","H,,S"
"NZM00093929","2018-09-09","-50.483","166.3","40.0","ENDERBY ISLAND AWS, NZ","    3",",,S",,,,,"   79","H,,S"
"NZM00093929","2018-09-10","-50.483","166.3","40.0","ENDERBY ISLAND AWS, NZ","    0",",,S",,,,,"   78","H,,S"
"NZM00093929","2018-09-11","-50.483","166.3","40.0","ENDERBY ISLAND AWS, NZ","    0",",,S",,,,,"   81","H,,S"
"NZM00093929","2018-09-12","-50.483","166.3","40.0","ENDERBY ISLAND AWS, NZ","    0",",,S",,,,,"   95","H,,S"
"NZM00093929","2018-09-13","-50.483","166.3","40.0","ENDERBY ISLAND AWS, NZ","    0",",,S",,,,,"   89","H,,S"
"NZM00093929","2018-09-14","-50.483","166.3","40.0","ENDERBY ISLAND AWS, NZ","    0",",,S",,,,,"   95","H,,S"
"NZM00093929","2018-09-15","-50.483","166.3","40.0","ENDERBY ISLAND AWS, NZ","    0",",,S",,,,,"  102","H,,S"
"NZM00093929","2018-09-16","-50.483","166.3","40.0","ENDERBY ISLAND AWS, NZ","    0",",,S",,,,,"   68","H,,S"
"NZM00093929","2018-09-18","-50.483","166.3","40.0","ENDERBY ISLAND AWS, NZ",,,,,,,"   95","H,,S"
"NZM00093929","2018-09-19","-50.483","166.3","40.0","ENDERBY ISLAND AWS, NZ","    0",",,S",,,,,"   93","H,,S"
"NZM00093929","2018-09-20","-50.483","166.3","40.0","ENDERBY ISLAND AWS, NZ","    3",",,S",,,,,"   82","H,,S"
"NZM00093929","2018-09-21","-50.483","166.3","40.0","ENDERBY ISLAND AWS, NZ","    5",",,S",,,,,"   89","H,,S"
"NZM00093929","2018-09-22","-50.483","166.3","40.0","ENDERBY ISLAND AWS, NZ","   10",",,S",,,,,"   82","H,,S"
"NZM00093929","2018-09-23","-50.483","166.3","40.0","ENDERBY ISLAND AWS, NZ","   10",",,S",,,,,"   51","H,,S"
"NZM00093929","2018-09-25","-50.483","166.3","40.0","ENDERBY ISLAND AWS, NZ","    0",",,S",,,,,"   17","H,,S"
"NZM00093929","2018-09-26","-50.483","166.3","40.0","ENDERBY ISLAND AWS, NZ","    0",",,S",,,,,"   47","H,,S"
"NZM00093929","2018-09-27","-50.483","166.3","40.0","ENDERBY ISLAND AWS, NZ","    0",",,S",,,,,"   76","H,,S"
"NZM00093929","2018-09-28","-50.483","166.3","40.0","ENDERBY ISLAND AWS, NZ","    0",",,S",,,,,"   93","H,,S"
"NZM00093929","2018-09-29","-50.483","166.3","40.0","ENDERBY ISLAND AWS, NZ","    0",",,S",,,,,"   82","H,,S"
"NZM00093929","2018-09-30","-50.483","166.3","40.0","ENDERBY ISLAND AWS, NZ","    3",",,S",,,,,"   90","H,,S"
"NZM00093929","2018-10-01","-50.483","166.3","40.0","ENDERBY ISLAND AWS, NZ","    0",",,S",,,,,"   73","H,,S"
"NZM00093929","2018-10-02","-50.483","166.3","40.0","ENDERBY ISLAND AWS, NZ","    0",",,S",,,,,"   73","H,,S"
"NZM00093929","2018-10-03","-50.483","166.3","40.0","ENDERBY ISLAND AWS, NZ","    0",",,S",,,,,"   70","H,,S"
"NZM00093929","2018-10-04","-50.483","166.3","40.0","ENDERBY ISLAND AWS, NZ","    0",",,S",,,,,"   63","H,,S"
"NZM00093929","2018-10-05","-50.483","166.3","40.0","ENDERBY ISLAND AWS, NZ","   15",",,S",,,,,"   73","H,,S"
"NZM00093929","2018-10-06","-50.483","166.3","40.0","ENDERBY ISLAND AWS, NZ","    3",",,S",,,,,"   71","H,,S"
"NZM00093929","2018-10-07","-50.483","166.3","40.0","ENDERBY ISLAND AWS, NZ","   10",",,S",,,,,"   60","H,,S"
"NZM00093929","2018-10-08","-50.483","166.3","40.0","ENDERBY ISLAND AWS, NZ","    0",",,S",,,,,"   79","H,,S"
"NZM00093929","2018-10-09","-50.483","166.3","40.0","ENDERBY ISLAND AWS, NZ","    0",",,S",,,,,"   66","H,,S"
"NZM00093929","2018-10-10","-50.483","166.3","40.0","ENDERBY ISLAND AWS, NZ","    8",",,S",,,,,"   66","H,,S"
"NZM00093929","2018-10-11","-50.483","166.3","40.0","ENDERBY ISLAND AWS, NZ","    3",",,S",,,,,"   46","H,,S"
"NZM00093929","2018-10-12","-50.483","166.3","40.0","ENDERBY ISLAND AWS, NZ","   13",",,S",,,,,"   67","H,,S"
"NZM00093929","2018-10-13","-50.483","166.3","40.0","ENDERBY ISLAND AWS, NZ","    0",",,S",,,,,"   55","H,,S"
"NZM00093929","2018-10-14","-50.483","166.3","40.0","ENDERBY ISLAND AWS, NZ","    0",",,S",,,,,"   76","H,,S"
"NZM00093929","2018-10-15","-50.483","166.3","40.0","ENDERBY ISLAND AWS, NZ","    0",",,S",,,,,"   96","H,,S"
"NZM00093929","2018-10-16","-50.483","166.3","40.0","ENDERBY ISLAND AWS, NZ","    0",",,S",,,,,"   81","H,,S"
"NZM00093929","2018-10-17","-50.483","166.3","40.0","ENDERBY ISLAND AWS, NZ","    0",",,S",,,,,"   74","H,,S"
"NZM00093929","2018-10-18","-50.483","166.3","40.0","ENDERBY ISLAND AWS, NZ","    0",",,S",,,,,"   92","H,,S"
"NZM00093929","2018-10-19","-50.483","166.3","40.0","ENDERBY ISLAND AWS, NZ","    0",",,S",,,,,"   96","H,,S"
"NZM00093929","2018-10-20","-50.483","166.3","40.0","ENDERBY ISLAND AWS, NZ","    0",",,S",,,,,"   91","H,,S"
"NZM00093929","2018-10-21","-50.483","166.3","40.0","ENDERBY ISLAND AWS, NZ","    0",",,S",,,,,"   89","H,,S"
"NZM00093929","2018-10-22","-50.483","166.3","40.0","ENDERBY ISLAND AWS, NZ","    0",",,S",,,,,"   96","H,,S"
"NZM00093929","2018-10-23","-50.483","166.3","40.0","ENDERBY ISLAND AWS, NZ",,,,,,,"   92","H,,S"
"NZM00093929","2018-10-24","-50.483","166.3","40.0","ENDERBY ISLAND AWS, NZ","    0",",,S",,,,,"   81","H,,S"
"NZM00093929","2018-10-25","-50.483","166.3","40.0","ENDERBY ISLAND AWS, NZ","    0",",,S",,,,,"   81","H,,S"
"NZM00093929","2018-10-26","-50.483","166.3","40.0","ENDERBY ISLAND AWS, NZ","    0",",,S",,,,,"   87","H,,S"
"NZM00093929","2018-10-27","-50.483","166.3","40.0","ENDERBY ISLAND AWS, NZ","    0",",,S",,,,,"   89","H,,S"
"NZM00093929","2018-10-28","-50.483","166.3","40.0","ENDERBY ISLAND AWS, NZ","    0",",,S",,,,,"   66","H,,S"
"NZM00093929","2018-10-29","-50.483","166.3","40.0","ENDERBY ISLAND AWS, NZ","    0",",,S",,,,,"   61","H,,S"
"NZM00093929","2018-10-30","-50.483","166.3","40.0","ENDERBY ISLAND AWS, NZ","    0",",,S",,,,,"   83","H,,S"
"NZM00093929","2018-10-31","-50.483","166.3","40.0","ENDERBY ISLAND AWS, NZ","    0",",,S",,,,,"   62","H,,S"
"NZM00093929","2018-11-01","-50.483","166.3","40.0","ENDERBY ISLAND AWS, NZ","    0",",,S",,,,,"   92","H,,S"
"NZM00093929","2018-11-02","-50.483","166.3","40.0","ENDERBY ISLAND AWS, NZ","    0",",,S",,,,,"  100","H,,S"
"NZM00093929","2018-11-03","-50.483","166.3","40.0","ENDERBY ISLAND AWS, NZ","    0",",,S",,,,,"   73","H,,S"
"NZM00093929","2018-11-04","-50.483","166.3","40.0","ENDERBY ISLAND AWS, NZ","    0",",,S",,,,,"   89","H,,S"
"NZM00093929","2018-11-05","-50.483","166.3","40.0","ENDERBY ISLAND AWS, NZ","    0",",,S",,,,,"   96","H,,S"
"NZM00093929","2018-11-06","-50.483","166.3","40.0","ENDERBY ISLAND AWS, NZ","    0",",,S",,,,,"   94","H,,S"
"NZM00093929","2018-11-07","-50.483","166.3","40.0","ENDERBY ISLAND AWS, NZ","    0",",,S",,,,,"   89","H,,S"
"NZM00093929","2018-11-08","-50.483","166.3","40.0","ENDERBY ISLAND AWS, NZ",,,,,,,"   73","H,,S"
"NZM00093929","2018-11-09","-50.483","166.3","40.0","ENDERBY ISLAND AWS, NZ","    0",",,S",,,,,"   90","H,,S"
"NZM00093929","2018-11-10","-50.483","166.3","40.0","ENDERBY ISLAND AWS, NZ",,,,,,,"  103","H,,S"
"NZM00093929","2018-11-11","-50.483","166.3","40.0","ENDERBY ISLAND AWS, NZ",,,,,,,"   87","H,,S"
"NZM00093929","2018-11-12","-50.483","166.3","40.0","ENDERBY ISLAND AWS, NZ","    0",",,S",,,,,"   94","H,,S"
"NZM00093929","2018-11-13","-50.483","166.3","40.0","ENDERBY ISLAND AWS, NZ",,,,,,,"  105","H,,S"
"NZM00093929","2018-11-14","-50.483","166.3","40.0","ENDERBY ISLAND AWS, NZ","    0",",,S",,,,,"  101","H,,S"
"NZM00093929","2018-11-15","-50.483","166.3","40.0","ENDERBY ISLAND AWS, NZ",,,,,,,"   67","H,,S"
"NZM00093929","2018-11-16","-50.483","166.3","40.0","ENDERBY ISLAND AWS, NZ",,,,,,,"   87","H,,S"
"NZM00093929","2018-11-23","-50.483","166.3","40.0","ENDERBY ISLAND AWS, NZ",,,,,,,"   97","H,,S"
"NZM00093929","2018-11-24","-50.483","166.3","40.0","ENDERBY ISLAND AWS, NZ",,,,,,,"   96","H,,S"
"NZM00093929","2018-11-25","-50.483","166.3","40.0","ENDERBY ISLAND AWS, NZ",,,,,,,"   89","H,,S"
"NZM00093929","2018-11-26","-50.483","166.3","40.0","ENDERBY ISLAND AWS, NZ",,,,,,,"   94","H,,S"
"NZM00093929","2018-11-27","-50.483","166.3","40.0","ENDERBY ISLAND AWS, NZ",,,,,,,"   98","H,,S"
"NZM00093929","2018-11-28","-50.483","166.3","40.0","ENDERBY ISLAND AWS, NZ",,,,,,,"   99","H,,S"
"NZM00093929","2018-11-29","-50.483","166.3","40.0","ENDERBY ISLAND AWS, NZ","    0",",,S",,,,,"  108","H,,S"
"NZM00093929","2018-11-30","-50.483","166.3","40.0","ENDERBY ISLAND AWS, NZ",,,,,,,"  103","H,,S"
"NZM00093929","2018-12-01","-50.483","166.3","40.0","ENDERBY ISLAND AWS, NZ",,,,,,,"  113","H,,S"
"NZM00093929","2018-12-02","-50.483","166.3","40.0","ENDERBY ISLAND AWS, NZ",,,,,,,"  111","H,,S"
"NZM00093929","2018-12-03","-50.483","166.3","40.0","ENDERBY ISLAND AWS, NZ",,,,,,,"  111","H,,S"
"NZM00093929","2018-12-04","-50.483","166.3","40.0","ENDERBY ISLAND AWS, NZ",,,,,,,"  107","H,,S"
"NZM00093929","2018-12-05","-50.483","166.3","40.0","ENDERBY ISLAND AWS, NZ",,,,,,,"   89","H,,S"
"NZM00093929","2018-12-06","-50.483","166.3","40.0","ENDERBY ISLAND AWS, NZ","    0",",,S",,,,,"  109","H,,S"
"NZM00093929","2018-12-07","-50.483","166.3","40.0","ENDERBY ISLAND AWS, NZ",,,,,,,"   98","H,,S"
"NZM00093929","2018-12-08","-50.483","166.3","40.0","ENDERBY ISLAND AWS, NZ",,,,,,,"   97","H,,S"
"NZM00093929","2018-12-09","-50.483","166.3","40.0","ENDERBY ISLAND AWS, NZ",,,,,,,"   94","H,,S"
"NZM00093929","2018-12-10","-50.483","166.3","40.0","ENDERBY ISLAND AWS, NZ",,,,,,,"  101","H,,S"
"NZM00093929","2018-12-11","-50.483","166.3","40.0","ENDERBY ISLAND AWS, NZ","    0",",,S",,,,,"  110","H,,S"
"NZM00093929","2018-12-12","-50.483","166.3","40.0","ENDERBY ISLAND AWS, NZ",,,,,,,"  110","H,,S"
"NZM00093929","2018-12-13","-50.483","166.3","40.0","ENDERBY ISLAND AWS, NZ",,,,,,,"  116","H,,S"
"NZM00093929","2018-12-14","-50.483","166.3","40.0","ENDERBY ISLAND AWS, NZ",,,,,,,"  119","H,,S"
"NZM00093929","2018-12-15","-50.483","166.3","40.0","ENDERBY ISLAND AWS, NZ",,,,,,,"  109","H,,S"
"NZM00093929","2018-12-16","-50.483","166.3","40.0","ENDERBY ISLAND AWS, NZ",,,,,,,"  121","H,,S"
"NZM00093929","2018-12-17","-50.483","166.3","40.0","ENDERBY ISLAND AWS, NZ",,,,,,,"  104","H,,S"
"NZM00093929","2018-12-18","-50.483","166.3","40.0","ENDERBY ISLAND AWS, NZ",,,,,,,"   89","H,,S"
"NZM00093929","2018-12-19","-50.483","166.3","40.0","ENDERBY ISLAND AWS, NZ",,,,,,,"   91","H,,S"
"NZM00093929","2018-12-20","-50.483","166.3","40.0","ENDERBY ISLAND AWS, NZ",,,,,,,"  102","H,,S"
"NZM00093929","2018-12-21","-50.483","166.3","40.0","ENDERBY ISLAND AWS, NZ",,,,,,,"   78","H,,S"
"NZM00093929","2018-12-22","-50.483","166.3","40.0","ENDERBY ISLAND AWS, NZ",,,,,,,"  107","H,,S"
"NZM00093929","2018-12-23","-50.483","166.3","40.0","ENDERBY ISLAND AWS, NZ",,,,,,,"  122","H,,S"
"NZM00093929","2018-12-24","-50.483","166.3","40.0","ENDERBY ISLAND AWS, NZ",,,,,,,"  120","H,,S"
"NZM00093929","2018-12-25","-50.483","166.3","40.0","ENDERBY ISLAND AWS, NZ",,,,,,,"  104","H,,S"
"NZM00093929","2018-12-26","-50.483","166.3","40.0","ENDERBY ISLAND AWS, NZ",,,,,,,"  107","H,,S"
"NZM00093929","2018-12-27","-50.483","166.3","40.0","ENDERBY ISLAND AWS, NZ",,,,,,,"  114","H,,S"
"NZM00093929","2018-12-28","-50.483","166.3","40.0","ENDERBY ISLAND AWS, NZ",,,,,,,"  120","H,,S"
"NZM00093929","2018-12-29","-50.483","166.3","40.0","ENDERBY ISLAND AWS, NZ",,,,,,,"  120","H,,S"
"NZM00093929","2018-12-30","-50.483","166.3","40.0","ENDERBY ISLAND AWS, NZ",,,,,,,"  106","H,,S"
"NZM00093929","2018-12-31","-50.483","166.3","40.0","ENDERBY ISLAND AWS, NZ",,,,,,,"  118","H,,S"
"NZM00093929","2019-01-01","-50.483","166.3","40.0","ENDERBY ISLAND AWS, NZ",,,,,,,"  117","H,,S"
"NZM00093929","2019-01-02","-50.483","166.3","40.0","ENDERBY ISLAND AWS, NZ",,,,,,,"  112","H,,S"
"NZM00093929","2019-01-03","-50.483","166.3","40.0","ENDERBY ISLAND AWS, NZ",,,,,,,"   93","H,,S"
"NZM00093929","2019-01-04","-50.483","166.3","40.0","ENDERBY ISLAND AWS, NZ",,,,,,,"  112","H,,S"
"NZM00093929","2019-01-05","-50.483","166.3","40.0","ENDERBY ISLAND AWS, NZ",,,,,,,"  117","H,,S"
"NZM00093929","2019-01-06","-50.483","166.3","40.0","ENDERBY ISLAND AWS, NZ","    0",",,S",,,,,"  109","H,,S"
"NZM00093929","2019-01-07","-50.483","166.3","40.0","ENDERBY ISLAND AWS, NZ","    0",",,S",,,,,"  107","H,,S"
"NZM00093929","2019-01-08","-50.483","166.3","40.0","ENDERBY ISLAND AWS, NZ",,,,,,,"  118","H,,S"
"NZM00093929","2019-01-09","-50.483","166.3","40.0","ENDERBY ISLAND AWS, NZ",,,,,,,"  106","H,,S"
"NZM00093929","2019-01-10","-50.483","166.3","40.0","ENDERBY ISLAND AWS, NZ",,,"  127",",,S",,,"   94","H,,S"
"NZM00093929","2019-01-11","-50.483","166.3","40.0","ENDERBY ISLAND AWS, NZ",,,"  114",",,S","   68",",,S","   95","H,,S"
"NZM00093929","2019-01-12","-50.483","166.3","40.0","ENDERBY ISLAND AWS, NZ",,,"  140",",,S","   81",",,S","  117","H,,S"
"NZM00093929","2019-01-13","-50.483","166.3","40.0","ENDERBY ISLAND AWS, NZ","    5",",,S","  141",",,S",,,"  116","H,,S"
"NZM00093929","2019-01-14","-50.483","166.3","40.0","ENDERBY ISLAND AWS, NZ","    0",",,S",,,,,"  121","H,,S"
"NZM00093929","2019-01-15","-50.483","166.3","40.0","ENDERBY ISLAND AWS, NZ","    5",",,S",,,,,"  119","H,,S"
"NZM00093929","2019-01-16","-50.483","166.3","40.0","ENDERBY ISLAND AWS, NZ","    0",",,S","  138",",,S",,,"  110","H,,S"
"NZM00093929","2019-01-17","-50.483","166.3","40.0","ENDERBY ISLAND AWS, NZ",,,,,"   87",",,S","  114","H,,S"
"NZM00093929","2019-01-18","-50.483","166.3","40.0","ENDERBY ISLAND AWS, NZ",,,,,,,"  121","H,,S"
"NZM00093929","2019-01-19","-50.483","166.3","40.0","ENDERBY ISLAND AWS, NZ",,,"  137",",,S",,,"  107","H,,S"
"NZM00093929","2019-01-20","-50.483","166.3","40.0","ENDERBY ISLAND AWS, NZ",,,,,"   76",",,S","   89","H,,S"
"NZM00093929","2019-01-21","-50.483","166.3","40.0","ENDERBY ISLAND AWS, NZ",,,,,,,"   96","H,,S"
"NZM00093929","2019-01-22","-50.483","166.3","40.0","ENDERBY ISLAND AWS, NZ",,,"  122",",,S",,,"   92","H,,S"
"NZM00093929","2019-01-23","-50.483","166.3","40.0","ENDERBY ISLAND AWS, NZ",,,,,,,"   74","H,,S"
"NZM00093929","2019-01-24","-50.483","166.3","40.0","ENDERBY ISLAND AWS, NZ",,,,,,,"   96","H,,S"
"NZM00093929","2019-01-25","-50.483","166.3","40.0","ENDERBY ISLAND AWS, NZ",,,"  123",",,S",,,"  111","H,,S"
"NZM00093929","2019-01-26","-50.483","166.3","40.0","ENDERBY ISLAND AWS, NZ",,,,,,,"  107","H,,S"
"NZM00093929","2019-01-27","-50.483","166.3","40.0","ENDERBY ISLAND AWS, NZ",,,"  118",",,S",,,"  107","H,,S"
"NZM00093929","2019-01-28","-50.483","166.3","40.0","ENDERBY ISLAND AWS, NZ",,,,,,,"  119","H,,S"
"NZM00093929","2019-01-29","-50.483","166.3","40.0","ENDERBY ISLAND AWS, NZ",,,"  130",",,S",,,"  123","H,,S"
"NZM00093929","2019-01-30","-50.483","166.3","40.0","ENDERBY ISLAND AWS, NZ",,,,,,,"  123","H,,S"
"NZM00093929","2019-01-31","-50.483","166.3","40.0","ENDERBY ISLAND AWS, NZ",,,"  144",",,S",,,"  122","H,,S"
"NZM00093929","2019-02-01","-50.483","166.3","40.0","ENDERBY ISLAND AWS, NZ",,,,,,,"   89","H,,S"
"NZM00093929","2019-02-02","-50.483","166.3","40.0","ENDERBY ISLAND AWS, NZ",,,"  117",",,S",,,"  112","H,,S"
"NZM00093929","2019-02-03","-50.483","166.3","40.0","ENDERBY ISLAND AWS, NZ","   23",",,S",,,"  108",",,S","  124","H,,S"
"NZM00093929","2019-02-04","-50.483","166.3","40.0","ENDERBY ISLAND AWS, NZ","    0",",,S",,,,,"  107","H,,S"
"NZM00093929","2019-02-05","-50.483","166.3","40.0","ENDERBY ISLAND AWS, NZ",,,,,,,"   87","H,,S"
"NZM00093929","2019-02-06","-50.483","166.3","40.0","ENDERBY ISLAND AWS, NZ",,,,,,,"   94","H,,S"
"NZM00093929","2019-02-07","-50.483","166.3","40.0","ENDERBY ISLAND AWS, NZ",,,,,,,"  108","H,,S"
"NZM00093929","2019-02-08","-50.483","166.3","40.0","ENDERBY ISLAND AWS, NZ",,,,,,,"  128","H,,S"
"NZM00093929","2019-02-09","-50.483","166.3","40.0","ENDERBY ISLAND AWS, NZ",,,"  136",",,S","  114",",,S","  129","H,,S"
"NZM00093929","2019-02-10","-50.483","166.3","40.0","ENDERBY ISLAND AWS, NZ",,,"  133",",,S",,,"  114","H,,S"
"NZM00093929","2019-02-11","-50.483","166.3","40.0","ENDERBY ISLAND AWS, NZ",,,,,"   99",",,S","  129","H,,S"
"NZM00093929","2019-02-12","-50.483","166.3","40.0","ENDERBY ISLAND AWS, NZ",,,"  136",",,S","  112",",,S","  124","H,,S"
"NZM00093929","2019-02-13","-50.483","166.3","40.0","ENDERBY ISLAND AWS, NZ",,,"  141",",,S",,,"  116","H,,S"
"NZM00093929","2019-02-14","-50.483","166.3","40.0","ENDERBY ISLAND AWS, NZ",,,,,,,"  116","H,,S"
"NZM00093929","2019-02-15","-50.483","166.3","40.0","ENDERBY ISLAND AWS, NZ",,,,,,,"   87","H,,S"
"NZM00093929","2019-02-19","-50.483","166.3","40.0","ENDERBY ISLAND AWS, NZ",,,,,,,"  116","H,,S"
"NZM00093929","2019-02-20","-50.483","166.3","40.0","ENDERBY ISLAND AWS, NZ",,,,,,,"  117","H,,S"
"NZM00093929","2019-02-21","-50.483","166.3","40.0","ENDERBY ISLAND AWS, NZ",,,,,,,"  105","H,,S"
"NZM00093929","2019-02-22","-50.483","166.3","40.0","ENDERBY ISLAND AWS, NZ",,,,,,,"   91","H,,S"
"NZM00093929","2019-02-23","-50.483","166.3","40.0","ENDERBY ISLAND AWS, NZ",,,,,,,"   87","H,,S"
"NZM00093929","2019-02-24","-50.483","166.3","40.0","ENDERBY ISLAND AWS, NZ",,,,,,,"  101","H,,S"
"NZM00093929","2019-02-25","-50.483","166.3","40.0","ENDERBY ISLAND AWS, NZ",,,"  124",",,S","   81",",,S","  115","H,,S"
"NZM00093929","2019-02-26","-50.483","166.3","40.0","ENDERBY ISLAND AWS, NZ",,,,,,,"   99","H,,S"
"NZM00093929","2019-02-27","-50.483","166.3","40.0","ENDERBY ISLAND AWS, NZ",,,,,,,"   84","H,,S"
"NZM00093929","2019-02-28","-50.483","166.3","40.0","ENDERBY ISLAND AWS, NZ",,,"  112",",,S",,,"  101","H,,S"
"NZM00093929","2019-03-01","-50.483","166.3","40.0","ENDERBY ISLAND AWS, NZ",,,"  123",",,S","   88",",,S","  104","H,,S"
"NZM00093929","2019-03-02","-50.483","166.3","40.0","ENDERBY ISLAND AWS, NZ",,,,,"   90",",,S","  122","H,,S"
"NZM00093929","2019-03-03","-50.483","166.3","40.0","ENDERBY ISLAND AWS, NZ",,,"  129",",,S",,,"  124","H,,S"
"NZM00093929","2019-03-04","-50.483","166.3","40.0","ENDERBY ISLAND AWS, NZ",,,,,,,"  121","H,,S"
"NZM00093929","2019-03-05","-50.483","166.3","40.0","ENDERBY ISLAND AWS, NZ",,,"  137",",,S",,,"  122","H,,S"
"NZM00093929","2019-03-06","-50.483","166.3","40.0","ENDERBY ISLAND AWS, NZ","   33",",,S","  142",",,S",,,"  131","H,,S"
"NZM00093929","2019-03-07","-50.483","166.3","40.0","ENDERBY ISLAND AWS, NZ","  203",",,S","  140",",,S",,,"  101","H,,S"
"NZM00093929","2019-03-08","-50.483","166.3","40.0","ENDERBY ISLAND AWS, NZ","    0",",,S",,,"   84",",,S","  113","H,,S"
"NZM00093929","2019-03-09","-50.483","166.3","40.0","ENDERBY ISLAND AWS, NZ",,,,,,,"   99","H,,S"
"NZM00093929","2019-03-10","-50.483","166.3","40.0","ENDERBY ISLAND AWS, NZ",,,,,,,"  113","H,,S"
"NZM00093929","2019-03-11","-50.483","166.3","40.0","ENDERBY ISLAND AWS, NZ",,,"  130",",,S",,,"  119","H,,S"
"NZM00093929","2019-03-12","-50.483","166.3","40.0","ENDERBY ISLAND AWS, NZ",,,,,"  111",",,S","  124","H,,S"
"NZM00093929","2019-03-13","-50.483","166.3","40.0","ENDERBY ISLAND AWS, NZ",,,,,,,"   93","H,,S"
"NZM00093929","2019-03-14","-50.483","166.3","40.0","ENDERBY ISLAND AWS, NZ",,,,,,,"  102","H,,S"
"NZM00093929","2019-03-15","-50.483","166.3","40.0","ENDERBY ISLAND AWS, NZ",,,"  123",",,S",,,"  108","H,,S"
"NZM00093929","2019-03-16","-50.483","166.3","40.0","ENDERBY ISLAND AWS, NZ",,,,,"   95",",,S","  106","H,,S"
"NZM00093929","2019-03-17","-50.483","166.3","40.0","ENDERBY ISLAND AWS, NZ",,,,,,,"  102","H,,S"
"NZM00093929","2019-03-18","-50.483","166.3","40.0","ENDERBY ISLAND AWS, NZ",,,,,,,"   86","H,,S"
"NZM00093929","2019-03-19","-50.483","166.3","40.0","ENDERBY ISLAND AWS, NZ",,,,,,,"   99","H,,S"
"NZM00093929","2019-03-20","-50.483","166.3","40.0","ENDERBY ISLAND AWS, NZ",,,"  117",",,S",,,"  106","H,,S"
"NZM00093929","2019-03-21","-50.483","166.3","40.0","ENDERBY ISLAND AWS, NZ",,,"  134",",,S","   96",",,S","  124","H,,S"
"NZM00093929","2019-03-22","-50.483","166.3","40.0","ENDERBY ISLAND AWS, NZ",,,"  132",",,S",,,"   99","H,,S"
"NZM00093929","2019-03-23","-50.483","166.3","40.0","ENDERBY ISLAND AWS, NZ","  152",",,S",,,"   91",",,S","  122","H,,S"
"NZM00093929","2019-03-24","-50.483","166.3","40.0","ENDERBY ISLAND AWS, NZ","  259",",,S","  135",",,S","  107",",,S","  119","H,,S"
"NZM00093929","2019-03-25","-50.483","166.3","40.0","ENDERBY ISLAND AWS, NZ","   15",",,S",,,"  109",",,S","  130","H,,S"
"NZM00093929","2019-03-26","-50.483","166.3","40.0","ENDERBY ISLAND AWS, NZ","    0",",,S",,,,,"  114","H,,S"
"NZM00093929","2019-03-27","-50.483","166.3","40.0","ENDERBY ISLAND AWS, NZ",,,,,,,"   96","H,,S"
"NZM00093929","2019-03-28","-50.483","166.3","40.0","ENDERBY ISLAND AWS, NZ",,,,,,,"  122","H,,S"
"NZM00093929","2019-03-29","-50.483","166.3","40.0","ENDERBY ISLAND AWS, NZ",,,,,,,"  124","H,,S"
"NZM00093929","2019-03-30","-50.483","166.3","40.0","ENDERBY ISLAND AWS, NZ",,,,,,,"  129","H,,S"
"NZM00093929","2019-03-31","-50.483","166.3","40.0","ENDERBY ISLAND AWS, NZ",,,"  146",",,S",,,"  129","H,,S"
"NZM00093929","2019-04-01","-50.483","166.3","40.0","ENDERBY ISLAND AWS, NZ",,,"  135",",,S",,,"   79","H,,S"
"NZM00093929","2019-04-02","-50.483","166.3","40.0","ENDERBY ISLAND AWS, NZ",,,"  115",",,S","   63",",,S","  100","H,,S"
"NZM00093929","2019-04-03","-50.483","166.3","40.0","ENDERBY ISLAND AWS, NZ",,,,,,,"  111","H,,S"
"NZM00093929","2019-04-04","-50.483","166.3","40.0","ENDERBY ISLAND AWS, NZ",,,,,,,"   72","H,,S"
"NZM00093929","2019-04-05","-50.483","166.3","40.0","ENDERBY ISLAND AWS, NZ",,,,,,,"  100","H,,S"
"NZM00093929","2019-04-06","-50.483","166.3","40.0","ENDERBY ISLAND AWS, NZ",,,"  119",",,S",,,"  109","H,,S"
"NZM00093929","2019-04-07","-50.483","166.3","40.0","ENDERBY ISLAND AWS, NZ",,,,,,,"  116","H,,S"
"NZM00093929","2019-04-08","-50.483","166.3","40.0","ENDERBY ISLAND AWS, NZ",,,"  127",",,S",,,"  111","H,,S"
"NZM00093929","2019-04-09","-50.483","166.3","40.0","ENDERBY ISLAND AWS, NZ",,,"  128",",,S","   84",",,S","  111","H,,S"
"NZM00093929","2019-04-10","-50.483","166.3","40.0","ENDERBY ISLAND AWS, NZ",,,,,,,"   92","H,,S"
"NZM00093929","2019-04-11","-50.483","166.3","40.0","ENDERBY ISLAND AWS, NZ",,,,,,,"   77","H,,S"
"NZM00093929","2019-04-12","-50.483","166.3","40.0","ENDERBY ISLAND AWS, NZ",,,,,,,"   97","H,,S"
"NZM00093929","2019-04-13","-50.483","166.3","40.0","ENDERBY ISLAND AWS, NZ",,,"  120",",,S",,,"   90","H,,S"
"NZM00093929","2019-04-14","-50.483","166.3","40.0","ENDERBY ISLAND AWS, NZ",,,,,"   68",",,S","   86","H,,S"
"NZM00093929","2019-04-15","-50.483","166.3","40.0","ENDERBY ISLAND AWS, NZ",,,"  103",",,S",,,"   86","H,,S"
"NZM00093929","2019-04-16","-50.483","166.3","40.0","ENDERBY ISLAND AWS, NZ","    0",",,S",,,"   73",",,S","   88","H,,S"
"NZM00093929","2019-04-17","-50.483","166.3","40.0","ENDERBY ISLAND AWS, NZ",,,"  113",",,S",,,"  102","H,,S"
"NZM00093929","2019-04-18","-50.483","166.3","40.0","ENDERBY ISLAND AWS, NZ",,,"  129",",,S","   89",",,S","  123","H,,S"
"NZM00093929","2019-04-19","-50.483","166.3","40.0","ENDERBY ISLAND AWS, NZ","   13",",,S","  135",",,S",,,"  102","H,,S"
"NZM00093929","2019-04-20","-50.483","166.3","40.0","ENDERBY ISLAND AWS, NZ","    0",",,S",,,,,"   87","H,,S"
"NZM00093929","2019-04-21","-50.483","166.3","40.0","ENDERBY ISLAND AWS, NZ",,,,,,,"  106","H,,S"
"NZM00093929","2019-04-22","-50.483","166.3","40.0","ENDERBY ISLAND AWS, NZ",,,"  123",",,S",,,"  108","H,,S"
"NZM00093929","2019-04-23","-50.483","166.3","40.0","ENDERBY ISLAND AWS, NZ","   30",",,S","  115",",,S","   94",",,S","  107","H,,S"
"NZM00093929","2019-04-24","-50.483","166.3","40.0","ENDERBY ISLAND AWS, NZ","   15",",,S",,,"   94",",,S","  101","H,,S"
"NZM00093929","2019-04-25","-50.483","166.3","40.0","ENDERBY ISLAND AWS, NZ","    0",",,S","  120",",,S",,,"  104","H,,S"
"NZM00093929","2019-04-26","-50.483","166.3","40.0","ENDERBY ISLAND AWS, NZ","  109",",,S","  127",",,S","   83",",,S","  112","H,,S"
"NZM00093929","2019-04-27","-50.483","166.3","40.0","ENDERBY ISLAND AWS, NZ","    0",",,S",,,,,"   82","H,,S"
"NZM00093929","2019-04-28","-50.483","166.3","40.0","ENDERBY ISLAND AWS, NZ",,,"  108",",,S",,,"   68","H,,S"
"NZM00093929","2019-04-29","-50.483","166.3","40.0","ENDERBY ISLAND AWS, NZ",,,,,"   37",",,S","   75","H,,S"
"NZM00093929","2019-04-30","-50.483","166.3","40.0","ENDERBY ISLAND AWS, NZ",,,,,"   59",",,S","  110","H,,S"
"NZM00093929","2019-05-01","-50.483","166.3","40.0","ENDERBY ISLAND AWS, NZ",,,,,,,"   96","H,,S"
"NZM00093929","2019-05-02","-50.483","166.3","40.0","ENDERBY ISLAND AWS, NZ",,,,,,,"   83","H,,S"
"NZM00093929","2019-05-03","-50.483","166.3","40.0","ENDERBY ISLAND AWS, NZ",,,,,"   75",",,S","  116","H,,S"
"NZM00093929","2019-05-04","-50.483","166.3","40.0","ENDERBY ISLAND AWS, NZ",,,"  126",",,S",,,"   86","H,,S"
"NZM00093929","2019-05-05","-50.483","166.3","40.0","ENDERBY ISLAND AWS, NZ",,,"   84",",,S","   52",",,S","   76","H,,S"
"NZM00093929","2019-05-06","-50.483","166.3","40.0","ENDERBY ISLAND AWS, NZ","    0",",,S",,,"   69",",,S","   94","H,,S"
"NZM00093929","2019-05-07","-50.483","166.3","40.0","ENDERBY ISLAND AWS, NZ","    5",",,S","  109",",,S","   79",",,S","  101","H,,S"
"NZM00093929","2019-05-08","-50.483","166.3","40.0","ENDERBY ISLAND AWS, NZ","    3",",,S",,,"   91",",,S","  114","H,,S"
"NZM00093929","2019-05-09","-50.483","166.3","40.0","ENDERBY ISLAND AWS, NZ","   38",",,S","  125",",,S",,,"  111","H,,S"
"NZM00093929","2019-05-10","-50.483","166.3","40.0","ENDERBY ISLAND AWS, NZ","   61",",,S","  119",",,S",,,"   98","H,,S"
"NZM00093929","2019-05-11","-50.483","166.3","40.0","ENDERBY ISLAND AWS, NZ","   25",",,S","   97",",,S",,,"   82","H,,S"
"NZM00093929","2019-05-12","-50.483","166.3","40.0","ENDERBY ISLAND AWS, NZ","    8",",,S","   90",",,S",,,"   67","H,,S"
"NZM00093929","2019-05-13","-50.483","166.3","40.0","ENDERBY ISLAND AWS, NZ","    0",",,S",,,"   39",",,S","   93","H,,S"
"NZM00093929","2019-05-14","-50.483","166.3","40.0","ENDERBY ISLAND AWS, NZ",,,"  116",",,S",,,"   79","H,,S"
"NZM00093929","2019-05-15","-50.483","166.3","40.0","ENDERBY ISLAND AWS, NZ",,,"   96",",,S",,,"   49","H,,S"
"NZM00093929","2019-05-16","-50.483","166.3","40.0","ENDERBY ISLAND AWS, NZ",,,,,"   27",",,S","   59","H,,S"
"NZM00093929","2019-05-17","-50.483","166.3","40.0","ENDERBY ISLAND AWS, NZ",,,"  108",",,S","   44",",,S","   90","H,,S"
"NZM00093929","2019-05-18","-50.483","166.3","40.0","ENDERBY ISLAND AWS, NZ",,,"   94",",,S",,,"   60","H,,S"
"NZM00093929","2019-05-19","-50.483","166.3","40.0","ENDERBY ISLAND AWS, NZ",,,"   88",",,S","   36",",,S","   75","H,,S"
"NZM00093929","2019-05-20","-50.483","166.3","40.0","ENDERBY ISLAND AWS, NZ",,,"   84",",,S","   65",",,S","   77","H,,S"
"NZM00093929","2019-05-21","-50.483","166.3","40.0","ENDERBY ISLAND AWS, NZ",,,"  111",",,S","   72",",,S","  102","H,,S"
"NZM00093929","2019-05-22","-50.483","166.3","40.0","ENDERBY ISLAND AWS, NZ",,,"  110",",,S",,,"   93","H,,S"
"NZM00093929","2019-05-23","-50.483","166.3","40.0","ENDERBY ISLAND AWS, NZ",,,"  110",",,S",,,"  107","H,,S"
"NZM00093929","2019-05-24","-50.483","166.3","40.0","ENDERBY ISLAND AWS, NZ",,,"  113",",,S",,,"  102","H,,S"
"NZM00093929","2019-05-25","-50.483","166.3","40.0","ENDERBY ISLAND AWS, NZ","   64",",,S","  116",",,S",,,"   83","H,,S"
"NZM00093929","2019-05-26","-50.483","166.3","40.0","ENDERBY ISLAND AWS, NZ","  165",",,S","  111",",,S","   48",",,S","   94","H,,S"
"NZM00093929","2019-05-27","-50.483","166.3","40.0","ENDERBY ISLAND AWS, NZ","   30",",,S","  111",",,S","   75",",,S","  100","H,,S"
"NZM00093929","2019-05-28","-50.483","166.3","40.0","ENDERBY ISLAND AWS, NZ","    5",",,S","  106",",,S",,,"   89","H,,S"
"NZM00093929","2019-05-29","-50.483","166.3","40.0","ENDERBY ISLAND AWS, NZ","   99",",,S","   91",",,S",,,"   78","H,,S"
"NZM00093929","2019-05-30","-50.483","166.3","40.0","ENDERBY ISLAND AWS, NZ","   15",",,S","   86",",,S",,,"   57","H,,S"
"NZM00093929","2019-05-31","-50.483","166.3","40.0","ENDERBY ISLAND AWS, NZ","   43",",,S","   62",",,S",,,"   33","H,,S"
"NZM00093929","2019-06-01","-50.483","166.3","40.0","ENDERBY ISLAND AWS, NZ","    0",",,S","   64",",,S","   15",",,S","   48","H,,S"
"NZM00093929","2019-06-02","-50.483","166.3","40.0","ENDERBY ISLAND AWS, NZ",,,"   90",",,S","   32",",,S","   74","H,,S"
"NZM00093929","2019-06-03","-50.483","166.3","40.0","ENDERBY ISLAND AWS, NZ",,,"   91",",,S",,,"   34","H,,S"
"NZM00093929","2019-06-04","-50.483","166.3","40.0","ENDERBY ISLAND AWS, NZ",,,"   67",",,S","   12",",,S","   45","H,,S"
"NZM00093929","2019-06-05","-50.483","166.3","40.0","ENDERBY ISLAND AWS, NZ",,,"   94",",,S","   27",",,S","   68","H,,S"
"NZM00093929","2019-06-06","-50.483","166.3","40.0","ENDERBY ISLAND AWS, NZ",,,,,,,"   64","H,,S"
"NZM00093929","2019-06-07","-50.483","166.3","40.0","ENDERBY ISLAND AWS, NZ","   56",",,S","   93",",,S","   43",",,S","   68","H,,S"
"NZM00093929","2019-06-08","-50.483","166.3","40.0","ENDERBY ISLAND AWS, NZ","  107",",,S",,,"   31",",,S","   71","H,,S"
"NZM00093929","2019-06-09","-50.483","166.3","40.0","ENDERBY ISLAND AWS, NZ","   15",",,S","   98",",,S","   46",",,S","   70","H,,S"
"NZM00093929","2019-06-10","-50.483","166.3","40.0","ENDERBY ISLAND AWS, NZ","   18",",,S",,,"   49",",,S","   90","H,,S"
"NZM00093929","2019-06-11","-50.483","166.3","40.0","ENDERBY ISLAND AWS, NZ","   38",",,S","  103",",,S",,,"   73","H,,S"
"NZM00093929","2019-06-12","-50.483","166.3","40.0","ENDERBY ISLAND AWS, NZ","   36",",,S",,,"   44",",,S","   67","H,,S"
"NZM00093929","2019-06-13","-50.483","166.3","40.0","ENDERBY ISLAND AWS, NZ","    3",",,S",,,"   53",",,S","  100","H,,S"
"NZM00093929","2019-06-14","-50.483","166.3","40.0","ENDERBY ISLAND AWS, NZ","    0",",,S","  104",",,S",,,"   88","H,,S"
"NZM00093929","2019-06-15","-50.483","166.3","40.0","ENDERBY ISLAND AWS, NZ","    0",",,S","  104",",,S",,,"   63","H,,S"
"NZM00093929","2019-06-16","-50.483","166.3","40.0","ENDERBY ISLAND AWS, NZ","   97",",,S","   65",",,S","   25",",,S","   50","H,,S"
"NZM00093929","2019-06-17","-50.483","166.3","40.0","ENDERBY ISLAND AWS, NZ","   38",",,S",,,"   28",",,S","   65","H,,S"
"NZM00093929","2019-06-18","-50.483","166.3","40.0","ENDERBY ISLAND AWS, NZ","   23",",,S","  100",",,S","   34",",,S","   95","H,,S"
"NZM00093929","2019-06-19","-50.483","166.3","40.0","ENDERBY ISLAND AWS, NZ","    5",",,S","  101",",,S",,,"   92","H,,S"
"NZM00093929","2019-06-20","-50.483","166.3","40.0","ENDERBY ISLAND AWS, NZ","   94",",,S","   97",",,S",,,"   77","H,,S"
"NZM00093929","2019-06-21","-50.483","166.3","40.0","ENDERBY ISLAND AWS, NZ","   15",",,S","   78",",,S",,,"   54","H,,S"
"NZM00093929","2019-06-22","-50.483","166.3","40.0","ENDERBY ISLAND AWS, NZ","   15",",,S",,,"   28",",,S","   65","H,,S"
"NZM00093929","2019-06-23","-50.483","166.3","40.0","ENDERBY ISLAND AWS, NZ","   28",",,S","   83",",,S","   55",",,S","   72","H,,S"
"NZM00093929","2019-06-24","-50.483","166.3","40.0","ENDERBY ISLAND AWS, NZ","   15",",,S",,,"   52",",,S","   82","H,,S"
"NZM00093929","2019-06-25","-50.483","166.3","40.0","ENDERBY ISLAND AWS, NZ","    0",",,S",,,"   68",",,S","   93","H,,S"
"NZM00093929","2019-06-26","-50.483","166.3","40.0","ENDERBY ISLAND AWS, NZ","   38",",,S","   99",",,S",,,"   88","H,,S"
"NZM00093929","2019-06-27","-50.483","166.3","40.0","ENDERBY ISLAND AWS, NZ","   15",",,S","  103",",,S","   83",",,S","   98","H,,S"
"NZM00093929","2019-06-28","-50.483","166.3","40.0","ENDERBY ISLAND AWS, NZ","    5",",,S",,,"   93",",,S","  106","H,,S"
"NZM00093929","2019-06-29","-50.483","166.3","40.0","ENDERBY ISLAND AWS, NZ","   23",",,S","  112",",,S",,,"   69","H,,S"
"NZM00093929","2019-06-30","-50.483","166.3","40.0","ENDERBY ISLAND AWS, NZ","   23",",,S",,,"   50",",,S","   99","H,,S"
"NZM00093929","2019-07-01","-50.483","166.3","40.0","ENDERBY ISLAND AWS, NZ","    0",",,S","  113",",,S",,,"  108","H,,S"
"NZM00093929","2019-07-02","-50.483","166.3","40.0","ENDERBY ISLAND AWS, NZ","    3",",,S","  116",",,S",,,"  103","H,,S"
"NZM00093929","2019-07-03","-50.483","166.3","40.0","ENDERBY ISLAND AWS, NZ","   36",",,S","  103",",,S",,,"   64","H,,S"
"NZM00093929","2019-07-04","-50.483","166.3","40.0","ENDERBY ISLAND AWS, NZ","    0",",,S","   69",",,S","   38",",,S","   64","H,,S"
"NZM00093929","2019-07-05","-50.483","166.3","40.0","ENDERBY ISLAND AWS, NZ",,,"   91",",,S","   55",",,S","   83","H,,S"
"NZM00093929","2019-07-06","-50.483","166.3","40.0","ENDERBY ISLAND AWS, NZ",,,,,,,"   77","H,,S"
"NZM00093929","2019-07-07","-50.483","166.3","40.0","ENDERBY ISLAND AWS, NZ",,,"   96",",,S",,,"   24","H,,S"
"NZM00093929","2019-07-08","-50.483","166.3","40.0","ENDERBY ISLAND AWS, NZ",,,"   60",",,S","    2",",,S","   39","H,,S"
"NZM00093929","2019-07-09","-50.483","166.3","40.0","ENDERBY ISLAND AWS, NZ",,,,,"   12",",,S","   56","H,,S"
"NZM00093929","2019-07-10","-50.483","166.3","40.0","ENDERBY ISLAND AWS, NZ","    3",",,S","  104",",,S","   40",",,S","   87","H,,S"
"NZM00093929","2019-07-11","-50.483","166.3","40.0","ENDERBY ISLAND AWS, NZ","    0",",,S","  102",",,S","   76",",,S","   92","H,,S"
"NZM00093929","2019-07-12","-50.483","166.3","40.0","ENDERBY ISLAND AWS, NZ",,,"   98",",,S","   75",",,S","   88","H,,S"
"NZM00093929","2019-07-13","-50.483","166.3","40.0","ENDERBY ISLAND AWS, NZ",,,"  100",",,S",,,"   84","H,,S"
"NZM00093929","2019-07-14","-50.483","166.3","40.0","ENDERBY ISLAND AWS, NZ",,,"   90",",,S",,,"   44","H,,S"
"NZM00093929","2019-07-15","-50.483","166.3","40.0","ENDERBY ISLAND AWS, NZ",,,,,,,"   36","H,,S"
"NZM00093929","2019-07-16","-50.483","166.3","40.0","ENDERBY ISLAND AWS, NZ",,,,,,,"   44","H,,S"
"NZM00093929","2019-07-17","-50.483","166.3","40.0","ENDERBY ISLAND AWS, NZ",,,"   57",",,S",,,"   37","H,,S"
"NZM00093929","2019-07-18","-50.483","166.3","40.0","ENDERBY ISLAND AWS, NZ",,,"   83",",,S","   21",",,S","   63","H,,S"
"NZM00093929","2019-07-19","-50.483","166.3","40.0","ENDERBY ISLAND AWS, NZ",,,,,"   38",",,S","   58","H,,S"
"NZM00093929","2019-07-20","-50.483","166.3","40.0","ENDERBY ISLAND AWS, NZ",,,,,,,"   64","H,,S"
"NZM00093929","2019-07-21","-50.483","166.3","40.0","ENDERBY ISLAND AWS, NZ",,,"   84",",,S","   48",",,S","   81","H,,S"
"NZM00093929","2019-07-22","-50.483","166.3","40.0","ENDERBY ISLAND AWS, NZ",,,"   87",",,S",,,"   81","H,,S"
"NZM00093929","2019-07-23","-50.483","166.3","40.0","ENDERBY ISLAND AWS, NZ",,,"   95",",,S","   62",",,S","   86","H,,S"
"NZM00093929","2019-07-24","-50.483","166.3","40.0","ENDERBY ISLAND AWS, NZ",,,"  100",",,S","   71",",,S","   92","H,,S"
"NZM00093929","2019-07-25","-50.483","166.3","40.0","ENDERBY ISLAND AWS, NZ",,,"  100",",,S",,,"   93","H,,S"
"NZM00093929","2019-07-26","-50.483","166.3","40.0","ENDERBY ISLAND AWS, NZ",,,"  105",",,S",,,"   86","H,,S"
"NZM00093929","2019-07-27","-50.483","166.3","40.0","ENDERBY ISLAND AWS, NZ",,,,,"   56",",,S","   75","H,,S"
"NZM00093929","2019-07-28","-50.483","166.3","40.0","ENDERBY ISLAND AWS, NZ",,,,,,,"   76","H,,S"
"NZM00093929","2019-07-29","-50.483","166.3","40.0","ENDERBY ISLAND AWS, NZ",,,"   96",",,S",,,"   82","H,,S"
"NZM00093929","2019-07-30","-50.483","166.3","40.0","ENDERBY ISLAND AWS, NZ",,,,,,,"   48","H,,S"
"NZM00093929","2019-07-31","-50.483","166.3","40.0","ENDERBY ISLAND AWS, NZ",,,,,,,"   57","H,,S"
"NZM00093929","2019-08-01","-50.483","166.3","40.0","ENDERBY ISLAND AWS, NZ",,,,,,,"   69","H,,S"
"NZM00093929","2019-08-02","-50.483","166.3","40.0","ENDERBY ISLAND AWS, NZ",,,,,,,"   62","H,,S"
"NZM00093929","2019-08-03","-50.483","166.3","40.0","ENDERBY ISLAND AWS, NZ","   43",",,S","   88",",,S",,,"   24","H,,S"
"NZM00093929","2019-08-04","-50.483","166.3","40.0","ENDERBY ISLAND AWS, NZ","    0",",,S",,,"    1",",,S","   20","H,,S"
"NZM00093929","2019-08-05","-50.483","166.3","40.0","ENDERBY ISLAND AWS, NZ",,,,,"   -5",",,S","   60","H,,S"
"NZM00093929","2019-08-06","-50.483","166.3","40.0","ENDERBY ISLAND AWS, NZ",,,"   89",",,S","   35",",,S","   76","H,,S"
"NZM00093929","2019-08-07","-50.483","166.3","40.0","ENDERBY ISLAND AWS, NZ",,,"   91",",,S","   67",",,S","   82","H,,S"
"NZM00093929","2019-08-08","-50.483","166.3","40.0","ENDERBY ISLAND AWS, NZ",,,"   94",",,S",,,"   50","H,,S"
"NZM00093929","2019-08-09","-50.483","166.3","40.0","ENDERBY ISLAND AWS, NZ",,,,,"    8",",,S","   26","H,,S"
"NZM00093929","2019-08-10","-50.483","166.3","40.0","ENDERBY ISLAND AWS, NZ",,,,,,,"   38","H,,S"
"NZM00093929","2019-08-11","-50.483","166.3","40.0","ENDERBY ISLAND AWS, NZ",,,"   60",",,S",,,"   46","H,,S"
"NZM00093929","2019-08-12","-50.483","166.3","40.0","ENDERBY ISLAND AWS, NZ",,,"   57",",,S","   20",",,S","   38","H,,S"
"NZM00093929","2019-08-13","-50.483","166.3","40.0","ENDERBY ISLAND AWS, NZ",,,,,,,"   18","H,,S"
"NZM00093929","2019-08-14","-50.483","166.3","40.0","ENDERBY ISLAND AWS, NZ",,,"   84",",,S",,,"   73","H,,S"
"NZM00093929","2019-08-15","-50.483","166.3","40.0","ENDERBY ISLAND AWS, NZ",,,"   90",",,S","   67",",,S","   83","H,,S"
"NZM00093929","2019-08-16","-50.483","166.3","40.0","ENDERBY ISLAND AWS, NZ",,,,,,,"   32","H,,S"
"NZM00093929","2019-08-17","-50.483","166.3","40.0","ENDERBY ISLAND AWS, NZ",,,,,,,"   67","H,,S"
"NZM00093929","2019-08-18","-50.483","166.3","40.0","ENDERBY ISLAND AWS, NZ",,,,,,,"   81","H,,S"
"NZM00093929","2019-08-19","-50.483","166.3","40.0","ENDERBY ISLAND AWS, NZ",,,,,,,"   88","H,,S"
"NZM00093929","2019-08-20","-50.483","166.3","40.0","ENDERBY ISLAND AWS, NZ",,,,,,,"   47","H,,S"
"NZM00093929","2019-08-21","-50.483","166.3","40.0","ENDERBY ISLAND AWS, NZ",,,"   83",",,S","   18",",,S","   78","H,,S"
"NZM00093929","2019-08-22","-50.483","166.3","40.0","ENDERBY ISLAND AWS, NZ",,,"   82",",,S",,,"   67","H,,S"
"NZM00093929","2019-08-23","-50.483","166.3","40.0","ENDERBY ISLAND AWS, NZ","    5",",,S",,,"   47",",,S","   70","H,,S"
"NZM00093929","2019-08-24","-50.483","166.3","40.0","ENDERBY ISLAND AWS, NZ","    0",",,S","   89",",,S",,,"   56","H,,S"
"NZM00093929","2019-08-25","-50.483","166.3","40.0","ENDERBY ISLAND AWS, NZ",,,,,,,"   49","H,,S"
"NZM00093929","2019-08-26","-50.483","166.3","40.0","ENDERBY ISLAND AWS, NZ",,,,,,,"   76","H,,S"
"NZM00093929","2019-08-27","-50.483","166.3","40.0","ENDERBY ISLAND AWS, NZ",,,,,,,"   81","H,,S"
"NZM00093929","2019-08-28","-50.483","166.3","40.0","ENDERBY ISLAND AWS, NZ",,,"  100",",,S",,,"   65","H,,S"
"NZM00093929","2019-08-29","-50.483","166.3","40.0","ENDERBY ISLAND AWS, NZ",,,,,"   27",",,S","   56","H,,S"
"NZM00093929","2019-08-30","-50.483","166.3","40.0","ENDERBY ISLAND AWS, NZ",,,,,,,"   83","H,,S"
"NZM00093929","2019-08-31","-50.483","166.3","40.0","ENDERBY ISLAND AWS, NZ",,,"   91",",,S","   79",",,S","   86","H,,S"
"NZM00093929","2019-09-01","-50.483","166.3","40.0","ENDERBY ISLAND AWS, NZ",,,"  101",",,S",,,"   82","H,,S"
"NZM00093929","2019-09-02","-50.483","166.3","40.0","ENDERBY ISLAND AWS, NZ",,,"   92",",,S","   70",",,S","   81","H,,S"
"NZM00093929","2019-09-03","-50.483","166.3","40.0","ENDERBY ISLAND AWS, NZ",,,,,"   66",",,S","   84","H,,S"
"NZM00093929","2019-09-04","-50.483","166.3","40.0","ENDERBY ISLAND AWS, NZ",,,,,,,"   82","H,,S"
"NZM00093929","2019-09-05","-50.483","166.3","40.0","ENDERBY ISLAND AWS, NZ",,,"  103",",,S",,,"   54","H,,S"
"NZM00093929","2019-09-06","-50.483","166.3","40.0","ENDERBY ISLAND AWS, NZ",,,,,"   23",",,S","   64","H,,S"
"NZM00093929","2019-09-07","-50.483","166.3","40.0","ENDERBY ISLAND AWS, NZ",,,,,,,"   41","H,,S"
"NZM00093929","2019-09-08","-50.483","166.3","40.0","ENDERBY ISLAND AWS, NZ",,,"   52",",,S",,,"   42","H,,S"
"NZM00093929","2019-09-09","-50.483","166.3","40.0","ENDERBY ISLAND AWS, NZ",,,,,,,"   59","H,,S"
"NZM00093929","2019-09-10","-50.483","166.3","40.0","ENDERBY ISLAND AWS, NZ",,,"   76",",,S",,,"   52","H,,S"
"NZM00093929","2019-09-11","-50.483","166.3","40.0","ENDERBY ISLAND AWS, NZ",,,,,"   35",",,S","   77","H,,S"
"NZM00093929","2019-09-12","-50.483","166.3","40.0","ENDERBY ISLAND AWS, NZ",,,"   88",",,S",,,"   54","H,,S"
"NZM00093929","2019-09-13","-50.483","166.3","40.0","ENDERBY ISLAND AWS, NZ",,,,,,,"   52","H,,S"
"NZM00093929","2019-09-14","-50.483","166.3","40.0","ENDERBY ISLAND AWS, NZ",,,,,,,"   74","H,,S"
"NZM00093929","2019-09-15","-50.483","166.3","40.0","ENDERBY ISLAND AWS, NZ",,,"   90",",,S",,,"   73","H,,S"
"NZM00093929","2019-09-16","-50.483","166.3","40.0","ENDERBY ISLAND AWS, NZ",,,,,,,"   47","H,,S"
"NZM00093929","2019-09-17","-50.483","166.3","40.0","ENDERBY ISLAND AWS, NZ",,,,,,,"   70","H,,S"
"NZM00093929","2019-09-18","-50.483","166.3","40.0","ENDERBY ISLAND AWS, NZ",,,"   98",",,S",,,"   81","H,,S"
"NZM00093929","2019-09-19","-50.483","166.3","40.0","ENDERBY ISLAND AWS, NZ",,,"   91",",,S","   68",",,S","   85","H,,S"
"NZM00093929","2019-09-20","-50.483","166.3","40.0","ENDERBY ISLAND AWS, NZ",,,,,,,"   92","H,,S"
"NZM00093929","2019-09-21","-50.483","166.3","40.0","ENDERBY ISLAND AWS, NZ",,,"  106",",,S",,,"   98","H,,S"
"NZM00093929","2019-09-22","-50.483","166.3","40.0","ENDERBY ISLAND AWS, NZ",,,"  104",",,S",,,"   91","H,,S"
"NZM00093929","2019-09-23","-50.483","166.3","40.0","ENDERBY ISLAND AWS, NZ",,,,,,,"   63","H,,S"
"NZM00093929","2019-09-24","-50.483","166.3","40.0","ENDERBY ISLAND AWS, NZ",,,,,,,"   46","H,,S"
"NZM00093929","2019-09-25","-50.483","166.3","40.0","ENDERBY ISLAND AWS, NZ",,,,,,,"   22","H,,S"
"NZM00093929","2019-09-26","-50.483","166.3","40.0","ENDERBY ISLAND AWS, NZ",,,,,,,"   51","H,,S"
"NZM00093929","2019-09-27","-50.483","166.3","40.0","ENDERBY ISLAND AWS, NZ",,,"   90",",,S","   28",",,S","   72","H,,S"
"NZM00093929","2019-09-28","-50.483","166.3","40.0","ENDERBY ISLAND AWS, NZ",,,"   83",",,S","   43",",,S","   74","H,,S"
"NZM00093929","2019-09-29","-50.483","166.3","40.0","ENDERBY ISLAND AWS, NZ",,,"   93",",,S",,,"   65","H,,S"
"NZM00093929","2019-09-30","-50.483","166.3","40.0","ENDERBY ISLAND AWS, NZ",,,,,,,"   42","H,,S"
"NZM00093929","2019-10-01","-50.483","166.3","40.0","ENDERBY ISLAND AWS, NZ",,,"   81",",,S",,,"   56","H,,S"
"NZM00093929","2019-10-02","-50.483","166.3","40.0","ENDERBY ISLAND AWS, NZ",,,"   71",",,S","   32",",,S","   54","H,,S"
"NZM00093929","2019-10-03","-50.483","166.3","40.0","ENDERBY ISLAND AWS, NZ",,,,,"   38",",,S","   79","H,,S"
"NZM00093929","2019-10-04","-50.483","166.3","40.0","ENDERBY ISLAND AWS, NZ",,,,,,,"   57","H,,S"
"NZM00093929","2019-10-05","-50.483","166.3","40.0","ENDERBY ISLAND AWS, NZ",,,,,,,"   69","H,,S"
"NZM00093929","2019-10-06","-50.483","166.3","40.0","ENDERBY ISLAND AWS, NZ",,,,,,,"   83","H,,S"
"NZM00093929","2019-10-07","-50.483","166.3","40.0","ENDERBY ISLAND AWS, NZ",,,"   96",",,S",,,"   79","H,,S"
"NZM00093929","2019-10-08","-50.483","166.3","40.0","ENDERBY ISLAND AWS, NZ",,,,,,,"   82","H,,S"
"NZM00093929","2019-10-09","-50.483","166.3","40.0","ENDERBY ISLAND AWS, NZ",,,,,,,"   62","H,,S"
"NZM00093929","2019-10-10","-50.483","166.3","40.0","ENDERBY ISLAND AWS, NZ",,,,,,,"   54","H,,S"
"NZM00093929","2019-10-11","-50.483","166.3","40.0","ENDERBY ISLAND AWS, NZ",,,,,,,"   54","H,,S"
"NZM00093929","2019-10-12","-50.483","166.3","40.0","ENDERBY ISLAND AWS, NZ",,,,,,,"   64","H,,S"
"NZM00093929","2019-10-13","-50.483","166.3","40.0","ENDERBY ISLAND AWS, NZ",,,"   73",",,S",,,"   53","H,,S"
"NZM00093929","2019-10-14","-50.483","166.3","40.0","ENDERBY ISLAND AWS, NZ","    5",",,S",,,"   32",",,S","   74","H,,S"
"NZM00093929","2019-10-15","-50.483","166.3","40.0","ENDERBY ISLAND AWS, NZ","    0",",,S","   96",",,S",,,"   85","H,,S"
"NZM00093929","2019-10-16","-50.483","166.3","40.0","ENDERBY ISLAND AWS, NZ","   46",",,S","   88",",,S",,,"   67","H,,S"
"NZM00093929","2019-10-17","-50.483","166.3","40.0","ENDERBY ISLAND AWS, NZ","    0",",,S",,,,,"   76","H,,S"
"NZM00093929","2019-10-18","-50.483","166.3","40.0","ENDERBY ISLAND AWS, NZ",,,,,,,"   81","H,,S"
"NZM00093929","2019-10-19","-50.483","166.3","40.0","ENDERBY ISLAND AWS, NZ",,,,,,,"   86","H,,S"
"NZM00093929","2019-10-20","-50.483","166.3","40.0","ENDERBY ISLAND AWS, NZ",,,,,,,"   57","H,,S"
"NZM00093929","2019-10-21","-50.483","166.3","40.0","ENDERBY ISLAND AWS, NZ",,,,,,,"   40","H,,S"
"NZM00093929","2019-10-22","-50.483","166.3","40.0","ENDERBY ISLAND AWS, NZ",,,,,,,"   51","H,,S"
"NZM00093929","2019-10-23","-50.483","166.3","40.0","ENDERBY ISLAND AWS, NZ",,,"   88",",,S",,,"   63","H,,S"
"NZM00093929","2019-10-24","-50.483","166.3","40.0","ENDERBY ISLAND AWS, NZ",,,,,"   28",",,S","   52","H,,S"
"NZM00093929","2019-10-25","-50.483","166.3","40.0","ENDERBY ISLAND AWS, NZ",,,,,,,"   83","H,,S"
"NZM00093929","2019-10-26","-50.483","166.3","40.0","ENDERBY ISLAND AWS, NZ",,,"  100",",,S",,,"   90","H,,S"
"NZM00093929","2019-10-27","-50.483","166.3","40.0","ENDERBY ISLAND AWS, NZ",,,,,,,"   77","H,,S"
"NZM00093929","2019-10-28","-50.483","166.3","40.0","ENDERBY ISLAND AWS, NZ",,,,,,,"   63","H,,S"
"NZM00093929","2019-10-29","-50.483","166.3","40.0","ENDERBY ISLAND AWS, NZ",,,,,,,"   81","H,,S"
"NZM00093929","2019-10-30","-50.483","166.3","40.0","ENDERBY ISLAND AWS, NZ",,,,,,,"   71","H,,S"
"NZM00093929","2019-10-31","-50.483","166.3","40.0","ENDERBY ISLAND AWS, NZ",,,,,,,"   67","H,,S"
"NZM00093929","2019-11-01","-50.483","166.3","40.0","ENDERBY ISLAND AWS, NZ",,,,,,,"   93","H,,S"
"NZM00093929","2019-11-02","-50.483","166.3","40.0","ENDERBY ISLAND AWS, NZ",,,"  101",",,S","   78",",,S","   97","H,,S"
"NZM00093929","2019-11-03","-50.483","166.3","40.0","ENDERBY ISLAND AWS, NZ",,,"  101",",,S",,,"   93","H,,S"
"NZM00093929","2019-11-04","-50.483","166.3","40.0","ENDERBY ISLAND AWS, NZ",,,"  107",",,S",,,"   92","H,,S"
"NZM00093929","2019-11-05","-50.483","166.3","40.0","ENDERBY ISLAND AWS, NZ",,,,,"   73",",,S","   87","H,,S"
"NZM00093929","2019-11-06","-50.483","166.3","40.0","ENDERBY ISLAND AWS, NZ",,,,,,,"   96","H,,S"
"NZM00093929","2019-11-07","-50.483","166.3","40.0","ENDERBY ISLAND AWS, NZ",,,"  113",",,S",,,"  102","H,,S"
"NZM00093929","2019-11-08","-50.483","166.3","40.0","ENDERBY ISLAND AWS, NZ",,,,,,,"   98","H,,S"
"NZM00093929","2019-11-09","-50.483","166.3","40.0","ENDERBY ISLAND AWS, NZ",,,"  103",",,S",,,"   73","H,,S"
"NZM00093929","2019-11-10","-50.483","166.3","40.0","ENDERBY ISLAND AWS, NZ",,,,,,,"   71","H,,S"
"NZM00093929","2019-11-11","-50.483","166.3","40.0","ENDERBY ISLAND AWS, NZ",,,,,,,"   87","H,,S"
"NZM00093929","2019-11-12","-50.483","166.3","40.0","ENDERBY ISLAND AWS, NZ",,,,,,,"  101","H,,S"
"NZM00093929","2019-11-13","-50.483","166.3","40.0","ENDERBY ISLAND AWS, NZ",,,,,,,"   92","H,,S"
"NZM00093929","2019-11-14","-50.483","166.3","40.0","ENDERBY ISLAND AWS, NZ",,,,,,,"   84","H,,S"
"NZM00093929","2019-11-15","-50.483","166.3","40.0","ENDERBY ISLAND AWS, NZ",,,,,,,"   97","H,,S"
"NZM00093929","2019-11-16","-50.483","166.3","40.0","ENDERBY ISLAND AWS, NZ",,,,,,,"   76","H,,S"
"NZM00093929","2019-11-17","-50.483","166.3","40.0","ENDERBY ISLAND AWS, NZ",,,,,,,"   75","H,,S"
"NZM00093929","2019-11-18","-50.483","166.3","40.0","ENDERBY ISLAND AWS, NZ",,,,,,,"   88","H,,S"
"NZM00093929","2019-11-19","-50.483","166.3","40.0","ENDERBY ISLAND AWS, NZ",,,"  104",",,S",,,"   67","H,,S"
"NZM00093929","2019-11-20","-50.483","166.3","40.0","ENDERBY ISLAND AWS, NZ",,,,,,,"   89","H,,S"
"NZM00093929","2019-11-21","-50.483","166.3","40.0","ENDERBY ISLAND AWS, NZ",,,,,,,"   96","H,,S"
"NZM00093929","2019-11-22","-50.483","166.3","40.0","ENDERBY ISLAND AWS, NZ",,,"  115",",,S","   76",",,S","   92","H,,S"
"NZM00093929","2019-11-23","-50.483","166.3","40.0","ENDERBY ISLAND AWS, NZ",,,,,"   75",",,S","   88","H,,S"
"NZM00093929","2019-11-24","-50.483","166.3","40.0","ENDERBY ISLAND AWS, NZ",,,,,,,"   95","H,,S"
"NZM00093929","2019-11-25","-50.483","166.3","40.0","ENDERBY ISLAND AWS, NZ",,,,,,,"  107","H,,S"
"NZM00093929","2019-11-26","-50.483","166.3","40.0","ENDERBY ISLAND AWS, NZ",,,"  120",",,S",,,"   97","H,,S"
"NZM00093929","2019-11-27","-50.483","166.3","40.0","ENDERBY ISLAND AWS, NZ",,,,,,,"   97","H,,S"
"NZM00093929","2019-11-28","-50.483","166.3","40.0","ENDERBY ISLAND AWS, NZ",,,"  115",",,S",,,"   89","H,,S"
"NZM00093929","2019-11-29","-50.483","166.3","40.0","ENDERBY ISLAND AWS, NZ",,,,,,,"   93","H,,S"
"NZM00093929","2019-11-30","-50.483","166.3","40.0","ENDERBY ISLAND AWS, NZ",,,"  106",",,S",,,"   82","H,,S"
"NZM00093929","2019-12-01","-50.483","166.3","40.0","ENDERBY ISLAND AWS, NZ",,,,,"   58",",,S","   78","H,,S"
"NZM00093929","2019-12-02","-50.483","166.3","40.0","ENDERBY ISLAND AWS, NZ",,,"  122",",,S","   68",",,S","   96","H,,S"
"NZM00093929","2019-12-03","-50.483","166.3","40.0","ENDERBY ISLAND AWS, NZ",,,"  125",",,S","   77",",,S","  101","H,,S"
"NZM00093929","2019-12-04","-50.483","166.3","40.0","ENDERBY ISLAND AWS, NZ","    0",",,S","  127",",,S",,,"   88","H,,S"
"NZM00093929","2019-12-05","-50.483","166.3","40.0","ENDERBY ISLAND AWS, NZ",,,,,,,"  101","H,,S"
"NZM00093929","2019-12-06","-50.483","166.3","40.0","ENDERBY ISLAND AWS, NZ",,,"  126",",,S",,,"  108","H,,S"
"NZM00093929","2019-12-07","-50.483","166.3","40.0","ENDERBY ISLAND AWS, NZ",,,,,,,"  101","H,,S"
"NZM00093929","2019-12-08","-50.483","166.3","40.0","ENDERBY ISLAND AWS, NZ",,,,,,,"   98","H,,S"
"NZM00093929","2019-12-09","-50.483","166.3","40.0","ENDERBY ISLAND AWS, NZ",,,,,,,"   94","H,,S"
"NZM00093929","2019-12-10","-50.483","166.3","40.0","ENDERBY ISLAND AWS, NZ",,,"  109",",,S","   77",",,S","   96","H,,S"
"NZM00093929","2019-12-11","-50.483","166.3","40.0","ENDERBY ISLAND AWS, NZ",,,"  129",",,S","   69",",,S","  107","H,,S"
"NZM00093929","2019-12-12","-50.483","166.3","40.0","ENDERBY ISLAND AWS, NZ",,,,,"   90",",,S","  110","H,,S"
"NZM00093929","2019-12-13","-50.483","166.3","40.0","ENDERBY ISLAND AWS, NZ",,,"  113",",,S",,,"   96","H,,S"
"NZM00093929","2019-12-14","-50.483","166.3","40.0","ENDERBY ISLAND AWS, NZ",,,"  115",",,S","   75",",,S","   94","H,,S"
"NZM00093929","2019-12-15","-50.483","166.3","40.0","ENDERBY ISLAND AWS, NZ",,,,,,,"  103","H,,S"
"NZM00093929","2019-12-16","-50.483","166.3","40.0","ENDERBY ISLAND AWS, NZ",,,,,,,"   99","H,,S"
"NZM00093929","2019-12-17","-50.483","166.3","40.0","ENDERBY ISLAND AWS, NZ",,,,,,,"  100","H,,S"
"NZM00093929","2019-12-18","-50.483","166.3","40.0","ENDERBY ISLAND AWS, NZ",,,,,,,"   76","H,,S"
"NZM00093929","2019-12-19","-50.483","166.3","40.0","ENDERBY ISLAND AWS, NZ",,,,,,,"   91","H,,S"
"NZM00093929","2019-12-20","-50.483","166.3","40.0","ENDERBY ISLAND AWS, NZ",,,"  123",",,S",,,"   82","H,,S"
"NZM00093929","2019-12-21","-50.483","166.3","40.0","ENDERBY ISLAND AWS, NZ",,,,,"   53",",,S","   97","H,,S"
"NZM00093929","2019-12-22","-50.483","166.3","40.0","ENDERBY ISLAND AWS, NZ",,,,,,,"   93","H,,S"
"NZM00093929","2019-12-23","-50.483","166.3","40.0","ENDERBY ISLAND AWS, NZ",,,,,,,"   87","H,,S"
"NZM00093929","2019-12-24","-50.483","166.3","40.0","ENDERBY ISLAND AWS, NZ",,,,,,,"   95","H,,S"
"NZM00093929","2019-12-25","-50.483","166.3","40.0","ENDERBY ISLAND AWS, NZ",,,"  130",",,S",,,"  107","H,,S"
"NZM00093929","2019-12-26","-50.483","166.3","40.0","ENDERBY ISLAND AWS, NZ",,,,,,,"  105","H,,S"
"NZM00093929","2019-12-27","-50.483","166.3","40.0","ENDERBY ISLAND AWS, NZ",,,,,,,"   82","H,,S"
"NZM00093929","2019-12-28","-50.483","166.3","40.0","ENDERBY ISLAND AWS, NZ",,,,,,,"   93","H,,S"
"NZM00093929","2019-12-29","-50.483","166.3","40.0","ENDERBY ISLAND AWS, NZ",,,"  122",",,S","   79",",,S","  101","H,,S"
"NZM00093929","2019-12-30","-50.483","166.3","40.0","ENDERBY ISLAND AWS, NZ",,,,,,,"  110","H,,S"
"NZM00093929","2019-12-31","-50.483","166.3","40.0","ENDERBY ISLAND AWS, NZ",,,"  122",",,S",,,"  109","H,,S"
"NZM00093929","2020-01-01","-50.483","166.3","40.0","ENDERBY ISLAND AWS, NZ","   86",",,S",,,"   87",",,S","  111","H,,S"
"NZM00093929","2020-01-02","-50.483","166.3","40.0","ENDERBY ISLAND AWS, NZ",,,"  128",",,S",,,"   92","H,,S"
"NZM00093929","2020-01-03","-50.483","166.3","40.0","ENDERBY ISLAND AWS, NZ",,,,,,,"   76","H,,S"
"NZM00093929","2020-01-04","-50.483","166.3","40.0","ENDERBY ISLAND AWS, NZ",,,,,,,"   88","H,,S"
"NZM00093929","2020-01-05","-50.483","166.3","40.0","ENDERBY ISLAND AWS, NZ",,,"  109",",,S","   68",",,S","   85","H,,S"
"NZM00093929","2020-01-06","-50.483","166.3","40.0","ENDERBY ISLAND AWS, NZ",,,,,,,"   94","H,,S"
"NZM00093929","2020-01-07","-50.483","166.3","40.0","ENDERBY ISLAND AWS, NZ",,,,,,,"   98","H,,S"
"NZM00093929","2020-01-08","-50.483","166.3","40.0","ENDERBY ISLAND AWS, NZ",,,"  124",",,S",,,"   94","H,,S"
"NZM00093929","2020-01-09","-50.483","166.3","40.0","ENDERBY ISLAND AWS, NZ",,,"  113",",,S","   70",",,S","   91","H,,S"
"NZM00093929","2020-01-10","-50.483","166.3","40.0","ENDERBY ISLAND AWS, NZ","   10",",,S",,,"   78",",,S","  107","H,,S"
"NZM00093929","2020-01-11","-50.483","166.3","40.0","ENDERBY ISLAND AWS, NZ","  160",",,S",,,"   89",",,S","  108","H,,S"
"NZM00093929","2020-01-12","-50.483","166.3","40.0","ENDERBY ISLAND AWS, NZ","    0",",,S",,,,,"   84","H,,S"
"NZM00093929","2020-01-13","-50.483","166.3","40.0","ENDERBY ISLAND AWS, NZ","   23",",,S","  123",",,S","   63",",,S","   98","H,,S"
"NZM00093929","2020-01-14","-50.483","166.3","40.0","ENDERBY ISLAND AWS, NZ","    0",",,S","  135",",,S","   90",",,S","  111","H,,S"
"NZM00093929","2020-01-15","-50.483","166.3","40.0","ENDERBY ISLAND AWS, NZ","   15",",,S","  132",",,S",,,"  109","H,,S"
"NZM00093929","2020-01-16","-50.483","166.3","40.0","ENDERBY ISLAND AWS, NZ","    0",",,S","  128",",,S","   91",",,S","  112","H,,S"
"NZM00093929","2020-01-17","-50.483","166.3","40.0","ENDERBY ISLAND AWS, NZ","    0",",,S","  122",",,S","  104",",,S","  114","H,,S"
"NZM00093929","2020-01-18","-50.483","166.3","40.0","ENDERBY ISLAND AWS, NZ","  305",",,S","  120",",,S",,,"  104","H,,S"
"NZM00093929","2020-01-19","-50.483","166.3","40.0","ENDERBY ISLAND AWS, NZ","    0",",,S","  120",",,S",,,"   98","H,,S"
"NZM00093929","2020-01-20","-50.483","166.3","40.0","ENDERBY ISLAND AWS, NZ","   13",",,S","  126",",,S","   84",",,S","  105","H,,S"
"NZM00093929","2020-01-21","-50.483","166.3","40.0","ENDERBY ISLAND AWS, NZ","    0",",,S","  125",",,S","   93",",,S","  113","H,,S"
"NZM00093929","2020-01-22","-50.483","166.3","40.0","ENDERBY ISLAND AWS, NZ","   69",",,S","  128",",,S",,,"  111","H,,S"
"NZM00093929","2020-01-23","-50.483","166.3","40.0","ENDERBY ISLAND AWS, NZ","   10",",,S",,,"   91",",,S","  111","H,,S"
"NZM00093929","2020-01-24","-50.483","166.3","40.0","ENDERBY ISLAND AWS, NZ","    0",",,S","  126",",,S",,,"  116","H,,S"
"NZM00093929","2020-01-25","-50.483","166.3","40.0","ENDERBY ISLAND AWS, NZ",,,,,,,"  126","H,,S"
"NZM00093929","2020-01-26","-50.483","166.3","40.0","ENDERBY ISLAND AWS, NZ",,,"  148",",,S",,,"  123","H,,S"
"NZM00093929","2020-01-27","-50.483","166.3","40.0","ENDERBY ISLAND AWS, NZ",,,,,,,"  116","H,,S"
"NZM00093929","2020-01-28","-50.483","166.3","40.0","ENDERBY ISLAND AWS, NZ",,,"  145",",,S",,,"  123","H,,S"
"NZM00093929","2020-01-29","-50.483","166.3","40.0","ENDERBY ISLAND AWS, NZ",,,,,,,"   90","H,,S"
"NZM00093929","2020-01-30","-50.483","166.3","40.0","ENDERBY ISLAND AWS, NZ",,,"  124",",,S","   68",",,S","   98","H,,S"
"NZM00093929","2020-01-31","-50.483","166.3","40.0","ENDERBY ISLAND AWS, NZ",,,,,,,"   94","H,,S"
"NZM00093929","2020-02-01","-50.483","166.3","40.0","ENDERBY ISLAND AWS, NZ",,,"  130",",,S",,,"  111","H,,S"
"NZM00093929","2020-03-10","-50.483","166.3","40.0","ENDERBY ISLAND AWS, NZ",,,,,,,"   93","H,,S"
"NZM00093929","2020-03-13","-50.483","166.3","40.0","ENDERBY ISLAND AWS, NZ",,,,,,,"  121","H,,S"
"NZM00093929","2020-03-14","-50.483","166.3","40.0","ENDERBY ISLAND AWS, NZ",,,,,"  117",",,S","  119","H,,S"
"NZM00093929","2020-03-15","-50.483","166.3","40.0","ENDERBY ISLAND AWS, NZ",,,,,,,"   99","H,,S"
"NZM00093929","2020-03-16","-50.483","166.3","40.0","ENDERBY ISLAND AWS, NZ",,,"  112",",,S",,,"   85","H,,S"
"NZM00093929","2020-03-17","-50.483","166.3","40.0","ENDERBY ISLAND AWS, NZ",,,"  117",",,S","   60",",,S","  102","H,,S"
"NZM00093929","2020-03-18","-50.483","166.3","40.0","ENDERBY ISLAND AWS, NZ",,,"  118",",,S","   95",",,S","  113","H,,S"
"NZM00093929","2020-03-19","-50.483","166.3","40.0","ENDERBY ISLAND AWS, NZ",,,,,,,"   81","H,,S"
"NZM00093929","2020-03-20","-50.483","166.3","40.0","ENDERBY ISLAND AWS, NZ",,,"  106",",,S",,,"   77","H,,S"
"NZM00093929","2020-03-21","-50.483","166.3","40.0","ENDERBY ISLAND AWS, NZ",,,"  100",",,S","   52",",,S","   87","H,,S"
"NZM00093929","2020-03-22","-50.483","166.3","40.0","ENDERBY ISLAND AWS, NZ","    3",",,S","  121",",,S",,,"   89","H,,S"
"NZM00093929","2020-03-23","-50.483","166.3","40.0","ENDERBY ISLAND AWS, NZ","    0",",,S","   97",",,S","   53",",,S","   66","H,,S"
"NZM00093929","2020-03-24","-50.483","166.3","40.0","ENDERBY ISLAND AWS, NZ",,,"  110",",,S","   43",",,S","   93","H,,S"
"NZM00093929","2020-03-25","-50.483","166.3","40.0","ENDERBY ISLAND AWS, NZ",,,,,"   81",",,S","   97","H,,S"
"NZM00093929","2020-03-26","-50.483","166.3","40.0","ENDERBY ISLAND AWS, NZ",,,,,,,"   93","H,,S"
"NZM00093929","2020-03-27","-50.483","166.3","40.0","ENDERBY ISLAND AWS, NZ",,,,,,,"  106","H,,S"
"NZM00093929","2020-03-28","-50.483","166.3","40.0","ENDERBY ISLAND AWS, NZ",,,"  111",",,S",,,"  103","H,,S"
"NZM00093929","2020-03-29","-50.483","166.3","40.0","ENDERBY ISLAND AWS, NZ",,,"  110",",,S","   86",",,S","   98","H,,S"
"NZM00093929","2020-03-30","-50.483","166.3","40.0","ENDERBY ISLAND AWS, NZ",,,"  111",",,S","   84",",,S","  108","H,,S"
"NZM00093929","2020-03-31","-50.483","166.3","40.0","ENDERBY ISLAND AWS, NZ",,,"  124",",,S",,,"  111","H,,S"
"NZM00093929","2020-04-01","-50.483","166.3","40.0","ENDERBY ISLAND AWS, NZ","   30",",,S","  124",",,S",,,"  107","H,,S"
"NZM00093929","2020-04-02","-50.483","166.3","40.0","ENDERBY ISLAND AWS, NZ","    5",",,S","  123",",,S",,,"   75","H,,S"
"NZM00093929","2020-04-03","-50.483","166.3","40.0","ENDERBY ISLAND AWS, NZ","    0",",,S",,,"   42",",,S","  107","H,,S"
"NZM00093929","2020-04-04","-50.483","166.3","40.0","ENDERBY ISLAND AWS, NZ",,,,,,,"  114","H,,S"
"NZM00093929","2020-04-05","-50.483","166.3","40.0","ENDERBY ISLAND AWS, NZ","    0",",,S","  134",",,S","  104",",,S","  121","H,,S"
"NZM00093929","2020-04-06","-50.483","166.3","40.0","ENDERBY ISLAND AWS, NZ","   71",",,S","  130",",,S",,,"  106","H,,S"
"NZM00093929","2020-04-07","-50.483","166.3","40.0","ENDERBY ISLAND AWS, NZ","    0",",,S",,,,,"   78","H,,S"
"NZM00093929","2020-04-08","-50.483","166.3","40.0","ENDERBY ISLAND AWS, NZ",,,"   95",",,S",,,"   78","H,,S"
"NZM00093929","2020-04-09","-50.483","166.3","40.0","ENDERBY ISLAND AWS, NZ",,,,,"   63",",,S","   97","H,,S"
"NZM00093929","2020-04-10","-50.483","166.3","40.0","ENDERBY ISLAND AWS, NZ",,,"  121",",,S","   92",",,S","  116","H,,S"
"NZM00093929","2020-04-11","-50.483","166.3","40.0","ENDERBY ISLAND AWS, NZ","   18",",,S","  125",",,S","  107",",,S","  120","H,,S"
"NZM00093929","2020-04-12","-50.483","166.3","40.0","ENDERBY ISLAND AWS, NZ","  231",",,S","  124",",,S",,,"   73","H,,S"
"NZM00093929","2020-04-13","-50.483","166.3","40.0","ENDERBY ISLAND AWS, NZ","   51",",,S","   86",",,S","   46",",,S","   58","H,,S"
"NZM00093929","2020-04-14","-50.483","166.3","40.0","ENDERBY ISLAND AWS, NZ","    0",",,S","   82",",,S","   32",",,S","   63","H,,S"
"NZM00093929","2020-04-15","-50.483","166.3","40.0","ENDERBY ISLAND AWS, NZ",,,"  103",",,S","   40",",,S","   83","H,,S"
"NZM00093929","2020-04-16","-50.483","166.3","40.0","ENDERBY ISLAND AWS, NZ",,,"   96",",,S",,,"   68","H,,S"
"NZM00093929","2020-04-17","-50.483","166.3","40.0","ENDERBY ISLAND AWS, NZ",,,"   91",",,S","   55",",,S","   87","H,,S"
"NZM00093929","2020-04-18","-50.483","166.3","40.0","ENDERBY ISLAND AWS, NZ","    0",",,S","   95",",,S","   76",",,S","   87","H,,S"
"NZM00093929","2020-04-19","-50.483","166.3","40.0","ENDERBY ISLAND AWS, NZ","   51",",,S","   97",",,S","   78",",,S","   87","H,,S"
"NZM00093929","2020-04-20","-50.483","166.3","40.0","ENDERBY ISLAND AWS, NZ","   23",",,S","  106",",,S",,,"   83","H,,S"
"NZM00093929","2020-04-21","-50.483","166.3","40.0","ENDERBY ISLAND AWS, NZ","    0",",,S","  105",",,S","   60",",,S","   94","H,,S"
"NZM00093929","2020-04-22","-50.483","166.3","40.0","ENDERBY ISLAND AWS, NZ",,,"  122",",,S","   84",",,S","  107","H,,S"
"NZM00093929","2020-04-23","-50.483","166.3","40.0","ENDERBY ISLAND AWS, NZ","   89",",,S","  110",",,S",,,"   88","H,,S"
"NZM00093929","2020-04-24","-50.483","166.3","40.0","ENDERBY ISLAND AWS, NZ","   51",",,S","  109",",,S","   75",",,S","   98","H,,S"
"NZM00093929","2020-04-25","-50.483","166.3","40.0","ENDERBY ISLAND AWS, NZ","   53",",,S","  110",",,S",,,"   94","H,,S"
"NZM00093929","2020-04-26","-50.483","166.3","40.0","ENDERBY ISLAND AWS, NZ","    0",",,S","  123",",,S","   64",",,S","  107","H,,S"
"NZM00093929","2020-04-27","-50.483","166.3","40.0","ENDERBY ISLAND AWS, NZ","   81",",,S","  118",",,S","   78",",,S","   93","H,,S"
"NZM00093929","2020-04-28","-50.483","166.3","40.0","ENDERBY ISLAND AWS, NZ","    0",",,S","  115",",,S","   77",",,S","  112","H,,S"
"NZM00093929","2020-04-29","-50.483","166.3","40.0","ENDERBY ISLAND AWS, NZ","    5",",,S","  121",",,S","  106",",,S","  115","H,,S"
"NZM00093929","2020-04-30","-50.483","166.3","40.0","ENDERBY ISLAND AWS, NZ","  267",",,S","  118",",,S",,,"   88","H,,S"
"NZM00093929","2020-05-01","-50.483","166.3","40.0","ENDERBY ISLAND AWS, NZ","   58",",,S",,,"   73",",,S","  119","H,,S"
"NZM00093929","2020-05-02","-50.483","166.3","40.0","ENDERBY ISLAND AWS, NZ","   28",",,S","  127",",,S","   95",",,S","  111","H,,S"
"NZM00093929","2020-05-03","-50.483","166.3","40.0","ENDERBY ISLAND AWS, NZ","   13",",,S","  114",",,S",,,"   76","H,,S"
"NZM00093929","2020-05-04","-50.483","166.3","40.0","ENDERBY ISLAND AWS, NZ","   33",",,S","   83",",,S",,,"   54","H,,S"
"NZM00093929","2020-05-05","-50.483","166.3","40.0","ENDERBY ISLAND AWS, NZ","   48",",,S","   95",",,S","   22",",,S","   86","H,,S"
"NZM00093929","2020-05-06","-50.483","166.3","40.0","ENDERBY ISLAND AWS, NZ","   43",",,S","  100",",,S",,,"   86","H,,S"
"NZM00093929","2020-05-07","-50.483","166.3","40.0","ENDERBY ISLAND AWS, NZ","   81",",,S","   93",",,S",,,"   48","H,,S"
"NZM00093929","2020-05-08","-50.483","166.3","40.0","ENDERBY ISLAND AWS, NZ","   28",",,S",,,"   28",",,S","   79","H,,S"
"NZM00093929","2020-05-09","-50.483","166.3","40.0","ENDERBY ISLAND AWS, NZ","    0",",,S","  116",",,S","   54",",,S","  113","H,,S"
"NZM00093929","2020-05-10","-50.483","166.3","40.0","ENDERBY ISLAND AWS, NZ","   25",",,S","  128",",,S","  109",",,S","  115","H,,S"
"NZM00093929","2020-05-11","-50.483","166.3","40.0","ENDERBY ISLAND AWS, NZ","   97",",,S","  112",",,S",,,"  103","H,,S"
"NZM00093929","2020-05-12","-50.483","166.3","40.0","ENDERBY ISLAND AWS, NZ","   13",",,S",,,,,"   98","H,,S"
"NZM00093929","2020-05-13","-50.483","166.3","40.0","ENDERBY ISLAND AWS, NZ","    8",",,S","  116",",,S",,,"   98","H,,S"
"NZM00093929","2020-05-14","-50.483","166.3","40.0","ENDERBY ISLAND AWS, NZ","  127",",,S","   99",",,S",,,"   80","H,,S"
"NZM00093929","2020-05-15","-50.483","166.3","40.0","ENDERBY ISLAND AWS, NZ","   36",",,S","  100",",,S","   53",",,S","   87","H,,S"
"NZM00093929","2020-05-16","-50.483","166.3","40.0","ENDERBY ISLAND AWS, NZ","    5",",,S",,,"   82",",,S","  103","H,,S"
"NZM00093929","2020-05-17","-50.483","166.3","40.0","ENDERBY ISLAND AWS, NZ","    5",",,S","  109",",,S",,,"   84","H,,S"
"NZM00093929","2020-05-18","-50.483","166.3","40.0","ENDERBY ISLAND AWS, NZ","   48",",,S",,,"   62",",,S","   81","H,,S"
"NZM00093929","2020-05-19","-50.483","166.3","40.0","ENDERBY ISLAND AWS, NZ","    0",",,S","  108",",,S","   70",",,S","  105","H,,S"
"NZM00093929","2020-05-20","-50.483","166.3","40.0","ENDERBY ISLAND AWS, NZ","   36",",,S",,,"   99",",,S","  113","H,,S"
"NZM00093929","2020-05-21","-50.483","166.3","40.0","ENDERBY ISLAND AWS, NZ","   28",",,S","  120",",,S",,,"   86","H,,S"
"NZM00093929","2020-05-22","-50.483","166.3","40.0","ENDERBY ISLAND AWS, NZ","   51",",,S","   84",",,S","   57",",,S","   73","H,,S"
"NZM00093929","2020-05-23","-50.483","166.3","40.0","ENDERBY ISLAND AWS, NZ","   15",",,S","  100",",,S","   55",",,S","   92","H,,S"
"NZM00093929","2020-05-24","-50.483","166.3","40.0","ENDERBY ISLAND AWS, NZ","    0",",,S",,,,,"   71","H,,S"
"NZM00093929","2020-05-25","-50.483","166.3","40.0","ENDERBY ISLAND AWS, NZ","    3",",,S",,,"   61",",,S","   81","H,,S"
"NZM00093929","2020-05-26","-50.483","166.3","40.0","ENDERBY ISLAND AWS, NZ","    5",",,S","  102",",,S","   72",",,S","   83","H,,S"
"NZM00093929","2020-05-27","-50.483","166.3","40.0","ENDERBY ISLAND AWS, NZ","    3",",,S","   89",",,S","   74",",,S","   79","H,,S"
"NZM00093929","2020-05-28","-50.483","166.3","40.0","ENDERBY ISLAND AWS, NZ","    0",",,S",,,"   74",",,S","   79","H,,S"
"NZM00093929","2020-05-29","-50.483","166.3","40.0","ENDERBY ISLAND AWS, NZ","   15",",,S",,,,,"   86","H,,S"
"NZM00093929","2020-05-30","-50.483","166.3","40.0","ENDERBY ISLAND AWS, NZ","    8",",,S","  112",",,S","   69",",,S","  104","H,,S"
"NZM00093929","2020-05-31","-50.483","166.3","40.0","ENDERBY ISLAND AWS, NZ","   23",",,S","  112",",,S","   95",",,S","  109","H,,S"
"NZM00093929","2020-06-01","-50.483","166.3","40.0","ENDERBY ISLAND AWS, NZ","    0",",,S","  119",",,S",,,"  111","H,,S"
"NZM00093929","2020-06-02","-50.483","166.3","40.0","ENDERBY ISLAND AWS, NZ","  127",",,S","  114",",,S",,,"  104","H,,S"
"NZM00093929","2020-06-03","-50.483","166.3","40.0","ENDERBY ISLAND AWS, NZ","    3",",,S","  109",",,S",,,"   61","H,,S"
