"STATION","DATE","LATITUDE","LONGITUDE","ELEVATION","NAME","PRCP","PRCP_ATTRIBUTES","SNWD","SNWD_ATTRIBUTES","TMAX","TMAX_ATTRIBUTES","TMIN","TMIN_ATTRIBUTES","TAVG","TAVG_ATTRIBUTES"
"TUM00017022","2018-06-28","41.45","31.8","137.0","ZONGULDAK, TU","   20",",,S",,,,,"  214",",,S","  259","H,,S"
"TUM00017022","2018-06-29","41.45","31.8","137.0","ZONGULDAK, TU","    0",",,S",,,,,"  200",",,S","  243","H,,S"
"TUM00017022","2018-06-30","41.45","31.8","137.0","ZONGULDAK, TU","    0","B,,S",,,,,"  207",",,S","  248","H,,S"
"TUM00017022","2018-07-01","41.45","31.8","137.0","ZONGULDAK, TU","    0","B,,S",,,,,,,"  238","H,,S"
"TUM00017022","2018-07-02","41.45","31.8","137.0","ZONGULDAK, TU","    0","B,,S",,,,,"  187",",,S","  242","H,,S"
"TUM00017022","2018-07-03","41.45","31.8","137.0","ZONGULDAK, TU","    0","B,,S",,,,,"  181",",,S","  261","H,,S"
"TUM00017022","2018-07-04","41.45","31.8","137.0","ZONGULDAK, TU","    0","B,,S",,,,,"  194",",,S","  253","H,,S"
"TUM00017022","2018-07-05","41.45","31.8","137.0","ZONGULDAK, TU","    0","B,,S",,,,,"  195",",,S","  248","H,,S"
"TUM00017022","2018-07-06","41.45","31.8","137.0","ZONGULDAK, TU","    0","B,,S",,,,,"  178",",,S","  239","H,,S"
"TUM00017022","2018-07-07","41.45","31.8","137.0","ZONGULDAK, TU","    0","B,,S",,,,,"  179",",,S","  243","H,,S"
"TUM00017022","2018-07-08","41.45","31.8","137.0","ZONGULDAK, TU",,,,,,,"  194",",,S","  249","H,,S"
"TUM00017022","2018-07-09","41.45","31.8","137.0","ZONGULDAK, TU","    0","B,,S",,,,,"  211",",,S","  251","H,,S"
"TUM00017022","2018-07-10","41.45","31.8","137.0","ZONGULDAK, TU","    0","B,,S",,,,,"  204",",,S","  246","H,,S"
"TUM00017022","2018-07-11","41.45","31.8","137.0","ZONGULDAK, TU","    0","B,,S",,,,,"  209",",,S","  253","H,,S"
"TUM00017022","2018-07-12","41.45","31.8","137.0","ZONGULDAK, TU","    0","B,,S",,,,,,,"  246","H,,S"
"TUM00017022","2018-07-13","41.45","31.8","137.0","ZONGULDAK, TU","    0","B,,S",,,,,"  209",",,S","  247","H,,S"
"TUM00017022","2018-07-14","41.45","31.8","137.0","ZONGULDAK, TU","    0",",,S",,,,,,,"  242","H,,S"
"TUM00017022","2018-07-15","41.45","31.8","137.0","ZONGULDAK, TU","  132",",,S",,,,,"  196",",,S","  233","H,,S"
"TUM00017022","2018-07-16","41.45","31.8","137.0","ZONGULDAK, TU","    0",",,S",,,"  280",",,S",,,"  234","H,,S"
"TUM00017022","2018-07-17","41.45","31.8","137.0","ZONGULDAK, TU","   38",",,S",,,"  309",",,S","  203",",,S","  260","H,,S"
"TUM00017022","2018-07-18","41.45","31.8","137.0","ZONGULDAK, TU","    5",",,S",,,,,,,"  232","H,,S"
"TUM00017022","2018-07-19","41.45","31.8","137.0","ZONGULDAK, TU","   33",",,S",,,,,,,"  229","H,,S"
"TUM00017022","2018-07-20","41.45","31.8","137.0","ZONGULDAK, TU","  160",",,S",,,,,"  197",",,S","  243","H,,S"
"TUM00017022","2018-07-21","41.45","31.8","137.0","ZONGULDAK, TU","    3",",,S",,,,,,,"  251","H,,S"
"TUM00017022","2018-07-22","41.45","31.8","137.0","ZONGULDAK, TU","    0",",,S",,,"  291",",,S","  203",",,S","  246","H,,S"
"TUM00017022","2018-07-23","41.45","31.8","137.0","ZONGULDAK, TU","    0","B,,S",,,,,,,"  254","H,,S"
"TUM00017022","2018-07-24","41.45","31.8","137.0","ZONGULDAK, TU","  399","B,,S",,,,,,,"  224","H,,S"
"TUM00017022","2018-07-25","41.45","31.8","137.0","ZONGULDAK, TU","    0","B,,S",,,,,"  190",",,S","  236","H,,S"
"TUM00017022","2018-07-26","41.45","31.8","137.0","ZONGULDAK, TU","    0","B,,S",,,,,"  199",",,S","  247","H,,S"
"TUM00017022","2018-07-27","41.45","31.8","137.0","ZONGULDAK, TU","    0","B,,S",,,,,"  206",",,S","  246","H,,S"
"TUM00017022","2018-07-28","41.45","31.8","137.0","ZONGULDAK, TU","    0",",,S",,,,,"  213",",,S","  242","H,,S"
"TUM00017022","2018-07-29","41.45","31.8","137.0","ZONGULDAK, TU","    0","B,,S",,,,,"  205",",,S","  247","H,,S"
"TUM00017022","2018-07-30","41.45","31.8","137.0","ZONGULDAK, TU","    0","B,,S",,,,,"  213",",,S","  256","H,,S"
"TUM00017022","2018-07-31","41.45","31.8","137.0","ZONGULDAK, TU","    0","B,,S",,,,,"  227",",,S","  259","H,,S"
"TUM00017022","2018-08-01","41.45","31.8","137.0","ZONGULDAK, TU","    0","B,,S",,,,,"  232",",,S","  261","H,,S"
"TUM00017022","2018-08-02","41.45","31.8","137.0","ZONGULDAK, TU","    0","B,,S",,,,,"  229",",,S","  262","H,,S"
"TUM00017022","2018-08-03","41.45","31.8","137.0","ZONGULDAK, TU","    0","B,,S",,,,,"  225",",,S","  258","H,,S"
"TUM00017022","2018-08-04","41.45","31.8","137.0","ZONGULDAK, TU","    0","B,,S",,,,,,,"  254","H,,S"
"TUM00017022","2018-08-05","41.45","31.8","137.0","ZONGULDAK, TU","    0","B,,S",,,,,"  205",",,S","  254","H,,S"
"TUM00017022","2018-08-06","41.45","31.8","137.0","ZONGULDAK, TU","    0","B,,S",,,,,"  200",",,S","  264","H,,S"
"TUM00017022","2018-08-07","41.45","31.8","137.0","ZONGULDAK, TU","    0","B,,S",,,,,,,"  267","H,,S"
"TUM00017022","2018-08-08","41.45","31.8","137.0","ZONGULDAK, TU","   51","B,,S",,,,,,,"  244","H,,S"
"TUM00017022","2018-08-09","41.45","31.8","137.0","ZONGULDAK, TU","   20","B,,S",,,,,"  212",",,S","  261","H,,S"
"TUM00017022","2018-08-10","41.45","31.8","137.0","ZONGULDAK, TU","    0","B,,S",,,,,"  206",",,S","  257","H,,S"
"TUM00017022","2018-08-11","41.45","31.8","137.0","ZONGULDAK, TU","    0","B,,S",,,,,,,"  232","H,,S"
"TUM00017022","2018-08-12","41.45","31.8","137.0","ZONGULDAK, TU","    0","B,,S",,,,,"  175",",,S","  222","H,,S"
"TUM00017022","2018-08-13","41.45","31.8","137.0","ZONGULDAK, TU","    0","B,,S",,,,,"  167",",,S","  223","H,,S"
"TUM00017022","2018-08-14","41.45","31.8","137.0","ZONGULDAK, TU","    0","B,,S",,,,,"  175",",,S","  237","H,,S"
"TUM00017022","2018-08-15","41.45","31.8","137.0","ZONGULDAK, TU","    0","B,,S",,,,,"  184",",,S","  236","H,,S"
"TUM00017022","2018-08-16","41.45","31.8","137.0","ZONGULDAK, TU","    0","B,,S",,,,,,,"  241","H,,S"
"TUM00017022","2018-08-17","41.45","31.8","137.0","ZONGULDAK, TU","    0","B,,S",,,,,"  191",",,S","  238","H,,S"
"TUM00017022","2018-08-18","41.45","31.8","137.0","ZONGULDAK, TU","    0","B,,S",,,,,"  212",",,S","  252","H,,S"
"TUM00017022","2018-08-19","41.45","31.8","137.0","ZONGULDAK, TU","    0","B,,S",,,,,"  208",",,S","  251","H,,S"
"TUM00017022","2018-08-20","41.45","31.8","137.0","ZONGULDAK, TU","    0","B,,S",,,,,"  195",",,S","  246","H,,S"
"TUM00017022","2018-08-21","41.45","31.8","137.0","ZONGULDAK, TU","    0","B,,S",,,,,"  188",",,S","  242","H,,S"
"TUM00017022","2018-08-22","41.45","31.8","137.0","ZONGULDAK, TU","    0","B,,S",,,,,"  198",",,S","  254","H,,S"
"TUM00017022","2018-08-23","41.45","31.8","137.0","ZONGULDAK, TU","    0","B,,S",,,,,,,"  249","H,,S"
"TUM00017022","2018-08-24","41.45","31.8","137.0","ZONGULDAK, TU","    0","B,,S",,,,,,,"  250","H,,S"
"TUM00017022","2018-08-25","41.45","31.8","137.0","ZONGULDAK, TU","    0","B,,S",,,,,"  199",",,S","  250","H,,S"
"TUM00017022","2018-08-26","41.45","31.8","137.0","ZONGULDAK, TU","    0","B,,S",,,,,"  224",",,S","  263","H,,S"
"TUM00017022","2018-08-27","41.45","31.8","137.0","ZONGULDAK, TU","    3","B,,S",,,,,"  216",",,S","  258","H,,S"
"TUM00017022","2018-08-28","41.45","31.8","137.0","ZONGULDAK, TU","   28",",,S",,,,,,,"  261","H,,S"
"TUM00017022","2018-08-29","41.45","31.8","137.0","ZONGULDAK, TU","    3",",,S",,,"  297",",,S",,,"  244","H,,S"
"TUM00017022","2018-08-30","41.45","31.8","137.0","ZONGULDAK, TU","    3",",,S",,,,,"  204",",,S","  254","H,,S"
"TUM00017022","2018-08-31","41.45","31.8","137.0","ZONGULDAK, TU","    0",",,S",,,,,,,"  249","H,,S"
"TUM00017022","2018-09-01","41.45","31.8","137.0","ZONGULDAK, TU","    0","B,,S",,,,,"  194",",,S","  255","H,,S"
"TUM00017022","2018-09-02","41.45","31.8","137.0","ZONGULDAK, TU","    0","B,,S",,,,,"  196",",,S","  253","H,,S"
"TUM00017022","2018-09-03","41.45","31.8","137.0","ZONGULDAK, TU","    0","B,,S",,,,,"  201",",,S","  257","H,,S"
"TUM00017022","2018-09-04","41.45","31.8","137.0","ZONGULDAK, TU","    0","B,,S",,,,,"  202",",,S","  255","H,,S"
"TUM00017022","2018-09-05","41.45","31.8","137.0","ZONGULDAK, TU","    0","B,,S",,,,,"  197",",,S","  253","H,,S"
"TUM00017022","2018-09-06","41.45","31.8","137.0","ZONGULDAK, TU","   18",",,S",,,,,,,"  223","H,,S"
"TUM00017022","2018-09-07","41.45","31.8","137.0","ZONGULDAK, TU","  109",",,S",,,,,"  182",",,S","  214","H,,S"
"TUM00017022","2018-09-08","41.45","31.8","137.0","ZONGULDAK, TU","   25",",,S",,,,,,,"  213","H,,S"
"TUM00017022","2018-09-09","41.45","31.8","137.0","ZONGULDAK, TU","    0",",,S",,,"  251",",,S","  179",",,S","  213","H,,S"
"TUM00017022","2018-09-10","41.45","31.8","137.0","ZONGULDAK, TU","  333",",,S",,,,,,,"  182","H,,S"
"TUM00017022","2018-09-11","41.45","31.8","137.0","ZONGULDAK, TU","  137",",,S",,,,,"  149",",,S","  193","H,,S"
"TUM00017022","2018-09-12","41.45","31.8","137.0","ZONGULDAK, TU","    0",",,S",,,,,"  158",",,S","  203","H,,S"
"TUM00017022","2018-09-13","41.45","31.8","137.0","ZONGULDAK, TU","    0",",,S",,,"  228",",,S",,,"  194","H,,S"
"TUM00017022","2018-09-14","41.45","31.8","137.0","ZONGULDAK, TU","    5",",,S",,,,,,,"  214","H,,S"
"TUM00017022","2018-09-15","41.45","31.8","137.0","ZONGULDAK, TU","  213",",,S",,,,,"  166",",,S","  210","H,,S"
"TUM00017022","2018-09-16","41.45","31.8","137.0","ZONGULDAK, TU","   10",",,S",,,,,,,"  213","H,,S"
"TUM00017022","2018-09-18","41.45","31.8","137.0","ZONGULDAK, TU",,,,,,,,,"  212","H,,S"
"TUM00017022","2018-09-19","41.45","31.8","137.0","ZONGULDAK, TU","    0","B,,S",,,,,,,"  198","H,,S"
"TUM00017022","2018-09-20","41.45","31.8","137.0","ZONGULDAK, TU","    0","B,,S",,,,,"  154",",,S","  208","H,,S"
"TUM00017022","2018-09-21","41.45","31.8","137.0","ZONGULDAK, TU","    0","B,,S",,,,,,,"  201","H,,S"
"TUM00017022","2018-09-22","41.45","31.8","137.0","ZONGULDAK, TU","    0","B,,S",,,,,,,"  207","H,,S"
"TUM00017022","2018-09-23","41.45","31.8","137.0","ZONGULDAK, TU","    0","B,,S",,,,,"  157",",,S","  213","H,,S"
"TUM00017022","2018-09-25","41.45","31.8","137.0","ZONGULDAK, TU","   71",",,S",,,,,,,"  159","H,,S"
"TUM00017022","2018-09-26","41.45","31.8","137.0","ZONGULDAK, TU","  274",",,S",,,,,"  114",",,S","  142","H,,S"
"TUM00017022","2018-09-27","41.45","31.8","137.0","ZONGULDAK, TU","   64",",,S",,,,,,,"  171","H,,S"
"TUM00017022","2018-09-28","41.45","31.8","137.0","ZONGULDAK, TU","    0",",,S",,,,,,,"  172","H,,S"
"TUM00017022","2018-09-29","41.45","31.8","137.0","ZONGULDAK, TU","    0","B,,S",,,,,,,"  198","H,,S"
"TUM00017022","2018-09-30","41.45","31.8","137.0","ZONGULDAK, TU","    0","B,,S",,,,,,,"  191","H,,S"
"TUM00017022","2018-10-01","41.45","31.8","137.0","ZONGULDAK, TU","    3",",,S",,,"  241",",,S",,,"  190","H,,S"
"TUM00017022","2018-10-02","41.45","31.8","137.0","ZONGULDAK, TU","  165",",,S",,,,,"  161",",,S","  198","H,,S"
"TUM00017022","2018-10-03","41.45","31.8","137.0","ZONGULDAK, TU","    0",",,S",,,,,"  160",",,S","  198","H,,S"
"TUM00017022","2018-10-04","41.45","31.8","137.0","ZONGULDAK, TU","   10","B,,S",,,"  193",",,S",,,"  169","H,,S"
"TUM00017022","2018-10-05","41.45","31.8","137.0","ZONGULDAK, TU","    0","B,,S",,,,,,,"  159","H,,S"
"TUM00017022","2018-10-06","41.45","31.8","137.0","ZONGULDAK, TU","    0","B,,S",,,,,,,"  155","H,,S"
"TUM00017022","2018-10-07","41.45","31.8","137.0","ZONGULDAK, TU","    0","B,,S",,,,,,,"  160","H,,S"
"TUM00017022","2018-10-08","41.45","31.8","137.0","ZONGULDAK, TU","    0","B,,S",,,,,,,"  164","H,,S"
"TUM00017022","2018-10-09","41.45","31.8","137.0","ZONGULDAK, TU","    0","B,,S",,,,,,,"  164","H,,S"
"TUM00017022","2018-10-10","41.45","31.8","137.0","ZONGULDAK, TU","    0","B,,S",,,"  202",",,S",,,"  165","H,,S"
"TUM00017022","2018-10-11","41.45","31.8","137.0","ZONGULDAK, TU","    0","B,,S",,,,,,,"  174","H,,S"
"TUM00017022","2018-10-12","41.45","31.8","137.0","ZONGULDAK, TU","    0","B,,S",,,,,,,"  182","H,,S"
"TUM00017022","2018-10-13","41.45","31.8","137.0","ZONGULDAK, TU","    0",",,S",,,,,"  159",",,S","  189","H,,S"
"TUM00017022","2018-10-14","41.45","31.8","137.0","ZONGULDAK, TU","    3",",,S",,,,,"  157",",,S","  193","H,,S"
"TUM00017022","2018-10-15","41.45","31.8","137.0","ZONGULDAK, TU","    0",",,S",,,,,,,"  184","H,,S"
"TUM00017022","2018-10-16","41.45","31.8","137.0","ZONGULDAK, TU","    0","B,,S",,,,,,,"  179","H,,S"
"TUM00017022","2018-10-17","41.45","31.8","137.0","ZONGULDAK, TU","    0","B,,S",,,,,,,"  188","H,,S"
"TUM00017022","2018-10-18","41.45","31.8","137.0","ZONGULDAK, TU","    0",",,S",,,,,,,"  192","H,,S"
"TUM00017022","2018-10-19","41.45","31.8","137.0","ZONGULDAK, TU",,,,,,,,,"  183","H,,S"
"TUM00017022","2018-10-20","41.45","31.8","137.0","ZONGULDAK, TU","    8",",,S",,,,,,,"  176","H,,S"
"TUM00017022","2018-10-21","41.45","31.8","137.0","ZONGULDAK, TU","  170",",,S",,,,,,,"  168","H,,S"
"TUM00017022","2018-10-22","41.45","31.8","137.0","ZONGULDAK, TU","   84",",,S",,,,,,,"  163","H,,S"
"TUM00017022","2018-10-23","41.45","31.8","137.0","ZONGULDAK, TU","    0",",,S",,,,,,,"  159","H,,S"
"TUM00017022","2018-10-24","41.45","31.8","137.0","ZONGULDAK, TU","    3",",,S",,,,,,,"  170","H,,S"
"TUM00017022","2018-10-25","41.45","31.8","137.0","ZONGULDAK, TU","  269",",,S",,,,,,,"   96","H,,S"
"TUM00017022","2018-10-26","41.45","31.8","137.0","ZONGULDAK, TU","  216",",,S",,,,,"   66",",,S","  128","H,,S"
"TUM00017022","2018-10-27","41.45","31.8","137.0","ZONGULDAK, TU","    0",",,S",,,,,,,"  152","H,,S"
"TUM00017022","2018-10-28","41.45","31.8","137.0","ZONGULDAK, TU",,,,,,,,,"  174","H,,S"
"TUM00017022","2018-10-29","41.45","31.8","137.0","ZONGULDAK, TU","    0","B,,S",,,,,,,"  166","H,,S"
"TUM00017022","2018-10-30","41.45","31.8","137.0","ZONGULDAK, TU","    0","B,,S",,,,,,,"  166","H,,S"
"TUM00017022","2018-10-31","41.45","31.8","137.0","ZONGULDAK, TU","    0","B,,S",,,,,,,"  169","H,,S"
"TUM00017022","2018-11-01","41.45","31.8","137.0","ZONGULDAK, TU","    0","B,,S",,,,,,,"  159","H,,S"
"TUM00017022","2018-11-02","41.45","31.8","137.0","ZONGULDAK, TU","    0","B,,S",,,,,,,"  149","H,,S"
"TUM00017022","2018-11-03","41.45","31.8","137.0","ZONGULDAK, TU","    0","B,,S",,,,,,,"  147","H,,S"
"TUM00017022","2018-11-04","41.45","31.8","137.0","ZONGULDAK, TU","    0","B,,S",,,,,,,"  149","H,,S"
"TUM00017022","2018-11-05","41.45","31.8","137.0","ZONGULDAK, TU","    0","B,,S",,,,,,,"  138","H,,S"
"TUM00017022","2018-11-06","41.45","31.8","137.0","ZONGULDAK, TU","    0","B,,S",,,,,,,"  138","H,,S"
"TUM00017022","2018-11-07","41.45","31.8","137.0","ZONGULDAK, TU","    0",",,S",,,,,,,"  148","H,,S"
"TUM00017022","2018-11-08","41.45","31.8","137.0","ZONGULDAK, TU","   10","B,,S",,,,,,,"  140","H,,S"
"TUM00017022","2018-11-09","41.45","31.8","137.0","ZONGULDAK, TU","    5","B,,S",,,,,,,"  145","H,,S"
"TUM00017022","2018-11-10","41.45","31.8","137.0","ZONGULDAK, TU","    0","B,,S",,,,,,,"  136","H,,S"
"TUM00017022","2018-11-11","41.45","31.8","137.0","ZONGULDAK, TU","    0","B,,S",,,,,,,"  133","H,,S"
"TUM00017022","2018-11-12","41.45","31.8","137.0","ZONGULDAK, TU","    0","B,,S",,,,,,,"  123","H,,S"
"TUM00017022","2018-11-13","41.45","31.8","137.0","ZONGULDAK, TU","    0",",,S",,,,,,,"  101","H,,S"
"TUM00017022","2018-11-14","41.45","31.8","137.0","ZONGULDAK, TU","    8",",,S",,,"  107",",,S",,,"   80","H,,S"
"TUM00017022","2018-11-15","41.45","31.8","137.0","ZONGULDAK, TU","   99",",,S",,,,,"   73",",,S","   84","H,,S"
"TUM00017022","2018-11-16","41.45","31.8","137.0","ZONGULDAK, TU","  130",",,S",,,,,"   67",",,S","   86","H,,S"
"TUM00017022","2018-11-23","41.45","31.8","137.0","ZONGULDAK, TU","  147",",,S",,,,,,,"   93","H,,S"
"TUM00017022","2018-11-24","41.45","31.8","137.0","ZONGULDAK, TU","   10",",,S",,,"  120",",,S",,,"   78","H,,S"
"TUM00017022","2018-11-25","41.45","31.8","137.0","ZONGULDAK, TU","    0",",,S",,,,,,,"   82","H,,S"
"TUM00017022","2018-11-26","41.45","31.8","137.0","ZONGULDAK, TU","   10","B,,S",,,"  183",",,S",,,"  121","H,,S"
"TUM00017022","2018-11-27","41.45","31.8","137.0","ZONGULDAK, TU","   20",",,S",,,"  198",",,S","  138",",,S","  158","H,,S"
"TUM00017022","2018-11-28","41.45","31.8","137.0","ZONGULDAK, TU","   18",",,S",,,,,,,"  139","H,,S"
"TUM00017022","2018-11-29","41.45","31.8","137.0","ZONGULDAK, TU","  226",",,S",,,,,,,"   86","H,,S"
"TUM00017022","2018-11-30","41.45","31.8","137.0","ZONGULDAK, TU","  239",",,S",,,,,"   65",",,S","   69","H,,S"
"TUM00017022","2018-12-01","41.45","31.8","137.0","ZONGULDAK, TU","  432",",,S",,,,,"   60",",,S","   67","H,,S"
"TUM00017022","2018-12-02","41.45","31.8","137.0","ZONGULDAK, TU","   58",",,S",,,"  111",",,S","   51",",,S","   76","H,,S"
"TUM00017022","2018-12-03","41.45","31.8","137.0","ZONGULDAK, TU","    0",",,S",,,,,,,"   90","H,,S"
"TUM00017022","2018-12-04","41.45","31.8","137.0","ZONGULDAK, TU","    0","B,,S",,,,,,,"  100","H,,S"
"TUM00017022","2018-12-05","41.45","31.8","137.0","ZONGULDAK, TU","    3",",,S",,,,,,,"   96","H,,S"
"TUM00017022","2018-12-06","41.45","31.8","137.0","ZONGULDAK, TU","  173",",,S",,,,,,,"   73","H,,S"
"TUM00017022","2018-12-07","41.45","31.8","137.0","ZONGULDAK, TU","  145",",,S",,,,,,,"   51","H,,S"
"TUM00017022","2018-12-08","41.45","31.8","137.0","ZONGULDAK, TU","   36",",,S",,,,,,,"   62","H,,S"
"TUM00017022","2018-12-09","41.45","31.8","137.0","ZONGULDAK, TU","    0",",,S",,,"  146",",,S","   58",",,S","  109","H,,S"
"TUM00017022","2018-12-10","41.45","31.8","137.0","ZONGULDAK, TU","   48",",,S",,,,,,,"  113","H,,S"
"TUM00017022","2018-12-11","41.45","31.8","137.0","ZONGULDAK, TU","   79",",,S",,,,,,,"   73","H,,S"
"TUM00017022","2018-12-12","41.45","31.8","137.0","ZONGULDAK, TU","  345",",,S",,,,,,,"   56","H,,S"
"TUM00017022","2018-12-13","41.45","31.8","137.0","ZONGULDAK, TU","  406",",,S",,,,,"    8",",,S","   55","H,,S"
"TUM00017022","2018-12-14","41.45","31.8","137.0","ZONGULDAK, TU","    0",",,S",,,"  101",",,S",,,"   63","H,,S"
"TUM00017022","2018-12-15","41.45","31.8","137.0","ZONGULDAK, TU","    0",",,S",,,"  190",",,S","   62",",,S","  124","H,,S"
"TUM00017022","2018-12-16","41.45","31.8","137.0","ZONGULDAK, TU","    0","B,,S",,,"  165",",,S","  134",",,S","  151","H,,S"
"TUM00017022","2018-12-17","41.45","31.8","137.0","ZONGULDAK, TU","   20","B,,S",,,,,,,"  112","H,,S"
"TUM00017022","2018-12-18","41.45","31.8","137.0","ZONGULDAK, TU","   10","B,,S",,,,,,,"  105","H,,S"
"TUM00017022","2018-12-19","41.45","31.8","137.0","ZONGULDAK, TU","   66",",,S",,,"  147",",,S",,,"   89","H,,S"
"TUM00017022","2018-12-20","41.45","31.8","137.0","ZONGULDAK, TU","   28",",,S",,,,,"   52",",,S","   63","H,,S"
"TUM00017022","2018-12-21","41.45","31.8","137.0","ZONGULDAK, TU","   38",",,S",,,,,,,"   66","H,,S"
"TUM00017022","2018-12-22","41.45","31.8","137.0","ZONGULDAK, TU","    0",",,S",,,,,,,"   87","H,,S"
"TUM00017022","2018-12-23","41.45","31.8","137.0","ZONGULDAK, TU","   61","B,,S",,,"  120",",,S","   69",",,S","  102","H,,S"
"TUM00017022","2018-12-24","41.45","31.8","137.0","ZONGULDAK, TU","    0","B,,S",,,"  153",",,S",,,"  104","H,,S"
"TUM00017022","2018-12-25","41.45","31.8","137.0","ZONGULDAK, TU","  312",",,S",,,,,,,"   49","H,,S"
"TUM00017022","2018-12-26","41.45","31.8","137.0","ZONGULDAK, TU","  249",",,S",,,"   56",",,S",,,"   20","H,,S"
"TUM00017022","2018-12-27","41.45","31.8","137.0","ZONGULDAK, TU","   43",",,S",,,,,"   18",",,S","   27","H,,S"
"TUM00017022","2018-12-28","41.45","31.8","137.0","ZONGULDAK, TU","   30",",,S",,,,,"   27",",,S","   47","H,,S"
"TUM00017022","2018-12-29","41.45","31.8","137.0","ZONGULDAK, TU","    3",",,S",,,"   59",",,S","   27",",,S","   39","H,,S"
"TUM00017022","2018-12-30","41.45","31.8","137.0","ZONGULDAK, TU","   99",",,S",,,"   61",",,S",,,"   42","H,,S"
"TUM00017022","2018-12-31","41.45","31.8","137.0","ZONGULDAK, TU","   94",",,S",,,,,,,"   49","H,,S"
"TUM00017022","2019-01-01","41.45","31.8","137.0","ZONGULDAK, TU","    0","B,,S",,,"   76",",,S",,,"   41","H,,S"
"TUM00017022","2019-01-02","41.45","31.8","137.0","ZONGULDAK, TU","   13",",,S",,,,,,,"   48","H,,S"
"TUM00017022","2019-01-03","41.45","31.8","137.0","ZONGULDAK, TU","  112",",,S",,,,,,,"   51","H,,S"
"TUM00017022","2019-01-04","41.45","31.8","137.0","ZONGULDAK, TU","   28",",,S",,,,,,,"   51","H,,S"
"TUM00017022","2019-01-05","41.45","31.8","137.0","ZONGULDAK, TU","   69",",,S",,,"   50",",,S",,,"   33","H,,S"
"TUM00017022","2019-01-06","41.45","31.8","137.0","ZONGULDAK, TU","   43",",,S",,,"   37",",,S",,,"   27","H,,S"
"TUM00017022","2019-01-07","41.45","31.8","137.0","ZONGULDAK, TU","  132",",,S","   41",",,S",,,"    2",",,S","   13","H,,S"
"TUM00017022","2019-01-08","41.45","31.8","137.0","ZONGULDAK, TU","  122",",,S","  140",",,S","   23",",,S","   -2",",,S","    7","H,,S"
"TUM00017022","2019-01-09","41.45","31.8","137.0","ZONGULDAK, TU","  157",",,S","  180",",,S","   50",",,S",,,"   20","H,,S"
"TUM00017022","2019-01-10","41.45","31.8","137.0","ZONGULDAK, TU","    0",",,S","   89",",,S",,,"   27",",,S","  101","H,,S"
"TUM00017022","2019-01-11","41.45","31.8","137.0","ZONGULDAK, TU","   79","B,,S",,,"  146",",,S",,,"  103","H,,S"
"TUM00017022","2019-01-12","41.45","31.8","137.0","ZONGULDAK, TU","   79","B,,S",,,,,,,"   44","H,,S"
"TUM00017022","2019-01-13","41.45","31.8","137.0","ZONGULDAK, TU","   89","B,,S",,,"   41",",,S","   26",",,S","   35","H,,S"
"TUM00017022","2019-01-14","41.45","31.8","137.0","ZONGULDAK, TU","    0","B,,S",,,"   81",",,S",,,"   59","H,,S"
"TUM00017022","2019-01-15","41.45","31.8","137.0","ZONGULDAK, TU","   10",",,S",,,,,,,"   46","H,,S"
"TUM00017022","2019-01-16","41.45","31.8","137.0","ZONGULDAK, TU","  307",",,S",,,,,,,"   33","H,,S"
"TUM00017022","2019-01-17","41.45","31.8","137.0","ZONGULDAK, TU","   28",",,S",,,"   82",",,S",,,"   51","H,,S"
"TUM00017022","2019-01-18","41.45","31.8","137.0","ZONGULDAK, TU","    0",",,S",,,"  131",",,S",,,"   74","H,,S"
"TUM00017022","2019-01-19","41.45","31.8","137.0","ZONGULDAK, TU","    0","B,,S",,,"  131",",,S",,,"   89","H,,S"
"TUM00017022","2019-01-20","41.45","31.8","137.0","ZONGULDAK, TU","    0","B,,S",,,"  133",",,S","   58",",,S","   95","H,,S"
"TUM00017022","2019-01-21","41.45","31.8","137.0","ZONGULDAK, TU","   20","B,,S",,,"  127",",,S",,,"   76","H,,S"
"TUM00017022","2019-01-22","41.45","31.8","137.0","ZONGULDAK, TU","   20","B,,S",,,,,"   43",",,S","   65","H,,S"
"TUM00017022","2019-01-23","41.45","31.8","137.0","ZONGULDAK, TU","    0","B,,S",,,"  183",",,S",,,"  123","H,,S"
"TUM00017022","2019-01-24","41.45","31.8","137.0","ZONGULDAK, TU","    0","B,,S",,,,,,,"  136","H,,S"
"TUM00017022","2019-01-25","41.45","31.8","137.0","ZONGULDAK, TU","    0",",,S",,,,,,,"  135","H,,S"
"TUM00017022","2019-01-26","41.45","31.8","137.0","ZONGULDAK, TU","    0",",,S",,,"  162",",,S",,,"  129","H,,S"
"TUM00017022","2019-01-27","41.45","31.8","137.0","ZONGULDAK, TU","    5",",,S",,,,,,,"   72","H,,S"
"TUM00017022","2019-01-28","41.45","31.8","137.0","ZONGULDAK, TU","   51",",,S",,,,,"   39",",,S","   88","H,,S"
"TUM00017022","2019-01-29","41.45","31.8","137.0","ZONGULDAK, TU","    0",",,S",,,,,,,"  133","H,,S"
"TUM00017022","2019-01-30","41.45","31.8","137.0","ZONGULDAK, TU","    0","B,,S",,,,,,,"  144","H,,S"
"TUM00017022","2019-01-31","41.45","31.8","137.0","ZONGULDAK, TU","    0","B,,S",,,,,,,"  142","H,,S"
"TUM00017022","2019-02-01","41.45","31.8","137.0","ZONGULDAK, TU","   48",",,S",,,"  110",",,S",,,"   86","H,,S"
"TUM00017022","2019-02-02","41.45","31.8","137.0","ZONGULDAK, TU","   51",",,S",,,,,,,"  110","H,,S"
"TUM00017022","2019-02-03","41.45","31.8","137.0","ZONGULDAK, TU","    0",",,S",,,"  181",",,S","   92",",,S","  141","H,,S"
"TUM00017022","2019-02-04","41.45","31.8","137.0","ZONGULDAK, TU","    0","B,,S",,,,,,,"  130","H,,S"
"TUM00017022","2019-02-05","41.45","31.8","137.0","ZONGULDAK, TU","    0","B,,S",,,,,,,"   88","H,,S"
"TUM00017022","2019-02-06","41.45","31.8","137.0","ZONGULDAK, TU","    3",",,S",,,,,,,"   74","H,,S"
"TUM00017022","2019-02-07","41.45","31.8","137.0","ZONGULDAK, TU","   84",",,S",,,,,,,"   63","H,,S"
"TUM00017022","2019-02-08","41.45","31.8","137.0","ZONGULDAK, TU","  107",",,S",,,,,"   58",",,S","   64","H,,S"
"TUM00017022","2019-02-09","41.45","31.8","137.0","ZONGULDAK, TU","   43",",,S",,,,,"   53",",,S","   58","H,,S"
"TUM00017022","2019-02-10","41.45","31.8","137.0","ZONGULDAK, TU","   46",",,S",,,"   66",",,S","   50",",,S","   58","H,,S"
"TUM00017022","2019-02-11","41.45","31.8","137.0","ZONGULDAK, TU","    0",",,S",,,,,,,"   93","H,,S"
"TUM00017022","2019-02-12","41.45","31.8","137.0","ZONGULDAK, TU","    0","B,,S",,,,,,,"  133","H,,S"
"TUM00017022","2019-02-13","41.45","31.8","137.0","ZONGULDAK, TU","   28",",,S",,,"  126",",,S",,,"  102","H,,S"
"TUM00017022","2019-02-14","41.45","31.8","137.0","ZONGULDAK, TU","   43",",,S",,,,,,,"   70","H,,S"
"TUM00017022","2019-02-15","41.45","31.8","137.0","ZONGULDAK, TU","  112",",,S",,,"  138",",,S","   37",",,S","   56","H,,S"
"TUM00017022","2019-02-16","41.45","31.8","137.0","ZONGULDAK, TU","   48",",,S",,,,,,,"   52","H,,S"
"TUM00017022","2019-02-17","41.45","31.8","137.0","ZONGULDAK, TU","    0",",,S",,,,,"   27",",,S","   51","H,,S"
"TUM00017022","2019-02-18","41.45","31.8","137.0","ZONGULDAK, TU","    0","B,,S",,,,,,,"   63","H,,S"
"TUM00017022","2019-02-19","41.45","31.8","137.0","ZONGULDAK, TU","    0","B,,S",,,,,,,"   61","H,,S"
"TUM00017022","2019-02-20","41.45","31.8","137.0","ZONGULDAK, TU","    0","B,,S",,,,,,,"   85","H,,S"
"TUM00017022","2019-02-21","41.45","31.8","137.0","ZONGULDAK, TU","    0","B,,S",,,,,,,"   79","H,,S"
"TUM00017022","2019-02-22","41.45","31.8","137.0","ZONGULDAK, TU","    0","B,,S",,,,,,,"   66","H,,S"
"TUM00017022","2019-02-23","41.45","31.8","137.0","ZONGULDAK, TU","  170","B,,S",,,,,,,"   43","H,,S"
"TUM00017022","2019-02-24","41.45","31.8","137.0","ZONGULDAK, TU","  363",",,S",,,"   54",",,S","   23",",,S","   41","H,,S"
"TUM00017022","2019-02-25","41.45","31.8","137.0","ZONGULDAK, TU","   15",",,S",,,,,"   45",",,S","   60","H,,S"
"TUM00017022","2019-02-26","41.45","31.8","137.0","ZONGULDAK, TU","    0",",,S",,,,,,,"   51","H,,S"
"TUM00017022","2019-02-27","41.45","31.8","137.0","ZONGULDAK, TU","  107",",,S",,,,,,,"   33","H,,S"
"TUM00017022","2019-02-28","41.45","31.8","137.0","ZONGULDAK, TU","   99",",,S",,,,,,,"   42","H,,S"
"TUM00017022","2019-03-01","41.45","31.8","137.0","ZONGULDAK, TU","   33",",,S",,,,,,,"  112","H,,S"
"TUM00017022","2019-03-02","41.45","31.8","137.0","ZONGULDAK, TU","    0",",,S",,,"  134",",,S",,,"   91","H,,S"
"TUM00017022","2019-03-03","41.45","31.8","137.0","ZONGULDAK, TU","    5",",,S",,,"   70",",,S",,,"   42","H,,S"
"TUM00017022","2019-03-04","41.45","31.8","137.0","ZONGULDAK, TU","    0",",,S",,,,,,,"   44","H,,S"
"TUM00017022","2019-03-05","41.45","31.8","137.0","ZONGULDAK, TU","    0","B,,S",,,,,,,"  112","H,,S"
"TUM00017022","2019-03-06","41.45","31.8","137.0","ZONGULDAK, TU","   89","B,,S",,,,,,,"  102","H,,S"
"TUM00017022","2019-03-07","41.45","31.8","137.0","ZONGULDAK, TU","   20","B,,S",,,,,,,"   95","H,,S"
"TUM00017022","2019-03-08","41.45","31.8","137.0","ZONGULDAK, TU","    0","B,,S",,,,,,,"  147","H,,S"
"TUM00017022","2019-03-09","41.45","31.8","137.0","ZONGULDAK, TU","    0","B,,S",,,,,,,"  165","H,,S"
"TUM00017022","2019-03-10","41.45","31.8","137.0","ZONGULDAK, TU","    0","B,,S",,,"  171",",,S","  129",",,S","  151","H,,S"
"TUM00017022","2019-03-11","41.45","31.8","137.0","ZONGULDAK, TU","    0","B,,S",,,,,,,"  164","H,,S"
"TUM00017022","2019-03-12","41.45","31.8","137.0","ZONGULDAK, TU","   41","B,,S",,,"  201",",,S",,,"  121","H,,S"
"TUM00017022","2019-03-13","41.45","31.8","137.0","ZONGULDAK, TU","  188",",,S",,,,,,,"   68","H,,S"
"TUM00017022","2019-03-14","41.45","31.8","137.0","ZONGULDAK, TU","    5",",,S",,,,,"   56",",,S","   78","H,,S"
"TUM00017022","2019-03-15","41.45","31.8","137.0","ZONGULDAK, TU","    0",",,S",,,,,,,"   75","H,,S"
"TUM00017022","2019-03-16","41.45","31.8","137.0","ZONGULDAK, TU","    8",",,S",,,,,"   52",",,S","   99","H,,S"
"TUM00017022","2019-03-17","41.45","31.8","137.0","ZONGULDAK, TU","    3",",,S",,,"  124",",,S","   82",",,S","  103","H,,S"
"TUM00017022","2019-03-18","41.45","31.8","137.0","ZONGULDAK, TU","    0",",,S",,,,,,,"  150","H,,S"
"TUM00017022","2019-03-19","41.45","31.8","137.0","ZONGULDAK, TU","    0","B,,S",,,,,,,"  142","H,,S"
"TUM00017022","2019-03-20","41.45","31.8","137.0","ZONGULDAK, TU","    0","B,,S",,,,,,,"   81","H,,S"
"TUM00017022","2019-03-21","41.45","31.8","137.0","ZONGULDAK, TU","    0","B,,S",,,,,"   42",",,S","   83","H,,S"
"TUM00017022","2019-03-22","41.45","31.8","137.0","ZONGULDAK, TU","    0",",,S",,,,,,,"   80","H,,S"
"TUM00017022","2019-03-23","41.45","31.8","137.0","ZONGULDAK, TU","    0","B,,S",,,,,,,"   66","H,,S"
"TUM00017022","2019-03-24","41.45","31.8","137.0","ZONGULDAK, TU","    0","B,,S",,,,,,,"   49","H,,S"
"TUM00017022","2019-03-25","41.45","31.8","137.0","ZONGULDAK, TU","    0","B,,S",,,,,,,"   64","H,,S"
"TUM00017022","2019-03-26","41.45","31.8","137.0","ZONGULDAK, TU","    0","B,,S",,,,,,,"   91","H,,S"
"TUM00017022","2019-03-27","41.45","31.8","137.0","ZONGULDAK, TU","    0","B,,S",,,,,,,"   84","H,,S"
"TUM00017022","2019-03-28","41.45","31.8","137.0","ZONGULDAK, TU","    0","B,,S",,,"  100",",,S",,,"   68","H,,S"
"TUM00017022","2019-03-29","41.45","31.8","137.0","ZONGULDAK, TU","    0","B,,S",,,,,,,"   55","H,,S"
"TUM00017022","2019-03-30","41.45","31.8","137.0","ZONGULDAK, TU","    0","B,,S",,,,,,,"   63","H,,S"
"TUM00017022","2019-03-31","41.45","31.8","137.0","ZONGULDAK, TU","    0","B,,S",,,,,,,"   76","H,,S"
"TUM00017022","2019-04-01","41.45","31.8","137.0","ZONGULDAK, TU","    3",",,S",,,,,,,"   84","H,,S"
"TUM00017022","2019-04-02","41.45","31.8","137.0","ZONGULDAK, TU","    0",",,S",,,,,,,"   89","H,,S"
"TUM00017022","2019-04-03","41.45","31.8","137.0","ZONGULDAK, TU","    0","B,,S",,,,,,,"   84","H,,S"
"TUM00017022","2019-04-04","41.45","31.8","137.0","ZONGULDAK, TU","    0","B,,S",,,,,"   55",",,S","   93","H,,S"
"TUM00017022","2019-04-05","41.45","31.8","137.0","ZONGULDAK, TU","    0","B,,S",,,,,,,"   94","H,,S"
"TUM00017022","2019-04-06","41.45","31.8","137.0","ZONGULDAK, TU","    0","B,,S",,,,,"   62",",,S","  103","H,,S"
"TUM00017022","2019-04-07","41.45","31.8","137.0","ZONGULDAK, TU","    0","B,,S",,,"  143",",,S","   81",",,S","  105","H,,S"
"TUM00017022","2019-04-08","41.45","31.8","137.0","ZONGULDAK, TU","    0","B,,S",,,,,"   87",",,S","  133","H,,S"
"TUM00017022","2019-04-09","41.45","31.8","137.0","ZONGULDAK, TU","    3",",,S",,,,,"  104",",,S","  160","H,,S"
"TUM00017022","2019-04-10","41.45","31.8","137.0","ZONGULDAK, TU","   23",",,S",,,,,"  104",",,S","  141","H,,S"
"TUM00017022","2019-04-11","41.45","31.8","137.0","ZONGULDAK, TU","   20",",,S",,,,,,,"  137","H,,S"
"TUM00017022","2019-04-12","41.45","31.8","137.0","ZONGULDAK, TU","   51",",,S",,,,,"  129",",,S","  167","H,,S"
"TUM00017022","2019-04-13","41.45","31.8","137.0","ZONGULDAK, TU","    8",",,S",,,,,,,"  160","H,,S"
"TUM00017022","2019-04-14","41.45","31.8","137.0","ZONGULDAK, TU","  117",",,S",,,,,,,"  127","H,,S"
"TUM00017022","2019-04-15","41.45","31.8","137.0","ZONGULDAK, TU","   25",",,S",,,,,,,"  102","H,,S"
"TUM00017022","2019-04-16","41.45","31.8","137.0","ZONGULDAK, TU","   18",",,S",,,,,,,"   84","H,,S"
"TUM00017022","2019-04-17","41.45","31.8","137.0","ZONGULDAK, TU","    0",",,S",,,,,"   43",",,S","   89","H,,S"
"TUM00017022","2019-04-18","41.45","31.8","137.0","ZONGULDAK, TU","    8","B,,S",,,"  120",",,S",,,"   96","H,,S"
"TUM00017022","2019-04-19","41.45","31.8","137.0","ZONGULDAK, TU","  157",",,S",,,"   98",",,S",,,"   77","H,,S"
"TUM00017022","2019-04-20","41.45","31.8","137.0","ZONGULDAK, TU","   61",",,S",,,"   92",",,S",,,"   69","H,,S"
"TUM00017022","2019-04-21","41.45","31.8","137.0","ZONGULDAK, TU","  137",",,S",,,,,,,"   82","H,,S"
"TUM00017022","2019-04-22","41.45","31.8","137.0","ZONGULDAK, TU","   36",",,S",,,,,"   44",",,S","   89","H,,S"
"TUM00017022","2019-04-23","41.45","31.8","137.0","ZONGULDAK, TU","    0",",,S",,,,,"   50",",,S","  102","H,,S"
"TUM00017022","2019-04-24","41.45","31.8","137.0","ZONGULDAK, TU","    0",",,S",,,,,,,"  126","H,,S"
"TUM00017022","2019-04-25","41.45","31.8","137.0","ZONGULDAK, TU","    0",",,S",,,,,,,"  142","H,,S"
"TUM00017022","2019-04-26","41.45","31.8","137.0","ZONGULDAK, TU","    0","B,,S",,,,,,,"  113","H,,S"
"TUM00017022","2019-04-27","41.45","31.8","137.0","ZONGULDAK, TU","    0","B,,S",,,,,"   64",",,S","  129","H,,S"
"TUM00017022","2019-04-28","41.45","31.8","137.0","ZONGULDAK, TU","    0","B,,S",,,,,"  115",",,S","  191","H,,S"
"TUM00017022","2019-04-29","41.45","31.8","137.0","ZONGULDAK, TU","    8",",,S",,,,,"  143",",,S","  209","H,,S"
"TUM00017022","2019-04-30","41.45","31.8","137.0","ZONGULDAK, TU","    0",",,S",,,,,,,"  207","H,,S"
"TUM00017022","2019-05-01","41.45","31.8","137.0","ZONGULDAK, TU","    0","B,,S",,,,,,,"  189","H,,S"
"TUM00017022","2019-05-02","41.45","31.8","137.0","ZONGULDAK, TU","   61",",,S",,,"  181",",,S","  120",",,S","  148","H,,S"
"TUM00017022","2019-05-03","41.45","31.8","137.0","ZONGULDAK, TU","   13",",,S",,,,,"  125",",,S","  163","H,,S"
"TUM00017022","2019-05-04","41.45","31.8","137.0","ZONGULDAK, TU","    0",",,S",,,,,,,"  194","H,,S"
"TUM00017022","2019-05-05","41.45","31.8","137.0","ZONGULDAK, TU","    3",",,S",,,,,"  143",",,S","  188","H,,S"
"TUM00017022","2019-05-06","41.45","31.8","137.0","ZONGULDAK, TU","   61",",,S",,,,,"  155",",,S","  197","H,,S"
"TUM00017022","2019-05-07","41.45","31.8","137.0","ZONGULDAK, TU","    0",",,S",,,,,,,"  163","H,,S"
"TUM00017022","2019-05-08","41.45","31.8","137.0","ZONGULDAK, TU","  117",",,S",,,"  146",",,S",,,"  119","H,,S"
"TUM00017022","2019-05-09","41.45","31.8","137.0","ZONGULDAK, TU","   30",",,S",,,,,"   90",",,S","  132","H,,S"
"TUM00017022","2019-05-10","41.45","31.8","137.0","ZONGULDAK, TU","    0",",,S",,,"  176",",,S","  115",",,S","  150","H,,S"
"TUM00017022","2019-05-11","41.45","31.8","137.0","ZONGULDAK, TU","    0",",,S",,,,,,,"  159","H,,S"
"TUM00017022","2019-05-12","41.45","31.8","137.0","ZONGULDAK, TU","    0",",,S",,,,,,,"  158","H,,S"
"TUM00017022","2019-05-13","41.45","31.8","137.0","ZONGULDAK, TU","    0",",,S",,,,,"  123",",,S","  164","H,,S"
"TUM00017022","2019-05-14","41.45","31.8","137.0","ZONGULDAK, TU","    0","B,,S",,,,,,,"  159","H,,S"
"TUM00017022","2019-05-15","41.45","31.8","137.0","ZONGULDAK, TU","    0","B,,S",,,"  320",",,S","  136",",,S","  211","H,,S"
"TUM00017022","2019-05-16","41.45","31.8","137.0","ZONGULDAK, TU","    0","B,,S",,,,,,,"  173","H,,S"
"TUM00017022","2019-05-17","41.45","31.8","137.0","ZONGULDAK, TU","  191","B,,S",,,,,"  152",",,S","  182","H,,S"
"TUM00017022","2019-05-18","41.45","31.8","137.0","ZONGULDAK, TU","   20","B,,S",,,,,"  153",",,S","  169","H,,S"
"TUM00017022","2019-05-19","41.45","31.8","137.0","ZONGULDAK, TU","  361",",,S",,,,,,,"  191","H,,S"
"TUM00017022","2019-05-20","41.45","31.8","137.0","ZONGULDAK, TU","    0",",,S",,,,,"  173",",,S","  236","H,,S"
"TUM00017022","2019-05-21","41.45","31.8","137.0","ZONGULDAK, TU","    0",",,S",,,,,,,"  218","H,,S"
"TUM00017022","2019-05-22","41.45","31.8","137.0","ZONGULDAK, TU","    8",",,S",,,,,"  185",",,S","  222","H,,S"
"TUM00017022","2019-05-23","41.45","31.8","137.0","ZONGULDAK, TU","    3",",,S",,,"  244",",,S",,,"  208","H,,S"
"TUM00017022","2019-05-24","41.45","31.8","137.0","ZONGULDAK, TU","    0",",,S",,,"  235",",,S","  140",",,S","  188","H,,S"
"TUM00017022","2019-05-25","41.45","31.8","137.0","ZONGULDAK, TU","  117",",,S",,,,,"  154",",,S","  193","H,,S"
"TUM00017022","2019-05-26","41.45","31.8","137.0","ZONGULDAK, TU","    0",",,S",,,,,,,"  204","H,,S"
"TUM00017022","2019-05-27","41.45","31.8","137.0","ZONGULDAK, TU","    0","B,,S",,,,,"  156",",,S","  218","H,,S"
"TUM00017022","2019-05-28","41.45","31.8","137.0","ZONGULDAK, TU","    0","B,,S",,,,,,,"  255","H,,S"
"TUM00017022","2019-05-29","41.45","31.8","137.0","ZONGULDAK, TU","    0",",,S",,,,,,,"  261","H,,S"
"TUM00017022","2019-05-30","41.45","31.8","137.0","ZONGULDAK, TU","    0","B,,S",,,,,,,"  234","H,,S"
"TUM00017022","2019-05-31","41.45","31.8","137.0","ZONGULDAK, TU","    0","B,,S",,,,,"  186",",,S","  238","H,,S"
"TUM00017022","2019-06-01","41.45","31.8","137.0","ZONGULDAK, TU","   10","B,,S",,,,,"  177",",,S","  221","H,,S"
"TUM00017022","2019-06-02","41.45","31.8","137.0","ZONGULDAK, TU","    5","B,,S",,,,,,,"  210","H,,S"
"TUM00017022","2019-06-03","41.45","31.8","137.0","ZONGULDAK, TU","    0","B,,S",,,,,"  178",",,S","  229","H,,S"
"TUM00017022","2019-06-04","41.45","31.8","137.0","ZONGULDAK, TU","    0","B,,S",,,,,,,"  221","H,,S"
"TUM00017022","2019-06-05","41.45","31.8","137.0","ZONGULDAK, TU","    0",",,S",,,,,"  177",",,S","  212","H,,S"
"TUM00017022","2019-06-06","41.45","31.8","137.0","ZONGULDAK, TU","    0","B,,S",,,,,,,"  214","H,,S"
"TUM00017022","2019-06-07","41.45","31.8","137.0","ZONGULDAK, TU","    0","B,,S",,,,,,,"  225","H,,S"
"TUM00017022","2019-06-08","41.45","31.8","137.0","ZONGULDAK, TU","    0","B,,S",,,,,"  179",",,S","  224","H,,S"
"TUM00017022","2019-06-09","41.45","31.8","137.0","ZONGULDAK, TU","    0","B,,S",,,,,,,"  216","H,,S"
"TUM00017022","2019-06-10","41.45","31.8","137.0","ZONGULDAK, TU","    0","B,,S",,,,,"  203",",,S","  227","H,,S"
"TUM00017022","2019-06-11","41.45","31.8","137.0","ZONGULDAK, TU","    0","B,,S",,,,,"  202",",,S","  238","H,,S"
"TUM00017022","2019-06-12","41.45","31.8","137.0","ZONGULDAK, TU","    0",",,S",,,,,"  204",",,S","  237","H,,S"
"TUM00017022","2019-06-13","41.45","31.8","137.0","ZONGULDAK, TU","    0","B,,S",,,,,,,"  243","H,,S"
"TUM00017022","2019-06-14","41.45","31.8","137.0","ZONGULDAK, TU","    3",",,S",,,,,,,"  238","H,,S"
"TUM00017022","2019-06-15","41.45","31.8","137.0","ZONGULDAK, TU","    0",",,S",,,,,"  200",",,S","  239","H,,S"
"TUM00017022","2019-06-16","41.45","31.8","137.0","ZONGULDAK, TU","    0",",,S",,,,,,,"  231","H,,S"
"TUM00017022","2019-06-17","41.45","31.8","137.0","ZONGULDAK, TU","    3",",,S",,,,,"  198",",,S","  244","H,,S"
"TUM00017022","2019-06-18","41.45","31.8","137.0","ZONGULDAK, TU","    0",",,S",,,,,,,"  243","H,,S"
"TUM00017022","2019-06-19","41.45","31.8","137.0","ZONGULDAK, TU","   23",",,S",,,,,,,"  244","H,,S"
"TUM00017022","2019-06-20","41.45","31.8","137.0","ZONGULDAK, TU","  442",",,S",,,,,"  193",",,S","  225","H,,S"
"TUM00017022","2019-06-21","41.45","31.8","137.0","ZONGULDAK, TU","  117",",,S",,,,,,,"  237","H,,S"
"TUM00017022","2019-06-22","41.45","31.8","137.0","ZONGULDAK, TU","   15",",,S",,,,,"  202",",,S","  249","H,,S"
"TUM00017022","2019-06-23","41.45","31.8","137.0","ZONGULDAK, TU","    0",",,S",,,,,"  196",",,S","  248","H,,S"
"TUM00017022","2019-06-24","41.45","31.8","137.0","ZONGULDAK, TU","   33",",,S",,,,,"  195",",,S","  253","H,,S"
"TUM00017022","2019-06-25","41.45","31.8","137.0","ZONGULDAK, TU","    0",",,S",,,,,,,"  247","H,,S"
"TUM00017022","2019-06-26","41.45","31.8","137.0","ZONGULDAK, TU","    0","B,,S",,,,,"  209",",,S","  257","H,,S"
"TUM00017022","2019-06-27","41.45","31.8","137.0","ZONGULDAK, TU","    0","B,,S",,,,,,,"  256","H,,S"
"TUM00017022","2019-06-28","41.45","31.8","137.0","ZONGULDAK, TU","    0","B,,S",,,,,"  175",",,S","  254","H,,S"
"TUM00017022","2019-06-29","41.45","31.8","137.0","ZONGULDAK, TU","    0","B,,S",,,,,,,"  228","H,,S"
"TUM00017022","2019-06-30","41.45","31.8","137.0","ZONGULDAK, TU","    5",",,S",,,,,,,"  204","H,,S"
"TUM00017022","2019-07-01","41.45","31.8","137.0","ZONGULDAK, TU","   36",",,S",,,,,"  161",",,S","  225","H,,S"
"TUM00017022","2019-07-02","41.45","31.8","137.0","ZONGULDAK, TU","    0",",,S",,,,,"  188",",,S","  247","H,,S"
"TUM00017022","2019-07-03","41.45","31.8","137.0","ZONGULDAK, TU","    0","B,,S",,,,,"  187",",,S","  250","H,,S"
"TUM00017022","2019-07-04","41.45","31.8","137.0","ZONGULDAK, TU","    0","B,,S",,,,,"  209",",,S","  257","H,,S"
"TUM00017022","2019-07-05","41.45","31.8","137.0","ZONGULDAK, TU","    0","B,,S",,,,,,,"  255","H,,S"
"TUM00017022","2019-07-06","41.45","31.8","137.0","ZONGULDAK, TU","    0","B,,S",,,,,"  198",",,S","  241","H,,S"
"TUM00017022","2019-07-07","41.45","31.8","137.0","ZONGULDAK, TU","    0","B,,S",,,,,"  175",",,S","  245","H,,S"
"TUM00017022","2019-07-08","41.45","31.8","137.0","ZONGULDAK, TU","    0","B,,S",,,,,"  187",",,S","  261","H,,S"
"TUM00017022","2019-07-09","41.45","31.8","137.0","ZONGULDAK, TU","    0","B,,S",,,,,"  211",",,S","  257","H,,S"
"TUM00017022","2019-07-10","41.45","31.8","137.0","ZONGULDAK, TU","   99","B,,S",,,"  282",",,S",,,"  234","H,,S"
"TUM00017022","2019-07-11","41.45","31.8","137.0","ZONGULDAK, TU","  531","B,,S",,,"  211",",,S",,,"  196","H,,S"
"TUM00017022","2019-07-12","41.45","31.8","137.0","ZONGULDAK, TU","  340","B,,S",,,,,"  173",",,S","  212","H,,S"
"TUM00017022","2019-07-13","41.45","31.8","137.0","ZONGULDAK, TU","  231","B,,S",,,,,"  162",",,S","  210","H,,S"
"TUM00017022","2019-07-14","41.45","31.8","137.0","ZONGULDAK, TU","    0","B,,S",,,,,,,"  215","H,,S"
"TUM00017022","2019-07-15","41.45","31.8","137.0","ZONGULDAK, TU","   79",",,S",,,"  225",",,S","  168",",,S","  195","H,,S"
"TUM00017022","2019-07-16","41.45","31.8","137.0","ZONGULDAK, TU","  142",",,S",,,,,"  169",",,S","  214","H,,S"
"TUM00017022","2019-07-17","41.45","31.8","137.0","ZONGULDAK, TU","    0",",,S",,,,,"  178",",,S","  226","H,,S"
"TUM00017022","2019-07-18","41.45","31.8","137.0","ZONGULDAK, TU","  269",",,S",,,,,,,"  242","H,,S"
"TUM00017022","2019-07-19","41.45","31.8","137.0","ZONGULDAK, TU","    0",",,S",,,,,"  185",",,S","  236","H,,S"
"TUM00017022","2019-07-20","41.45","31.8","137.0","ZONGULDAK, TU","    0","B,,S",,,,,,,"  243","H,,S"
"TUM00017022","2019-07-21","41.45","31.8","137.0","ZONGULDAK, TU","    0","B,,S",,,,,"  189",",,S","  239","H,,S"
"TUM00017022","2019-07-22","41.45","31.8","137.0","ZONGULDAK, TU","    0","B,,S",,,,,"  182",",,S","  243","H,,S"
"TUM00017022","2019-07-23","41.45","31.8","137.0","ZONGULDAK, TU","    0","B,,S",,,,,"  184",",,S","  246","H,,S"
"TUM00017022","2019-07-24","41.45","31.8","137.0","ZONGULDAK, TU","   99","B,,S",,,,,,,"  224","H,,S"
"TUM00017022","2019-07-25","41.45","31.8","137.0","ZONGULDAK, TU","   20","B,,S",,,,,"  182",",,S","  238","H,,S"
"TUM00017022","2019-07-26","41.45","31.8","137.0","ZONGULDAK, TU","    0","B,,S",,,,,"  188",",,S","  241","H,,S"
"TUM00017022","2019-07-27","41.45","31.8","137.0","ZONGULDAK, TU","    0","B,,S",,,,,,,"  237","H,,S"
"TUM00017022","2019-07-28","41.45","31.8","137.0","ZONGULDAK, TU","    0","B,,S",,,,,"  202",",,S","  247","H,,S"
"TUM00017022","2019-07-29","41.45","31.8","137.0","ZONGULDAK, TU","    0","B,,S",,,,,"  207",",,S","  255","H,,S"
"TUM00017022","2019-07-30","41.45","31.8","137.0","ZONGULDAK, TU","    0","B,,S",,,,,"  211",",,S","  259","H,,S"
"TUM00017022","2019-07-31","41.45","31.8","137.0","ZONGULDAK, TU","    0","B,,S",,,,,,,"  253","H,,S"
"TUM00017022","2019-08-01","41.45","31.8","137.0","ZONGULDAK, TU","    0","B,,S",,,,,"  202",",,S","  257","H,,S"
"TUM00017022","2019-08-02","41.45","31.8","137.0","ZONGULDAK, TU","   20","B,,S",,,,,"  210",",,S","  250","H,,S"
"TUM00017022","2019-08-03","41.45","31.8","137.0","ZONGULDAK, TU","    0","B,,S",,,,,"  200",",,S","  253","H,,S"
"TUM00017022","2019-08-04","41.45","31.8","137.0","ZONGULDAK, TU","   91",",,S",,,,,,,"  231","H,,S"
"TUM00017022","2019-08-05","41.45","31.8","137.0","ZONGULDAK, TU","   69",",,S",,,"  251",",,S","  180",",,S","  223","H,,S"
"TUM00017022","2019-08-06","41.45","31.8","137.0","ZONGULDAK, TU","    0",",,S",,,,,"  172",",,S","  225","H,,S"
"TUM00017022","2019-08-07","41.45","31.8","137.0","ZONGULDAK, TU","    0","B,,S",,,,,,,"  224","H,,S"
"TUM00017022","2019-08-08","41.45","31.8","137.0","ZONGULDAK, TU","    0","B,,S",,,,,"  173",",,S","  237","H,,S"
"TUM00017022","2019-08-09","41.45","31.8","137.0","ZONGULDAK, TU","    0","B,,S",,,,,"  172",",,S","  236","H,,S"
"TUM00017022","2019-08-10","41.45","31.8","137.0","ZONGULDAK, TU","    0","B,,S",,,,,,,"  234","H,,S"
"TUM00017022","2019-08-11","41.45","31.8","137.0","ZONGULDAK, TU","    0","B,,S",,,,,,,"  238","H,,S"
"TUM00017022","2019-08-12","41.45","31.8","137.0","ZONGULDAK, TU","    0","B,,S",,,,,"  189",",,S","  245","H,,S"
"TUM00017022","2019-08-13","41.45","31.8","137.0","ZONGULDAK, TU","    0","B,,S",,,,,"  172",",,S","  244","H,,S"
"TUM00017022","2019-08-14","41.45","31.8","137.0","ZONGULDAK, TU","    0","B,,S",,,,,,,"  233","H,,S"
"TUM00017022","2019-08-15","41.45","31.8","137.0","ZONGULDAK, TU","    3",",,S",,,,,"  204",",,S","  239","H,,S"
"TUM00017022","2019-08-16","41.45","31.8","137.0","ZONGULDAK, TU","    3",",,S",,,,,,,"  238","H,,S"
"TUM00017022","2019-08-17","41.45","31.8","137.0","ZONGULDAK, TU","    0",",,S",,,,,,,"  228","H,,S"
"TUM00017022","2019-08-18","41.45","31.8","137.0","ZONGULDAK, TU","   56",",,S",,,"  223",",,S",,,"  189","H,,S"
"TUM00017022","2019-08-19","41.45","31.8","137.0","ZONGULDAK, TU","  173",",,S",,,,,"  158",",,S","  213","H,,S"
"TUM00017022","2019-08-20","41.45","31.8","137.0","ZONGULDAK, TU","    0",",,S",,,,,,,"  219","H,,S"
"TUM00017022","2019-08-21","41.45","31.8","137.0","ZONGULDAK, TU","  206",",,S",,,,,,,"  213","H,,S"
"TUM00017022","2019-08-22","41.45","31.8","137.0","ZONGULDAK, TU","  993",",,S",,,,,,,"  248","H,,S"
"TUM00017022","2019-08-23","41.45","31.8","137.0","ZONGULDAK, TU","    0",",,S",,,,,,,"  259","H,,S"
"TUM00017022","2019-08-24","41.45","31.8","137.0","ZONGULDAK, TU","    0","B,,S",,,,,,,"  248","H,,S"
"TUM00017022","2019-08-25","41.45","31.8","137.0","ZONGULDAK, TU","    0","B,,S",,,,,"  209",",,S","  250","H,,S"
"TUM00017022","2019-08-26","41.45","31.8","137.0","ZONGULDAK, TU","    0","B,,S",,,,,"  200",",,S","  252","H,,S"
"TUM00017022","2019-08-27","41.45","31.8","137.0","ZONGULDAK, TU","    0","B,,S",,,,,"  199",",,S","  248","H,,S"
"TUM00017022","2019-08-28","41.45","31.8","137.0","ZONGULDAK, TU","    0","B,,S",,,,,,,"  236","H,,S"
"TUM00017022","2019-08-29","41.45","31.8","137.0","ZONGULDAK, TU","    0","B,,S",,,,,,,"  239","H,,S"
"TUM00017022","2019-08-30","41.45","31.8","137.0","ZONGULDAK, TU","    0","B,,S",,,,,"  190",",,S","  234","H,,S"
"TUM00017022","2019-08-31","41.45","31.8","137.0","ZONGULDAK, TU","    0","B,,S",,,,,,,"  217","H,,S"
"TUM00017022","2019-09-01","41.45","31.8","137.0","ZONGULDAK, TU","    0","B,,S",,,,,"  179",",,S","  233","H,,S"
"TUM00017022","2019-09-02","41.45","31.8","137.0","ZONGULDAK, TU","    0","B,,S",,,,,"  190",",,S","  239","H,,S"
"TUM00017022","2019-09-03","41.45","31.8","137.0","ZONGULDAK, TU","    0","B,,S",,,,,,,"  234","H,,S"
"TUM00017022","2019-09-04","41.45","31.8","137.0","ZONGULDAK, TU","    0","B,,S",,,,,,,"  222","H,,S"
"TUM00017022","2019-09-05","41.45","31.8","137.0","ZONGULDAK, TU","    0","B,,S",,,,,,,"  222","H,,S"
"TUM00017022","2019-09-06","41.45","31.8","137.0","ZONGULDAK, TU","    0","B,,S",,,,,,,"  215","H,,S"
"TUM00017022","2019-09-07","41.45","31.8","137.0","ZONGULDAK, TU","    0","B,,S",,,,,,,"  203","H,,S"
"TUM00017022","2019-09-08","41.45","31.8","137.0","ZONGULDAK, TU","    0","B,,S",,,,,,,"  214","H,,S"
"TUM00017022","2019-09-09","41.45","31.8","137.0","ZONGULDAK, TU","    0","B,,S",,,,,,,"  208","H,,S"
"TUM00017022","2019-09-10","41.45","31.8","137.0","ZONGULDAK, TU","    0","B,,S",,,,,"  178",",,S","  218","H,,S"
"TUM00017022","2019-09-11","41.45","31.8","137.0","ZONGULDAK, TU","    0","B,,S",,,,,,,"  213","H,,S"
"TUM00017022","2019-09-12","41.45","31.8","137.0","ZONGULDAK, TU","    0","B,,S",,,,,,,"  215","H,,S"
"TUM00017022","2019-09-13","41.45","31.8","137.0","ZONGULDAK, TU","    0","B,,S",,,,,,,"  217","H,,S"
"TUM00017022","2019-09-14","41.45","31.8","137.0","ZONGULDAK, TU","    0","B,,S",,,,,,,"  207","H,,S"
"TUM00017022","2019-09-15","41.45","31.8","137.0","ZONGULDAK, TU","    0","B,,S",,,,,,,"  205","H,,S"
"TUM00017022","2019-09-16","41.45","31.8","137.0","ZONGULDAK, TU","    0","B,,S",,,,,,,"  202","H,,S"
"TUM00017022","2019-09-17","41.45","31.8","137.0","ZONGULDAK, TU","    0","B,,S",,,,,,,"  207","H,,S"
"TUM00017022","2019-09-18","41.45","31.8","137.0","ZONGULDAK, TU","    0","B,,S",,,,,,,"  231","H,,S"
"TUM00017022","2019-09-19","41.45","31.8","137.0","ZONGULDAK, TU","    0","B,,S",,,,,,,"  207","H,,S"
"TUM00017022","2019-09-20","41.45","31.8","137.0","ZONGULDAK, TU","  239","B,,S",,,,,,,"  172","H,,S"
"TUM00017022","2019-09-21","41.45","31.8","137.0","ZONGULDAK, TU","   51","B,,S",,,,,,,"  140","H,,S"
"TUM00017022","2019-09-22","41.45","31.8","137.0","ZONGULDAK, TU","    0","B,,S",,,,,,,"  153","H,,S"
"TUM00017022","2019-09-23","41.45","31.8","137.0","ZONGULDAK, TU","    0","B,,S",,,,,,,"  176","H,,S"
"TUM00017022","2019-09-24","41.45","31.8","137.0","ZONGULDAK, TU","    3","B,,S",,,,,,,"  182","H,,S"
"TUM00017022","2019-09-25","41.45","31.8","137.0","ZONGULDAK, TU","   13",",,S",,,,,,,"  190","H,,S"
"TUM00017022","2019-09-26","41.45","31.8","137.0","ZONGULDAK, TU","    0",",,S",,,,,"  173",",,S","  204","H,,S"
"TUM00017022","2019-09-27","41.45","31.8","137.0","ZONGULDAK, TU","    0",",,S",,,"  224",",,S",,,"  192","H,,S"
"TUM00017022","2019-09-28","41.45","31.8","137.0","ZONGULDAK, TU","  127",",,S",,,,,,,"  182","H,,S"
"TUM00017022","2019-09-29","41.45","31.8","137.0","ZONGULDAK, TU","    0",",,S",,,,,,,"  187","H,,S"
"TUM00017022","2019-09-30","41.45","31.8","137.0","ZONGULDAK, TU","    0","B,,S",,,,,,,"  201","H,,S"
"TUM00017022","2019-10-01","41.45","31.8","137.0","ZONGULDAK, TU","    0","B,,S",,,,,,,"  216","H,,S"
"TUM00017022","2019-10-02","41.45","31.8","137.0","ZONGULDAK, TU",,,,,,,,,"  207","H,,S"
"TUM00017022","2019-10-03","41.45","31.8","137.0","ZONGULDAK, TU","    0","B,,S",,,,,,,"  231","H,,S"
"TUM00017022","2019-10-04","41.45","31.8","137.0","ZONGULDAK, TU","    0","B,,S",,,,,,,"  236","H,,S"
"TUM00017022","2019-10-05","41.45","31.8","137.0","ZONGULDAK, TU","    8",",,S",,,,,,,"  201","H,,S"
"TUM00017022","2019-10-06","41.45","31.8","137.0","ZONGULDAK, TU","  414",",,S",,,,,,,"  145","H,,S"
"TUM00017022","2019-10-07","41.45","31.8","137.0","ZONGULDAK, TU","  447",",,S",,,,,,,"  162","H,,S"
"TUM00017022","2019-10-08","41.45","31.8","137.0","ZONGULDAK, TU","   13",",,S",,,,,,,"  136","H,,S"
"TUM00017022","2019-10-09","41.45","31.8","137.0","ZONGULDAK, TU","  147",",,S",,,,,,,"  148","H,,S"
"TUM00017022","2019-10-10","41.45","31.8","137.0","ZONGULDAK, TU","    0",",,S",,,,,,,"  186","H,,S"
"TUM00017022","2019-10-11","41.45","31.8","137.0","ZONGULDAK, TU","   20","B,,S",,,,,,,"  187","H,,S"
"TUM00017022","2019-10-12","41.45","31.8","137.0","ZONGULDAK, TU","    0","B,,S",,,,,,,"  171","H,,S"
"TUM00017022","2019-10-13","41.45","31.8","137.0","ZONGULDAK, TU","    0","B,,S",,,,,,,"  169","H,,S"
"TUM00017022","2019-10-14","41.45","31.8","137.0","ZONGULDAK, TU","    0","B,,S",,,,,,,"  173","H,,S"
"TUM00017022","2019-10-15","41.45","31.8","137.0","ZONGULDAK, TU","    0","B,,S",,,,,,,"  178","H,,S"
"TUM00017022","2019-10-16","41.45","31.8","137.0","ZONGULDAK, TU","    0","B,,S",,,,,,,"  178","H,,S"
"TUM00017022","2019-10-17","41.45","31.8","137.0","ZONGULDAK, TU","    0","B,,S",,,,,"  152",",,S","  184","H,,S"
"TUM00017022","2019-10-18","41.45","31.8","137.0","ZONGULDAK, TU","    0","B,,S",,,,,,,"  182","H,,S"
"TUM00017022","2019-10-19","41.45","31.8","137.0","ZONGULDAK, TU","    0","B,,S",,,,,,,"  176","H,,S"
"TUM00017022","2019-10-20","41.45","31.8","137.0","ZONGULDAK, TU","    0","B,,S",,,,,,,"  175","H,,S"
"TUM00017022","2019-10-21","41.45","31.8","137.0","ZONGULDAK, TU","    0","B,,S",,,,,"  147",",,S","  172","H,,S"
"TUM00017022","2019-10-22","41.45","31.8","137.0","ZONGULDAK, TU","    0","B,,S",,,"  201",",,S","  139",",,S","  169","H,,S"
"TUM00017022","2019-10-23","41.45","31.8","137.0","ZONGULDAK, TU","    0","B,,S",,,,,,,"  159","H,,S"
"TUM00017022","2019-10-24","41.45","31.8","137.0","ZONGULDAK, TU","    0","B,,S",,,,,,,"  158","H,,S"
"TUM00017022","2019-10-25","41.45","31.8","137.0","ZONGULDAK, TU","    0","B,,S",,,,,,,"  162","H,,S"
"TUM00017022","2019-10-26","41.45","31.8","137.0","ZONGULDAK, TU","    0","B,,S",,,,,,,"  155","H,,S"
"TUM00017022","2019-10-27","41.45","31.8","137.0","ZONGULDAK, TU","    0","B,,S",,,,,,,"  158","H,,S"
"TUM00017022","2019-10-28","41.45","31.8","137.0","ZONGULDAK, TU","    0","B,,S",,,,,,,"  156","H,,S"
"TUM00017022","2019-10-29","41.45","31.8","137.0","ZONGULDAK, TU","    0","B,,S",,,,,,,"  152","H,,S"
"TUM00017022","2019-10-30","41.45","31.8","137.0","ZONGULDAK, TU","    0","B,,S",,,,,,,"  156","H,,S"
"TUM00017022","2019-10-31","41.45","31.8","137.0","ZONGULDAK, TU","    0","B,,S",,,,,,,"  153","H,,S"
"TUM00017022","2019-11-01","41.45","31.8","137.0","ZONGULDAK, TU","   15",",,S",,,,,,,"  111","H,,S"
"TUM00017022","2019-11-02","41.45","31.8","137.0","ZONGULDAK, TU","   15",",,S",,,"  138",",,S","   64",",,S","  102","H,,S"
"TUM00017022","2019-11-03","41.45","31.8","137.0","ZONGULDAK, TU","    0",",,S",,,,,,,"  138","H,,S"
"TUM00017022","2019-11-04","41.45","31.8","137.0","ZONGULDAK, TU","    0","B,,S",,,"  250",",,S",,,"  191","H,,S"
"TUM00017022","2019-11-05","41.45","31.8","137.0","ZONGULDAK, TU","    0","B,,S",,,"  225",",,S",,,"  191","H,,S"
"TUM00017022","2019-11-06","41.45","31.8","137.0","ZONGULDAK, TU","    0","B,,S",,,,,,,"  198","H,,S"
"TUM00017022","2019-11-07","41.45","31.8","137.0","ZONGULDAK, TU",,,,,,,,,"  192","H,,S"
"TUM00017022","2019-11-08","41.45","31.8","137.0","ZONGULDAK, TU","    0","B,,S",,,,,,,"  189","H,,S"
"TUM00017022","2019-11-09","41.45","31.8","137.0","ZONGULDAK, TU","    0","B,,S",,,"  231",",,S","  153",",,S","  189","H,,S"
"TUM00017022","2019-11-10","41.45","31.8","137.0","ZONGULDAK, TU","    0","B,,S",,,,,,,"  189","H,,S"
"TUM00017022","2019-11-11","41.45","31.8","137.0","ZONGULDAK, TU","    0","B,,S",,,"  243",",,S",,,"  176","H,,S"
"TUM00017022","2019-11-12","41.45","31.8","137.0","ZONGULDAK, TU","    0","B,,S",,,,,,,"  176","H,,S"
"TUM00017022","2019-11-13","41.45","31.8","137.0","ZONGULDAK, TU","    0","B,,S",,,,,"  159",",,S","  203","H,,S"
"TUM00017022","2019-11-14","41.45","31.8","137.0","ZONGULDAK, TU","    0","B,,S",,,,,,,"  178","H,,S"
"TUM00017022","2019-11-15","41.45","31.8","137.0","ZONGULDAK, TU","    0","B,,S",,,,,,,"  156","H,,S"
"TUM00017022","2019-11-16","41.45","31.8","137.0","ZONGULDAK, TU","    0","B,,S",,,"  186",",,S","  131",",,S","  156","H,,S"
"TUM00017022","2019-11-17","41.45","31.8","137.0","ZONGULDAK, TU","    0","B,,S",,,,,,,"  154","H,,S"
"TUM00017022","2019-11-18","41.45","31.8","137.0","ZONGULDAK, TU","    0","B,,S",,,,,,,"  149","H,,S"
"TUM00017022","2019-11-19","41.45","31.8","137.0","ZONGULDAK, TU","    0","B,,S",,,,,,,"  146","H,,S"
"TUM00017022","2019-11-20","41.45","31.8","137.0","ZONGULDAK, TU","    0","B,,S",,,,,,,"  133","H,,S"
"TUM00017022","2019-11-21","41.45","31.8","137.0","ZONGULDAK, TU","    0","B,,S",,,,,,,"  115","H,,S"
"TUM00017022","2019-11-22","41.45","31.8","137.0","ZONGULDAK, TU","    0","B,,S",,,,,,,"   95","H,,S"
"TUM00017022","2019-11-23","41.45","31.8","137.0","ZONGULDAK, TU","    0","B,,S",,,"  154",",,S","   86",",,S","  123","H,,S"
"TUM00017022","2019-11-24","41.45","31.8","137.0","ZONGULDAK, TU","    0","B,,S",,,"  162",",,S",,,"  116","H,,S"
"TUM00017022","2019-11-25","41.45","31.8","137.0","ZONGULDAK, TU","    0","B,,S",,,,,,,"  142","H,,S"
"TUM00017022","2019-11-26","41.45","31.8","137.0","ZONGULDAK, TU","    5",",,S",,,,,,,"  141","H,,S"
"TUM00017022","2019-11-27","41.45","31.8","137.0","ZONGULDAK, TU","  239",",,S",,,,,,,"  117","H,,S"
"TUM00017022","2019-11-28","41.45","31.8","137.0","ZONGULDAK, TU","   18",",,S",,,,,,,"  132","H,,S"
"TUM00017022","2019-11-29","41.45","31.8","137.0","ZONGULDAK, TU","    0",",,S",,,"  186",",,S",,,"  151","H,,S"
"TUM00017022","2019-11-30","41.45","31.8","137.0","ZONGULDAK, TU","   30",",,S",,,"  200",",,S",,,"  157","H,,S"
"TUM00017022","2019-12-01","41.45","31.8","137.0","ZONGULDAK, TU","  259",",,S",,,,,,,"   99","H,,S"
"TUM00017022","2019-12-02","41.45","31.8","137.0","ZONGULDAK, TU","  137",",,S",,,,,,,"   74","H,,S"
"TUM00017022","2019-12-03","41.45","31.8","137.0","ZONGULDAK, TU","    0",",,S",,,,,,,"   85","H,,S"
"TUM00017022","2019-12-04","41.45","31.8","137.0","ZONGULDAK, TU","  112",",,S",,,,,,,"   71","H,,S"
"TUM00017022","2019-12-05","41.45","31.8","137.0","ZONGULDAK, TU","   74",",,S",,,,,,,"   68","H,,S"
"TUM00017022","2019-12-06","41.45","31.8","137.0","ZONGULDAK, TU","    0",",,S",,,,,,,"   53","H,,S"
"TUM00017022","2019-12-07","41.45","31.8","137.0","ZONGULDAK, TU","    0","B,,S",,,,,,,"   52","H,,S"
"TUM00017022","2019-12-08","41.45","31.8","137.0","ZONGULDAK, TU","    0",",,S",,,"  112",",,S",,,"   79","H,,S"
"TUM00017022","2019-12-09","41.45","31.8","137.0","ZONGULDAK, TU","   30",",,S",,,,,,,"   94","H,,S"
"TUM00017022","2019-12-10","41.45","31.8","137.0","ZONGULDAK, TU","    0",",,S",,,,,,,"   82","H,,S"
"TUM00017022","2019-12-11","41.45","31.8","137.0","ZONGULDAK, TU","    0","B,,S",,,,,,,"   85","H,,S"
"TUM00017022","2019-12-12","41.45","31.8","137.0","ZONGULDAK, TU","    0","B,,S",,,,,,,"  104","H,,S"
"TUM00017022","2019-12-13","41.45","31.8","137.0","ZONGULDAK, TU","   20",",,S",,,"  155",",,S",,,"  115","H,,S"
"TUM00017022","2019-12-14","41.45","31.8","137.0","ZONGULDAK, TU","    0",",,S",,,"  185",",,S","  123",",,S","  155","H,,S"
"TUM00017022","2019-12-15","41.45","31.8","137.0","ZONGULDAK, TU","   79","B,,S",,,"  169",",,S",,,"  105","H,,S"
"TUM00017022","2019-12-16","41.45","31.8","137.0","ZONGULDAK, TU","    0","B,,S",,,,,,,"   98","H,,S"
"TUM00017022","2019-12-17","41.45","31.8","137.0","ZONGULDAK, TU","    0","B,,S",,,"  174",",,S",,,"  112","H,,S"
"TUM00017022","2019-12-18","41.45","31.8","137.0","ZONGULDAK, TU","    0","B,,S",,,,,,,"  121","H,,S"
"TUM00017022","2019-12-19","41.45","31.8","137.0","ZONGULDAK, TU","    0","B,,S",,,"  175",",,S",,,"  116","H,,S"
"TUM00017022","2019-12-20","41.45","31.8","137.0","ZONGULDAK, TU","    0","B,,S",,,"  131",",,S",,,"   86","H,,S"
"TUM00017022","2019-12-21","41.45","31.8","137.0","ZONGULDAK, TU","    0","B,,S",,,"  200",",,S",,,"  146","H,,S"
"TUM00017022","2019-12-22","41.45","31.8","137.0","ZONGULDAK, TU","    0","B,,S",,,,,,,"  171","H,,S"
"TUM00017022","2019-12-23","41.45","31.8","137.0","ZONGULDAK, TU","    3",",,S",,,"  194",",,S",,,"  168","H,,S"
"TUM00017022","2019-12-24","41.45","31.8","137.0","ZONGULDAK, TU","   25",",,S",,,,,,,"  109","H,,S"
"TUM00017022","2019-12-25","41.45","31.8","137.0","ZONGULDAK, TU","  147",",,S",,,,,,,"   93","H,,S"
"TUM00017022","2019-12-26","41.45","31.8","137.0","ZONGULDAK, TU","  434",",,S",,,"   94",",,S",,,"   84","H,,S"
"TUM00017022","2019-12-27","41.45","31.8","137.0","ZONGULDAK, TU","  389",",,S",,,,,,,"   68","H,,S"
"TUM00017022","2019-12-28","41.45","31.8","137.0","ZONGULDAK, TU","   91",",,S",,,"   75",",,S",,,"   57","H,,S"
"TUM00017022","2019-12-29","41.45","31.8","137.0","ZONGULDAK, TU","  307",",,S",,,,,"   37",",,S","   56","H,,S"
"TUM00017022","2019-12-30","41.45","31.8","137.0","ZONGULDAK, TU","   71",",,S",,,,,,,"   68","H,,S"
"TUM00017022","2019-12-31","41.45","31.8","137.0","ZONGULDAK, TU","  244",",,S",,,,,,,"   81","H,,S"
"TUM00017022","2020-01-01","41.45","31.8","137.0","ZONGULDAK, TU","   84",",,S",,,,,,,"   62","H,,S"
"TUM00017022","2020-01-02","41.45","31.8","137.0","ZONGULDAK, TU","   91",",,S",,,"   79",",,S",,,"   48","H,,S"
"TUM00017022","2020-01-03","41.45","31.8","137.0","ZONGULDAK, TU","    8",",,S",,,,,,,"   42","H,,S"
"TUM00017022","2020-01-04","41.45","31.8","137.0","ZONGULDAK, TU","    0",",,S",,,"   81",",,S","   38",",,S","   69","H,,S"
"TUM00017022","2020-01-05","41.45","31.8","137.0","ZONGULDAK, TU","   20","B,,S",,,"   94",",,S",,,"   60","H,,S"
"TUM00017022","2020-01-06","41.45","31.8","137.0","ZONGULDAK, TU","   20","B,,S",,,"   74",",,S",,,"   47","H,,S"
"TUM00017022","2020-01-07","41.45","31.8","137.0","ZONGULDAK, TU","   46",",,S",,,"   82",",,S",,,"   66","H,,S"
"TUM00017022","2020-01-08","41.45","31.8","137.0","ZONGULDAK, TU","  467",",,S",,,,,,,"   54","H,,S"
"TUM00017022","2020-01-09","41.45","31.8","137.0","ZONGULDAK, TU","  127",",,S",,,,,,,"   37","H,,S"
"TUM00017022","2020-01-10","41.45","31.8","137.0","ZONGULDAK, TU","   10",",,S",,,,,,,"   49","H,,S"
"TUM00017022","2020-01-11","41.45","31.8","137.0","ZONGULDAK, TU","    0",",,S",,,"  115",",,S","   39",",,S","   84","H,,S"
"TUM00017022","2020-01-12","41.45","31.8","137.0","ZONGULDAK, TU","   10","B,,S",,,,,,,"   69","H,,S"
"TUM00017022","2020-01-13","41.45","31.8","137.0","ZONGULDAK, TU","   38",",,S",,,,,,,"   63","H,,S"
"TUM00017022","2020-01-14","41.45","31.8","137.0","ZONGULDAK, TU","    0",",,S",,,,,,,"   49","H,,S"
"TUM00017022","2020-01-15","41.45","31.8","137.0","ZONGULDAK, TU","    0","B,,S",,,,,,,"   59","H,,S"
"TUM00017022","2020-01-16","41.45","31.8","137.0","ZONGULDAK, TU","    0","B,,S",,,,,,,"   46","H,,S"
"TUM00017022","2020-01-17","41.45","31.8","137.0","ZONGULDAK, TU","    3","B,,S",,,,,,,"   61","H,,S"
"TUM00017022","2020-01-18","41.45","31.8","137.0","ZONGULDAK, TU","   38",",,S",,,"   82",",,S",,,"   60","H,,S"
"TUM00017022","2020-01-19","41.45","31.8","137.0","ZONGULDAK, TU","   23",",,S",,,,,,,"   45","H,,S"
"TUM00017022","2020-01-20","41.45","31.8","137.0","ZONGULDAK, TU","   15",",,S",,,,,,,"   40","H,,S"
"TUM00017022","2020-01-21","41.45","31.8","137.0","ZONGULDAK, TU","   86",",,S",,,"   55",",,S",,,"   33","H,,S"
"TUM00017022","2020-01-22","41.45","31.8","137.0","ZONGULDAK, TU","   43",",,S",,,,,"   27",",,S","   61","H,,S"
"TUM00017022","2020-01-23","41.45","31.8","137.0","ZONGULDAK, TU","    0",",,S",,,,,,,"   57","H,,S"
"TUM00017022","2020-01-24","41.45","31.8","137.0","ZONGULDAK, TU","   51",",,S",,,,,,,"   39","H,,S"
"TUM00017022","2020-01-25","41.45","31.8","137.0","ZONGULDAK, TU","    0",",,S",,,"  107",",,S","   20",",,S","   73","H,,S"
"TUM00017022","2020-01-26","41.45","31.8","137.0","ZONGULDAK, TU","    0","B,,S",,,"  140",",,S",,,"   89","H,,S"
"TUM00017022","2020-01-27","41.45","31.8","137.0","ZONGULDAK, TU","    0","B,,S",,,"  148",",,S",,,"   99","H,,S"
"TUM00017022","2020-01-28","41.45","31.8","137.0","ZONGULDAK, TU","   30","B,,S",,,,,,,"   96","H,,S"
"TUM00017022","2020-01-29","41.45","31.8","137.0","ZONGULDAK, TU","    8","B,,S",,,,,,,"  112","H,,S"
"TUM00017022","2020-01-30","41.45","31.8","137.0","ZONGULDAK, TU","  107",",,S",,,,,,,"   72","H,,S"
"TUM00017022","2020-01-31","41.45","31.8","137.0","ZONGULDAK, TU","  132",",,S",,,,,,,"   64","H,,S"
"TUM00017022","2020-02-01","41.45","31.8","137.0","ZONGULDAK, TU","   13",",,S",,,,,"   65",",,S","  104","H,,S"
"TUM00017022","2020-02-02","41.45","31.8","137.0","ZONGULDAK, TU","    0",",,S",,,,,,,"  146","H,,S"
"TUM00017022","2020-02-03","41.45","31.8","137.0","ZONGULDAK, TU",,,,,,,,,"  151","H,,S"
"TUM00017022","2020-02-04","41.45","31.8","137.0","ZONGULDAK, TU","  175",",,S",,,,,,,"  119","H,,S"
"TUM00017022","2020-02-05","41.45","31.8","137.0","ZONGULDAK, TU","    0",",,S",,,,,,,"  162","H,,S"
"TUM00017022","2020-02-06","41.45","31.8","137.0","ZONGULDAK, TU","  124",",,S",,,,,,,"   80","H,,S"
"TUM00017022","2020-02-07","41.45","31.8","137.0","ZONGULDAK, TU","  155",",,S",,,,,,,"   36","H,,S"
"TUM00017022","2020-02-08","41.45","31.8","137.0","ZONGULDAK, TU","   69",",,S","   20",",,S","   13",",,S",,,"    0","H,,S"
"TUM00017022","2020-02-09","41.45","31.8","137.0","ZONGULDAK, TU","   18",",,S","   10",",,S","   28",",,S",,,"    8","H,,S"
"TUM00017022","2020-02-10","41.45","31.8","137.0","ZONGULDAK, TU","   43",",,S",,,,,,,"   32","H,,S"
"TUM00017022","2020-02-11","41.45","31.8","137.0","ZONGULDAK, TU","    3",",,S",,,,,,,"   87","H,,S"
"TUM00017022","2020-02-12","41.45","31.8","137.0","ZONGULDAK, TU","  231",",,S",,,,,,,"   76","H,,S"
"TUM00017022","2020-02-13","41.45","31.8","137.0","ZONGULDAK, TU","    0",",,S",,,,,,,"   73","H,,S"
"TUM00017022","2020-02-14","41.45","31.8","137.0","ZONGULDAK, TU","    0","B,,S",,,,,,,"   92","H,,S"
"TUM00017022","2020-02-15","41.45","31.8","137.0","ZONGULDAK, TU","   20",",,S",,,,,"   75",",,S","   87","H,,S"
"TUM00017022","2020-02-16","41.45","31.8","137.0","ZONGULDAK, TU","    3",",,S",,,,,,,"   77","H,,S"
"TUM00017022","2020-02-17","41.45","31.8","137.0","ZONGULDAK, TU","    0",",,S",,,,,,,"   54","H,,S"
"TUM00017022","2020-02-18","41.45","31.8","137.0","ZONGULDAK, TU","    0","B,,S",,,,,,,"   77","H,,S"
"TUM00017022","2020-02-19","41.45","31.8","137.0","ZONGULDAK, TU","    0","B,,S",,,,,,,"   79","H,,S"
"TUM00017022","2020-02-20","41.45","31.8","137.0","ZONGULDAK, TU","    5","B,,S",,,,,,,"   77","H,,S"
"TUM00017022","2020-02-21","41.45","31.8","137.0","ZONGULDAK, TU","   61",",,S",,,,,,,"   69","H,,S"
"TUM00017022","2020-02-22","41.45","31.8","137.0","ZONGULDAK, TU","  198",",,S",,,"   66",",,S",,,"   56","H,,S"
"TUM00017022","2020-02-23","41.45","31.8","137.0","ZONGULDAK, TU","   23",",,S",,,,,"   33",",,S","   59","H,,S"
"TUM00017022","2020-02-24","41.45","31.8","137.0","ZONGULDAK, TU","    0",",,S",,,,,"   37",",,S","  101","H,,S"
"TUM00017022","2020-02-25","41.45","31.8","137.0","ZONGULDAK, TU","   74",",,S",,,,,,,"   80","H,,S"
"TUM00017022","2020-02-26","41.45","31.8","137.0","ZONGULDAK, TU","    0",",,S",,,,,,,"  152","H,,S"
"TUM00017022","2020-02-27","41.45","31.8","137.0","ZONGULDAK, TU","    0","B,,S",,,"  218",",,S",,,"  157","H,,S"
"TUM00017022","2020-02-28","41.45","31.8","137.0","ZONGULDAK, TU","  188",",,S",,,,,"   67",",,S","   91","H,,S"
"TUM00017022","2020-02-29","41.45","31.8","137.0","ZONGULDAK, TU","    0",",,S",,,"   98",",,S",,,"   79","H,,S"
"TUM00017022","2020-03-01","41.45","31.8","137.0","ZONGULDAK, TU","    5",",,S",,,,,,,"   77","H,,S"
"TUM00017022","2020-03-02","41.45","31.8","137.0","ZONGULDAK, TU","    0",",,S",,,,,,,"  125","H,,S"
"TUM00017022","2020-03-03","41.45","31.8","137.0","ZONGULDAK, TU","    0","B,,S",,,,,,,"  174","H,,S"
"TUM00017022","2020-03-04","41.45","31.8","137.0","ZONGULDAK, TU","    0","B,,S",,,,,,,"  189","H,,S"
"TUM00017022","2020-03-05","41.45","31.8","137.0","ZONGULDAK, TU","    0","B,,S",,,"  205",",,S",,,"  162","H,,S"
"TUM00017022","2020-03-06","41.45","31.8","137.0","ZONGULDAK, TU",,,,,,,,,"  114","H,,S"
"TUM00017022","2020-03-07","41.45","31.8","137.0","ZONGULDAK, TU","    0","B,,S",,,,,"  104",",,S","  161","H,,S"
"TUM00017022","2020-03-08","41.45","31.8","137.0","ZONGULDAK, TU","    0","B,,S",,,,,,,"  191","H,,S"
"TUM00017022","2020-03-09","41.45","31.8","137.0","ZONGULDAK, TU","    0","B,,S",,,,,,,"  166","H,,S"
"TUM00017022","2020-03-10","41.45","31.8","137.0","ZONGULDAK, TU","   51","B,,S",,,,,,,"  144","H,,S"
"TUM00017022","2020-03-11","41.45","31.8","137.0","ZONGULDAK, TU","   10","B,,S",,,,,,,"  131","H,,S"
"TUM00017022","2020-03-12","41.45","31.8","137.0","ZONGULDAK, TU","    0","B,,S",,,,,,,"  120","H,,S"
"TUM00017022","2020-03-13","41.45","31.8","137.0","ZONGULDAK, TU",,,,,,,"   72",",,S","   88","H,,S"
"TUM00017022","2020-03-14","41.45","31.8","137.0","ZONGULDAK, TU",,,,,"  105",",,S",,,"   86","H,,S"
"TUM00017022","2020-03-15","41.45","31.8","137.0","ZONGULDAK, TU","  109","B,,S",,,,,,,"   74","H,,S"
"TUM00017022","2020-03-16","41.45","31.8","137.0","ZONGULDAK, TU","   61","B,,S",,,,,,,"   59","H,,S"
"TUM00017022","2020-03-17","41.45","31.8","137.0","ZONGULDAK, TU","    0","B,,S",,,,,,,"   44","H,,S"
"TUM00017022","2020-03-18","41.45","31.8","137.0","ZONGULDAK, TU","   41","B,,S",,,,,,,"   33","H,,S"
"TUM00017022","2020-03-19","41.45","31.8","137.0","ZONGULDAK, TU","   91",",,S",,,"   62",",,S",,,"   48","H,,S"
"TUM00017022","2020-03-20","41.45","31.8","137.0","ZONGULDAK, TU","  130",",,S",,,,,"   33",",,S","   59","H,,S"
"TUM00017022","2020-03-21","41.45","31.8","137.0","ZONGULDAK, TU","   13",",,S",,,,,"   33",",,S","   80","H,,S"
"TUM00017022","2020-03-22","41.45","31.8","137.0","ZONGULDAK, TU","    0",",,S",,,,,,,"  132","H,,S"
"TUM00017022","2020-03-23","41.45","31.8","137.0","ZONGULDAK, TU","    0","B,,S",,,,,"   81",",,S","   97","H,,S"
"TUM00017022","2020-03-24","41.45","31.8","137.0","ZONGULDAK, TU","    3",",,S",,,,,,,"   81","H,,S"
"TUM00017022","2020-03-25","41.45","31.8","137.0","ZONGULDAK, TU","   10",",,S",,,,,"   60",",,S","   81","H,,S"
"TUM00017022","2020-03-26","41.45","31.8","137.0","ZONGULDAK, TU","    0",",,S",,,,,"   68",",,S","   99","H,,S"
"TUM00017022","2020-03-27","41.45","31.8","137.0","ZONGULDAK, TU","    3","B,,S",,,,,,,"   94","H,,S"
"TUM00017022","2020-03-28","41.45","31.8","137.0","ZONGULDAK, TU","   10",",,S",,,"   83",",,S",,,"   78","H,,S"
"TUM00017022","2020-03-29","41.45","31.8","137.0","ZONGULDAK, TU","    5",",,S",,,,,"   70",",,S","   96","H,,S"
"TUM00017022","2020-03-30","41.45","31.8","137.0","ZONGULDAK, TU","   23",",,S",,,"  146",",,S","   76",",,S","  118","H,,S"
"TUM00017022","2020-03-31","41.45","31.8","137.0","ZONGULDAK, TU","    0",",,S",,,"  147",",,S",,,"   99","H,,S"
"TUM00017022","2020-04-01","41.45","31.8","137.0","ZONGULDAK, TU","   51",",,S",,,"   85",",,S","   69",",,S","   76","H,,S"
"TUM00017022","2020-04-02","41.45","31.8","137.0","ZONGULDAK, TU","   10",",,S",,,"  108",",,S","   66",",,S","   85","H,,S"
"TUM00017022","2020-04-03","41.45","31.8","137.0","ZONGULDAK, TU","   48",",,S",,,,,,,"   75","H,,S"
"TUM00017022","2020-04-04","41.45","31.8","137.0","ZONGULDAK, TU","   61",",,S",,,"  136",",,S","   53",",,S","  100","H,,S"
"TUM00017022","2020-04-05","41.45","31.8","137.0","ZONGULDAK, TU","   38",",,S",,,"  116",",,S","   90",",,S","  100","H,,S"
"TUM00017022","2020-04-06","41.45","31.8","137.0","ZONGULDAK, TU","   56",",,S",,,"  128",",,S",,,"   94","H,,S"
"TUM00017022","2020-04-07","41.45","31.8","137.0","ZONGULDAK, TU","    0",",,S",,,"  104",",,S","   46",",,S","   82","H,,S"
"TUM00017022","2020-04-08","41.45","31.8","137.0","ZONGULDAK, TU","    0","B,,S",,,"   98",",,S","   50",",,S","   81","H,,S"
"TUM00017022","2020-04-09","41.45","31.8","137.0","ZONGULDAK, TU","    0","B,,S",,,"  110",",,S",,,"   77","H,,S"
"TUM00017022","2020-04-10","41.45","31.8","137.0","ZONGULDAK, TU","    0","B,,S",,,"  108",",,S","   33",",,S","   73","H,,S"
"TUM00017022","2020-04-11","41.45","31.8","137.0","ZONGULDAK, TU","    0","B,,S",,,"  144",",,S","   68",",,S","  103","H,,S"
"TUM00017022","2020-04-12","41.45","31.8","137.0","ZONGULDAK, TU","    0","B,,S",,,"  118",",,S","   50",",,S","   86","H,,S"
"TUM00017022","2020-04-13","41.45","31.8","137.0","ZONGULDAK, TU","    0","B,,S",,,"  133",",,S","   53",",,S","   98","H,,S"
"TUM00017022","2020-04-14","41.45","31.8","137.0","ZONGULDAK, TU","    0","B,,S",,,,,,,"  179","H,,S"
"TUM00017022","2020-04-15","41.45","31.8","137.0","ZONGULDAK, TU","   23",",,S",,,,,,,"   99","H,,S"
"TUM00017022","2020-04-16","41.45","31.8","137.0","ZONGULDAK, TU","   53",",,S",,,"  109",",,S","   58",",,S","   83","H,,S"
"TUM00017022","2020-04-17","41.45","31.8","137.0","ZONGULDAK, TU","    0",",,S",,,"  172",",,S","   53",",,S","  111","H,,S"
"TUM00017022","2020-04-18","41.45","31.8","137.0","ZONGULDAK, TU","    0","B,,S",,,"  200",",,S","  112",",,S","  162","H,,S"
"TUM00017022","2020-04-19","41.45","31.8","137.0","ZONGULDAK, TU","    0","B,,S",,,"  225",",,S","  126",",,S","  181","H,,S"
"TUM00017022","2020-04-20","41.45","31.8","137.0","ZONGULDAK, TU","    0","B,,S",,,"  225",",,S",,,"  152","H,,S"
"TUM00017022","2020-04-21","41.45","31.8","137.0","ZONGULDAK, TU","    0",",,S",,,"  112",",,S","   91",",,S","   99","H,,S"
"TUM00017022","2020-04-22","41.45","31.8","137.0","ZONGULDAK, TU","   18",",,S",,,"  119",",,S","   88",",,S","   97","H,,S"
"TUM00017022","2020-04-23","41.45","31.8","137.0","ZONGULDAK, TU","    0",",,S",,,"  115",",,S","   58",",,S","   90","H,,S"
"TUM00017022","2020-04-24","41.45","31.8","137.0","ZONGULDAK, TU","    0","B,,S",,,"  121",",,S","   54",",,S","   89","H,,S"
"TUM00017022","2020-04-25","41.45","31.8","137.0","ZONGULDAK, TU","    0","B,,S",,,"  112",",,S","   52",",,S","   85","H,,S"
"TUM00017022","2020-04-26","41.45","31.8","137.0","ZONGULDAK, TU","    0","B,,S",,,"  208",",,S","   73",",,S","  145","H,,S"
"TUM00017022","2020-04-27","41.45","31.8","137.0","ZONGULDAK, TU","    0","B,,S",,,"  164",",,S",,,"  117","H,,S"
"TUM00017022","2020-04-28","41.45","31.8","137.0","ZONGULDAK, TU","    0","B,,S",,,"  143",",,S","   84",",,S","  107","H,,S"
"TUM00017022","2020-04-29","41.45","31.8","137.0","ZONGULDAK, TU","    0","B,,S",,,"  205",",,S","   87",",,S","  160","H,,S"
"TUM00017022","2020-04-30","41.45","31.8","137.0","ZONGULDAK, TU","    0","B,,S",,,"  225",",,S","  149",",,S","  182","H,,S"
"TUM00017022","2020-05-01","41.45","31.8","137.0","ZONGULDAK, TU","    0","B,,S",,,"  209",",,S",,,"  179","H,,S"
"TUM00017022","2020-05-02","41.45","31.8","137.0","ZONGULDAK, TU","    0","B,,S",,,"  226",",,S","  141",",,S","  184","H,,S"
"TUM00017022","2020-05-03","41.45","31.8","137.0","ZONGULDAK, TU","    3","B,,S",,,"  176",",,S","  138",",,S","  159","H,,S"
"TUM00017022","2020-05-04","41.45","31.8","137.0","ZONGULDAK, TU","   38",",,S",,,"  151",",,S",,,"  139","H,,S"
"TUM00017022","2020-05-05","41.45","31.8","137.0","ZONGULDAK, TU","   43",",,S",,,"  140",",,S","  124",",,S","  128","H,,S"
"TUM00017022","2020-05-06","41.45","31.8","137.0","ZONGULDAK, TU","   25",",,S",,,"  207",",,S","  108",",,S","  162","H,,S"
"TUM00017022","2020-05-07","41.45","31.8","137.0","ZONGULDAK, TU","  119",",,S",,,"  139",",,S",,,"  113","H,,S"
"TUM00017022","2020-05-08","41.45","31.8","137.0","ZONGULDAK, TU","   28",",,S",,,"  158",",,S","   89",",,S","  122","H,,S"
"TUM00017022","2020-05-09","41.45","31.8","137.0","ZONGULDAK, TU","    0",",,S",,,"  162",",,S","   76",",,S","  128","H,,S"
"TUM00017022","2020-05-10","41.45","31.8","137.0","ZONGULDAK, TU","    0","B,,S",,,"  186",",,S","  104",",,S","  153","H,,S"
"TUM00017022","2020-05-11","41.45","31.8","137.0","ZONGULDAK, TU","    0","B,,S",,,"  258",",,S","  144",",,S","  206","H,,S"
"TUM00017022","2020-05-12","41.45","31.8","137.0","ZONGULDAK, TU","    0","B,,S",,,"  309",",,S","  189",",,S","  259","H,,S"
"TUM00017022","2020-05-13","41.45","31.8","137.0","ZONGULDAK, TU","    0","B,,S",,,,,,,"  171","H,,S"
"TUM00017022","2020-05-14","41.45","31.8","137.0","ZONGULDAK, TU","    0","B,,S",,,"  237",",,S","  120",",,S","  171","H,,S"
"TUM00017022","2020-05-15","41.45","31.8","137.0","ZONGULDAK, TU","    0","B,,S",,,"  345",",,S","  207",",,S","  279","H,,S"
"TUM00017022","2020-05-16","41.45","31.8","137.0","ZONGULDAK, TU","    0","B,,S",,,,,,,"  228","H,,S"
"TUM00017022","2020-05-17","41.45","31.8","137.0","ZONGULDAK, TU","    0","B,,S",,,"  279",",,S","  143",",,S","  217","H,,S"
"TUM00017022","2020-05-18","41.45","31.8","137.0","ZONGULDAK, TU","    0","B,,S",,,"  213",",,S",,,"  188","H,,S"
"TUM00017022","2020-05-19","41.45","31.8","137.0","ZONGULDAK, TU","    0","B,,S",,,"  239",",,S","  146",",,S","  191","H,,S"
"TUM00017022","2020-05-20","41.45","31.8","137.0","ZONGULDAK, TU","    0","B,,S",,,"  273",",,S",,,"  229","H,,S"
"TUM00017022","2020-05-21","41.45","31.8","137.0","ZONGULDAK, TU","   10","B,,S",,,,,,,"  184","H,,S"
"TUM00017022","2020-05-22","41.45","31.8","137.0","ZONGULDAK, TU","  102",",,S",,,,,,,"  116","H,,S"
"TUM00017022","2020-05-23","41.45","31.8","137.0","ZONGULDAK, TU","  152",",,S",,,"  147",",,S",,,"  109","H,,S"
"TUM00017022","2020-05-24","41.45","31.8","137.0","ZONGULDAK, TU","   15",",,S",,,"  153",",,S","   78",",,S","  120","H,,S"
"TUM00017022","2020-05-25","41.45","31.8","137.0","ZONGULDAK, TU","    0",",,S",,,"  177",",,S","  106",",,S","  141","H,,S"
"TUM00017022","2020-05-26","41.45","31.8","137.0","ZONGULDAK, TU","    5",",,S",,,"  157",",,S","  124",",,S","  136","H,,S"
"TUM00017022","2020-05-27","41.45","31.8","137.0","ZONGULDAK, TU","    8",",,S",,,"  155",",,S","  121",",,S","  136","H,,S"
"TUM00017022","2020-05-28","41.45","31.8","137.0","ZONGULDAK, TU","   46",",,S",,,"  164",",,S","  121",",,S","  141","H,,S"
"TUM00017022","2020-05-29","41.45","31.8","137.0","ZONGULDAK, TU","    0",",,S",,,"  174",",,S","  112",",,S","  136","H,,S"
"TUM00017022","2020-05-30","41.45","31.8","137.0","ZONGULDAK, TU","  333",",,S",,,,,"  124",",,S","  187","H,,S"
"TUM00017022","2020-05-31","41.45","31.8","137.0","ZONGULDAK, TU","    5",",,S",,,"  221",",,S","  150",",,S","  183","H,,S"
"TUM00017022","2020-06-01","41.45","31.8","137.0","ZONGULDAK, TU","    3",",,S",,,"  210",",,S","  146",",,S","  176","H,,S"
"TUM00017022","2020-06-02","41.45","31.8","137.0","ZONGULDAK, TU","  109",",,S",,,"  172",",,S",,,"  147","H,,S"
"TUM00017022","2020-06-03","41.45","31.8","137.0","ZONGULDAK, TU","  239",",,S",,,"  195",",,S","  116",",,S","  156","H,,S"
