"STATION","DATE","LATITUDE","LONGITUDE","ELEVATION","NAME","PRCP","PRCP_ATTRIBUTES","SNOW","SNOW_ATTRIBUTES","SNWD","SNWD_ATTRIBUTES","TMAX","TMAX_ATTRIBUTES","TMIN","TMIN_ATTRIBUTES","DAPR","DAPR_ATTRIBUTES","MDPR","MDPR_ATTRIBUTES","TOBS","TOBS_ATTRIBUTES","SN32","SN32_ATTRIBUTES","SX32","SX32_ATTRIBUTES"
"USC00349428","2018-06-02","35.5083","-98.7751","538.0","WEATHERFORD 4 WSW MESONET, OK US","    0",",,7,2400",,,,,"  333",",,7","  200",",,7",,,,,,,"  272",",,7","  356",",,7"
"USC00349428","2018-06-03","35.5083","-98.7751","538.0","WEATHERFORD 4 WSW MESONET, OK US","    0",",,7,2400",,,,,"  311",",,7","  144",",,7",,,,,,,"  228",",,7","  356",",,7"
"USC00349428","2018-06-04","35.5083","-98.7751","538.0","WEATHERFORD 4 WSW MESONET, OK US","    0",",,7,2400",,,,,"  311",",,7","  178",",,7",,,,,,,"  233",",,7","  344",",,7"
"USC00349428","2018-06-05","35.5083","-98.7751","538.0","WEATHERFORD 4 WSW MESONET, OK US","    0",",,7,2400",,,,,"  356",",,7","  194",",,7",,,,,,,"  250",",,7","  378",",,7"
"USC00349428","2018-06-06","35.5083","-98.7751","538.0","WEATHERFORD 4 WSW MESONET, OK US","    0",",,7,2400",,,,,"  361",",,7","  217",",,7",,,,,,,"  261",",,7","  378",",,7"
"USC00349428","2018-06-07","35.5083","-98.7751","538.0","WEATHERFORD 4 WSW MESONET, OK US","    0",",,7,2400",,,,,"  283",",,7","  206",",,7",,,,,,,"  272",",,7","  328",",,7"
"USC00349428","2018-06-08","35.5083","-98.7751","538.0","WEATHERFORD 4 WSW MESONET, OK US","    0",",,7,2400",,,,,"  328",",,7","  200",",,7",,,,,,,"  244",",,7","  333",",,7"
"USC00349428","2018-06-09","35.5083","-98.7751","538.0","WEATHERFORD 4 WSW MESONET, OK US","    0",",,7,2400",,,,,"  372",",,7","  217",",,7",,,,,,,"  250",",,7","  361",",,7"
"USC00349428","2018-06-10","35.5083","-98.7751","538.0","WEATHERFORD 4 WSW MESONET, OK US","    0",",,7,2400",,,,,"  378",",,7","  228",",,7",,,,,,,"  267",",,7","  361",",,7"
"USC00349428","2018-06-11","35.5083","-98.7751","538.0","WEATHERFORD 4 WSW MESONET, OK US","    0",",,7,2400",,,,,"  378",",,7","  222",",,7",,,,,,,"  267",",,7","  372",",,7"
"USC00349428","2018-06-12","35.5083","-98.7751","538.0","WEATHERFORD 4 WSW MESONET, OK US","    0",",,7,2400",,,,,"  317",",,7","  233",",,7",,,,,,,"  278",",,7","  344",",,7"
"USC00349428","2018-06-13","35.5083","-98.7751","538.0","WEATHERFORD 4 WSW MESONET, OK US","    3",",,7,2400",,,,,"  372",",,7","  200",",,7",,,,,,,"  256",",,7","  378",",,7"
"USC00349428","2018-06-14","35.5083","-98.7751","538.0","WEATHERFORD 4 WSW MESONET, OK US","    0",",,7,2400",,,,,"  367",",,7","  244",",,7",,,,,,,"  272",",,7","  350",",,7"
"USC00349428","2018-06-15","35.5083","-98.7751","538.0","WEATHERFORD 4 WSW MESONET, OK US","    0",",,7,2400",,,,,"  367",",,7","  239",",,7",,,,,,,"  272",",,7","  367",",,7"
"USC00349428","2018-06-16","35.5083","-98.7751","538.0","WEATHERFORD 4 WSW MESONET, OK US","    0",",,7,2400",,,,,"  356",",,7","  228",",,7",,,,,,,"  272",",,7","  367",",,7"
"USC00349428","2018-06-17","35.5083","-98.7751","538.0","WEATHERFORD 4 WSW MESONET, OK US","    0",",,7,2400",,,,,"  350",",,7","  233",",,7",,,,,,,"  272",",,7","  367",",,7"
"USC00349428","2018-06-18","35.5083","-98.7751","538.0","WEATHERFORD 4 WSW MESONET, OK US","    0",",,7,2400",,,,,"  350",",,7","  228",",,7",,,,,,,"  272",",,7","  367",",,7"
"USC00349428","2018-06-19","35.5083","-98.7751","538.0","WEATHERFORD 4 WSW MESONET, OK US","    0",",,7,2400",,,,,"  328",",,7","  217",",,7",,,,,,,"  272",",,7","  339",",,7"
"USC00349428","2018-06-20","35.5083","-98.7751","538.0","WEATHERFORD 4 WSW MESONET, OK US","    5",",,7,2400",,,,,"  317",",,7","  183",",,7",,,,,,,"  250",",,7","  344",",,7"
"USC00349428","2018-06-21","35.5083","-98.7751","538.0","WEATHERFORD 4 WSW MESONET, OK US","    0",",,7,2400",,,,,"  350",",,7","  206",",,7",,,,,,,"  250",",,7","  367",",,7"
"USC00349428","2018-06-22","35.5083","-98.7751","538.0","WEATHERFORD 4 WSW MESONET, OK US","  170",",,7,2400",,,,,"  361",",,7","  183",",,7",,,,,,,"  250",",,7","  344",",,7"
"USC00349428","2018-06-23","35.5083","-98.7751","538.0","WEATHERFORD 4 WSW MESONET, OK US","   10",",,7,2400",,,,,"  328",",,7","  183",",,7",,,,,,,"  222",",,7","  350",",,7"
"USC00349428","2018-06-24","35.5083","-98.7751","538.0","WEATHERFORD 4 WSW MESONET, OK US","  221",",,7,2400",,,,,"  267",",,7","  178",",,7",,,,,,,"  222",",,7","  283",",,7"
"USC00349428","2018-06-25","35.5083","-98.7751","538.0","WEATHERFORD 4 WSW MESONET, OK US","  188",",,7,2400",,,,,"  289",",,7","  167",",,7",,,,,,,"  194",",,7","  272",",,7"
"USC00349428","2018-06-26","35.5083","-98.7751","538.0","WEATHERFORD 4 WSW MESONET, OK US","    0",",,7,2400",,,,,"  356",",,7","  228",",,7",,,,,,,"  222",",,7","  339",",,7"
"USC00349428","2018-06-27","35.5083","-98.7751","538.0","WEATHERFORD 4 WSW MESONET, OK US","    0",",,7,2400",,,,,"  383",",,7","  239",",,7",,,,,,,"  233",",,7","  378",",,7"
"USC00349428","2018-06-28","35.5083","-98.7751","538.0","WEATHERFORD 4 WSW MESONET, OK US","    0",",,7,2400",,,,,"  383",",,7","  239",",,7",,,,,,,"  250",",,7","  389",",,7"
"USC00349428","2018-06-29","35.5083","-98.7751","538.0","WEATHERFORD 4 WSW MESONET, OK US","    0",",,7,2400",,,,,"  372",",,7","  244",",,7",,,,,,,"  261",",,7","  383",",,7"
"USC00349428","2018-06-30","35.5083","-98.7751","538.0","WEATHERFORD 4 WSW MESONET, OK US","    5",",,7,2400",,,,,"  356",",,7","  222",",,7",,,,,,,"  267",",,7","  367",",,7"
"USC00349428","2018-07-01","35.5083","-98.7751","538.0","WEATHERFORD 4 WSW MESONET, OK US","   13",",,7,2400",,,,,"  322",",,7","  222",",,7",,,,,,,"  250",",,7","  361",",,7"
"USC00349428","2018-07-02","35.5083","-98.7751","538.0","WEATHERFORD 4 WSW MESONET, OK US","    0",",,7,2400",,,,,"  367",",,7","  222",",,7",,,,,,,"  256",",,7","  394",",,7"
"USC00349428","2018-07-03","35.5083","-98.7751","538.0","WEATHERFORD 4 WSW MESONET, OK US","    0",",,7,2400",,,,,"  389",",,7","  222",",,7",,,,,,,"  272",",,7","  400",",,7"
"USC00349428","2018-07-04","35.5083","-98.7751","538.0","WEATHERFORD 4 WSW MESONET, OK US","    0",",,7,2400",,,,,"  356",",,7","  222",",,7",,,,,,,"  272",",,7","  394",",,7"
"USC00349428","2018-07-05","35.5083","-98.7751","538.0","WEATHERFORD 4 WSW MESONET, OK US","    3",",,7,2400",,,,,"  328",",,7","  222",",,7",,,,,,,"  272",",,7","  367",",,7"
"USC00349428","2018-07-06","35.5083","-98.7751","538.0","WEATHERFORD 4 WSW MESONET, OK US","    0",",,7,2400",,,,,"  356",",,7","  233",",,7",,,,,,,"  272",",,7","  378",",,7"
"USC00349428","2018-07-07","35.5083","-98.7751","538.0","WEATHERFORD 4 WSW MESONET, OK US","    0",",,7,2400",,,,,"  328",",,7","  211",",,7",,,,,,,"  267",",,7","  367",",,7"
"USC00349428","2018-07-08","35.5083","-98.7751","538.0","WEATHERFORD 4 WSW MESONET, OK US","    0",",,7,2400",,,,,"  344",",,7","  211",",,7",,,,,,,"  261",",,7","  389",",,7"
"USC00349428","2018-07-09","35.5083","-98.7751","538.0","WEATHERFORD 4 WSW MESONET, OK US","    0",",,7,2400",,,,,"  344",",,7","  222",",,7",,,,,,,"  272",",,7","  389",",,7"
"USC00349428","2018-07-10","35.5083","-98.7751","538.0","WEATHERFORD 4 WSW MESONET, OK US","    0",",,7,2400",,,,,"  350",",,7","  222",",,7",,,,,,,"  278",",,7","  400",",,7"
"USC00349428","2018-07-11","35.5083","-98.7751","538.0","WEATHERFORD 4 WSW MESONET, OK US","    0",",,7,2400",,,,,"  361",",,7","  222",",,7",,,,,,,"  278",",,7","  394",",,7"
"USC00349428","2018-07-12","35.5083","-98.7751","538.0","WEATHERFORD 4 WSW MESONET, OK US","    0",",,7,2400",,,,,"  372",",,7","  239",",,7",,,,,,,"  289",",,7","  394",",,7"
"USC00349428","2018-07-13","35.5083","-98.7751","538.0","WEATHERFORD 4 WSW MESONET, OK US","    0",",,7,2400",,,,,"  361",",,7","  217",",,7",,,,,,,"  278",",,7","  400",",,7"
"USC00349428","2018-07-14","35.5083","-98.7751","538.0","WEATHERFORD 4 WSW MESONET, OK US","    0",",,7,2400",,,,,"  356",",,7","  244",",,7",,,,,,,"  289",",,7","  367",",,7"
"USC00349428","2018-07-15","35.5083","-98.7751","538.0","WEATHERFORD 4 WSW MESONET, OK US","    0",",,7,2400",,,,,"  367",",,7","  250",",,7",,,,,,,"  283",",,7","  383",",,7"
"USC00349428","2018-07-16","35.5083","-98.7751","538.0","WEATHERFORD 4 WSW MESONET, OK US","   15",",,7,2400",,,,,"  383",",,7","  244",",,7",,,,,,,"  283",",,7","  394",",,7"
"USC00349428","2018-07-17","35.5083","-98.7751","538.0","WEATHERFORD 4 WSW MESONET, OK US","    0",",,7,2400",,,,,"  383",",,7","  244",",,7",,,,,,,"  278",",,7","  389",",,7"
"USC00349428","2018-07-18","35.5083","-98.7751","538.0","WEATHERFORD 4 WSW MESONET, OK US","    5",",,7,2400",,,,,"  339",",,7","  228",",,7",,,,,,,"  283",",,7","  344",",,7"
"USC00349428","2018-07-19","35.5083","-98.7751","538.0","WEATHERFORD 4 WSW MESONET, OK US","    0",",,7,2400",,,,,"  433",",,7","  222",",,7",,,,,,,"  267",",,7","  400",",,7"
"USC00349428","2018-07-20","35.5083","-98.7751","538.0","WEATHERFORD 4 WSW MESONET, OK US","    0",",,7,2400",,,,,"  439",",,7","  272",",,7",,,,,,,"  294",",,7","  406",",,7"
"USC00349428","2018-07-21","35.5083","-98.7751","538.0","WEATHERFORD 4 WSW MESONET, OK US","    0",",,7,2400",,,,,"  400",",,7","  267",",,7",,,,,,,"  300",",,7","  411",",,7"
"USC00349428","2018-07-22","35.5083","-98.7751","538.0","WEATHERFORD 4 WSW MESONET, OK US","    0",",,7,2400",,,,,"  406",",,7","  233",",,7",,,,,,,"  300",",,7","  406",",,7"
"USC00349428","2018-07-23","35.5083","-98.7751","538.0","WEATHERFORD 4 WSW MESONET, OK US","    0",",,7,2400",,,,,"  339",",,7","  228",",,7",,,,,,,"  294",",,7","  350",",,7"
"USC00349428","2018-07-24","35.5083","-98.7751","538.0","WEATHERFORD 4 WSW MESONET, OK US","    0",",,7,2400",,,,,"  350",",,7","  217",",,7",,,,,,,"  272",",,7","  383",",,7"
"USC00349428","2018-07-25","35.5083","-98.7751","538.0","WEATHERFORD 4 WSW MESONET, OK US","    0",",,7,2400",,,,,"  372",",,7","  222",",,7",,,,,,,"  272",",,7","  389",",,7"
"USC00349428","2018-07-26","35.5083","-98.7751","538.0","WEATHERFORD 4 WSW MESONET, OK US","    3",",,7,2400",,,,,"  322",",,7","  228",",,7",,,,,,,"  283",",,7","  356",",,7"
"USC00349428","2018-07-27","35.5083","-98.7751","538.0","WEATHERFORD 4 WSW MESONET, OK US","    0",",,7,2400",,,,,"  328",",,7","  211",",,7",,,,,,,"  272",",,7","  367",",,7"
"USC00349428","2018-07-28","35.5083","-98.7751","538.0","WEATHERFORD 4 WSW MESONET, OK US","    0",",,7,2400",,,,,"  361",",,7","  200",",,7",,,,,,,"  278",",,7","  389",",,7"
"USC00349428","2018-07-29","35.5083","-98.7751","538.0","WEATHERFORD 4 WSW MESONET, OK US","   48",",,7,2400",,,,,"  356",",,7","  206",",,7",,,,,,,"  278",",,7","  389",",,7"
"USC00349428","2018-07-30","35.5083","-98.7751","538.0","WEATHERFORD 4 WSW MESONET, OK US","  338",",,7,2400",,,,,"  294",",,7","  194",",,7",,,,,,,"  239",",,7","  311",",,7"
"USC00349428","2018-07-31","35.5083","-98.7751","538.0","WEATHERFORD 4 WSW MESONET, OK US","    0",",,7,2400",,,,,"  278",",,7","  161",",,7",,,,,,,"  200",",,7","  322",",,7"
"USC00349428","2018-08-01","35.5083","-98.7751","538.0","WEATHERFORD 4 WSW MESONET, OK US","    0",",,7,2400",,,,,"  311",",,7","  172",",,7",,,,,,,"  206",",,7","  361",",,7"
"USC00349428","2018-08-02","35.5083","-98.7751","538.0","WEATHERFORD 4 WSW MESONET, OK US","    5",",,7,2400",,,,,"  333",",,7","  200",",,7",,,,,,,"  233",",,7","  372",",,7"
"USC00349428","2018-08-03","35.5083","-98.7751","538.0","WEATHERFORD 4 WSW MESONET, OK US","    0",",,7,2400",,,,,"  356",",,7","  206",",,7",,,,,,,"  244",",,7","  372",",,7"
"USC00349428","2018-08-04","35.5083","-98.7751","538.0","WEATHERFORD 4 WSW MESONET, OK US","    0",",,7,2400",,,,,"  344",",,7","  211",",,7",,,,,,,"  256",",,7","  328",",,7"
"USC00349428","2018-08-05","35.5083","-98.7751","538.0","WEATHERFORD 4 WSW MESONET, OK US","    0",",,7,2400",,,,,"  361",",,7","  217",",,7",,,,,,,"  244",",,7","  367",",,7"
"USC00349428","2018-08-06","35.5083","-98.7751","538.0","WEATHERFORD 4 WSW MESONET, OK US","    0",",,7,2400",,,,,"  356",",,7","  233",",,7",,,,,,,"  261",",,7","  378",",,7"
"USC00349428","2018-08-07","35.5083","-98.7751","538.0","WEATHERFORD 4 WSW MESONET, OK US","    0",",,7,2400",,,,,"  361",",,7","  222",",,7",,,,,,,"  267",",,7","  383",",,7"
"USC00349428","2018-08-08","35.5083","-98.7751","538.0","WEATHERFORD 4 WSW MESONET, OK US","   84",",,7,2400",,,,,"  283",",,7","  183",",,7",,,,,,,"  250",",,7","  317",",,7"
"USC00349428","2018-08-09","35.5083","-98.7751","538.0","WEATHERFORD 4 WSW MESONET, OK US","    0",",,7,2400",,,,,"  328",",,7","  200",",,7",,,,,,,"  233",",,7","  383",",,7"
"USC00349428","2018-08-10","35.5083","-98.7751","538.0","WEATHERFORD 4 WSW MESONET, OK US","    5",",,7,2400",,,,,"  339",",,7","  217",",,7",,,,,,,"  256",",,7","  367",",,7"
"USC00349428","2018-08-11","35.5083","-98.7751","538.0","WEATHERFORD 4 WSW MESONET, OK US","  137",",,7,2400",,,,,"  333",",,7","  206",",,7",,,,,,,"  250",",,7","  361",",,7"
"USC00349428","2018-08-12","35.5083","-98.7751","538.0","WEATHERFORD 4 WSW MESONET, OK US","  201",",,7,2400",,,,,"  289",",,7","  206",",,7",,,,,,,"  228",",,7","  289",",,7"
"USC00349428","2018-08-13","35.5083","-98.7751","538.0","WEATHERFORD 4 WSW MESONET, OK US","   23",",,7,2400",,,,,"  261",",,7","  206",",,7",,,,,,,"  228",",,7","  272",",,7"
"USC00349428","2018-08-14","35.5083","-98.7751","538.0","WEATHERFORD 4 WSW MESONET, OK US","   43",",,7,2400",,,,,"  328",",,7","  194",",,7",,,,,,,"  217",",,7","  294",",,7"
"USC00349428","2018-08-15","35.5083","-98.7751","538.0","WEATHERFORD 4 WSW MESONET, OK US","    0",",,7,2400",,,,,"  306",",,7","  206",",,7",,,,,,,"  222",",,7","  317",",,7"
"USC00349428","2018-08-16","35.5083","-98.7751","538.0","WEATHERFORD 4 WSW MESONET, OK US","    5",",,7,2400",,,,,"  306",",,7","  228",",,7",,,,,,,"  233",",,7","  272",",,7"
"USC00349428","2018-08-17","35.5083","-98.7751","538.0","WEATHERFORD 4 WSW MESONET, OK US","   10",",,7,2400",,,,,"  322",",,7","  228",",,7",,,,,,,"  233",",,7","  350",",,7"
"USC00349428","2018-08-18","35.5083","-98.7751","538.0","WEATHERFORD 4 WSW MESONET, OK US","    0",",,7,2400",,,,,"  300",",,7","  206",",,7",,,,,,,"  233",",,7","  317",",,7"
"USC00349428","2018-08-19","35.5083","-98.7751","538.0","WEATHERFORD 4 WSW MESONET, OK US","   89",",,7,2400",,,,,"  294",",,7","  206",",,7",,,,,,,"  239",",,7","  294",",,7"
"USC00349428","2018-08-20","35.5083","-98.7751","538.0","WEATHERFORD 4 WSW MESONET, OK US","    0",",,7,2400",,,,,"  267",",,7","  161",",,7",,,,,,,"  200",",,7","  306",",,7"
"USC00349428","2018-08-21","35.5083","-98.7751","538.0","WEATHERFORD 4 WSW MESONET, OK US","    0",",,7,2400",,,,,"  294",",,7","  161",",,7",,,,,,,"  194",",,7","  339",",,7"
"USC00349428","2018-08-22","35.5083","-98.7751","538.0","WEATHERFORD 4 WSW MESONET, OK US","    0",",,7,2400",,,,,"  300",",,7","  194",",,7",,,,,,,"  228",",,7","  339",",,7"
"USC00349428","2018-08-23","35.5083","-98.7751","538.0","WEATHERFORD 4 WSW MESONET, OK US","    0",",,7,2400",,,,,"  361",",,7","  206",",,7",,,,,,,"  233",",,7","  361",",,7"
"USC00349428","2018-08-24","35.5083","-98.7751","538.0","WEATHERFORD 4 WSW MESONET, OK US","   10",",,7,2400",,,,,"  367",",,7","  233",",,7",,,,,,,"  250",",,7","  361",",,7"
"USC00349428","2018-08-25","35.5083","-98.7751","538.0","WEATHERFORD 4 WSW MESONET, OK US","    0",",,7,2400",,,,,"  367",",,7","  250",",,7",,,,,,,"  261",",,7","  372",",,7"
"USC00349428","2018-08-26","35.5083","-98.7751","538.0","WEATHERFORD 4 WSW MESONET, OK US","    0",",,7,2400",,,,,"  361",",,7","  250",",,7",,,,,,,"  267",",,7","  367",",,7"
"USC00349428","2018-08-27","35.5083","-98.7751","538.0","WEATHERFORD 4 WSW MESONET, OK US","    0",",,7,2400",,,,,"  367",",,7","  244",",,7",,,,,,,"  267",",,7","  367",",,7"
"USC00349428","2018-08-28","35.5083","-98.7751","538.0","WEATHERFORD 4 WSW MESONET, OK US","    0",",,7,2400",,,,,"  372",",,7","  250",",,7",,,,,,,"  272",",,7","  367",",,7"
"USC00349428","2018-08-29","35.5083","-98.7751","538.0","WEATHERFORD 4 WSW MESONET, OK US","   43",",,7,2400",,,,,"  306",",,7","  183",",,7",,,,,,,"  244",",,7","  356",",,7"
"USC00349428","2018-08-30","35.5083","-98.7751","538.0","WEATHERFORD 4 WSW MESONET, OK US","    0",",,7,2400",,,,,"  372",",,7","  228",",,7",,,,,,,"  250",",,7","  383",",,7"
"USC00349428","2018-08-31","35.5083","-98.7751","538.0","WEATHERFORD 4 WSW MESONET, OK US","    0",",,7,2400",,,,,"  372",",,7","  239",",,7",,,,,,,"  267",",,7","  372",",,7"
"USC00349428","2018-09-01","35.5083","-98.7751","538.0","WEATHERFORD 4 WSW MESONET, OK US","    0",",,7,2400",,,,,"  356",",,7","  217",",,7",,,,,,,"  261",",,7","  361",",,7"
"USC00349428","2018-09-02","35.5083","-98.7751","538.0","WEATHERFORD 4 WSW MESONET, OK US","    5",",,7,2400",,,,,"  339",",,7","  222",",,7",,,,,,,"  267",",,7","  350",",,7"
"USC00349428","2018-09-03","35.5083","-98.7751","538.0","WEATHERFORD 4 WSW MESONET, OK US","    0",",,7,2400",,,,,"  317",",,7","  211",",,7",,,,,,,"  256",",,7","  344",",,7"
"USC00349428","2018-09-04","35.5083","-98.7751","538.0","WEATHERFORD 4 WSW MESONET, OK US","  130",",,7,2400",,,,,"  256",",,7","  211",",,7",,,,,,,"  239",",,7","  278",",,7"
"USC00349428","2018-09-05","35.5083","-98.7751","538.0","WEATHERFORD 4 WSW MESONET, OK US","  180",",,7,2400",,,,,"  283",",,7","  211",",,7",,,,,,,"  233",",,7","  283",",,7"
"USC00349428","2018-09-06","35.5083","-98.7751","538.0","WEATHERFORD 4 WSW MESONET, OK US","  813",",,7,2400",,,,,"  250",",,7","  211",",,7",,,,,,,"  228",",,7","  267",",,7"
"USC00349428","2018-09-07","35.5083","-98.7751","538.0","WEATHERFORD 4 WSW MESONET, OK US","  663",",,7,2400",,,,,"  222",",,7","  200",",,7",,,,,,,"  211",",,7","  233",",,7"
"USC00349428","2018-09-08","35.5083","-98.7751","538.0","WEATHERFORD 4 WSW MESONET, OK US","    3",",,7,2400",,,,,"  222",",,7","  189",",,7",,,,,,,"  211",",,7","  239",",,7"
"USC00349428","2018-09-09","35.5083","-98.7751","538.0","WEATHERFORD 4 WSW MESONET, OK US","    0",",,7,2400",,,,,"  228",",,7","  161",",,7",,,,,,,"  200",",,7","  261",",,7"
"USC00349428","2018-09-10","35.5083","-98.7751","538.0","WEATHERFORD 4 WSW MESONET, OK US","    0",",,7,2400",,,,,"  250",",,7","  150",",,7",,,,,,,"  183",",,7","  278",",,7"
"USC00349428","2018-09-11","35.5083","-98.7751","538.0","WEATHERFORD 4 WSW MESONET, OK US","    0",",,7,2400",,,,,"  272",",,7","  161",",,7",,,,,,,"  189",",,7","  267",",,7"
"USC00349428","2018-09-12","35.5083","-98.7751","538.0","WEATHERFORD 4 WSW MESONET, OK US","    0",",,7,2400",,,,,"  283",",,7","  183",",,7",,,,,,,"  200",",,7","  267",",,7"
"USC00349428","2018-09-13","35.5083","-98.7751","538.0","WEATHERFORD 4 WSW MESONET, OK US","    0",",,7,2400",,,,,"  289",",,7","  206",",,7",,,,,,,"  211",",,7","  267",",,7"
"USC00349428","2018-09-14","35.5083","-98.7751","538.0","WEATHERFORD 4 WSW MESONET, OK US","    0",",,7,2400",,,,,"  311",",,7","  194",",,7",,,,,,,"  206",",,7","  283",",,7"
"USC00349428","2018-09-15","35.5083","-98.7751","538.0","WEATHERFORD 4 WSW MESONET, OK US","  132",",,7,2400",,,,,"  244",",,7","  200",",,7",,,,,,,"  211",",,7","  250",",,7"
"USC00349428","2018-09-16","35.5083","-98.7751","538.0","WEATHERFORD 4 WSW MESONET, OK US","    0",",,7,2400",,,,,"  306",",,7","  206",",,7",,,,,,,"  217",",,7","  294",",,7"
"USC00349428","2018-09-17","35.5083","-98.7751","538.0","WEATHERFORD 4 WSW MESONET, OK US","    0",",,7,2400",,,,,"  317",",,7","  211",",,7",,,,,,,"  217",",,7","  294",",,7"
"USC00349428","2018-09-18","35.5083","-98.7751","538.0","WEATHERFORD 4 WSW MESONET, OK US","    0",",,7,2400",,,,,"  322",",,7","  206",",,7",,,,,,,"  211",",,7","  283",",,7"
"USC00349428","2018-09-19","35.5083","-98.7751","538.0","WEATHERFORD 4 WSW MESONET, OK US","    0",",,7,2400",,,,,"  328",",,7","  211",",,7",,,,,,,"  217",",,7","  300",",,7"
"USC00349428","2018-09-20","35.5083","-98.7751","538.0","WEATHERFORD 4 WSW MESONET, OK US","    3",",,7,2400",,,,,"  322",",,7","  206",",,7",,,,,,,"  217",",,7","  306",",,7"
"USC00349428","2018-09-21","35.5083","-98.7751","538.0","WEATHERFORD 4 WSW MESONET, OK US","  472",",,7,2400",,,,,"  211",",,7","  133",",,7",,,,,,,"  167",",,7","  233",",,7"
"USC00349428","2018-09-22","35.5083","-98.7751","538.0","WEATHERFORD 4 WSW MESONET, OK US","    0",",,7,2400",,,,,"  228",",,7","  117",",,7",,,,,,,"  144",",,7","  233",",,7"
"USC00349428","2018-09-23","35.5083","-98.7751","538.0","WEATHERFORD 4 WSW MESONET, OK US","    0",",,7,2400",,,,,"  194",",,7","  139",",,7",,,,,,,"  161",",,7","  211",",,7"
"USC00349428","2018-09-24","35.5083","-98.7751","538.0","WEATHERFORD 4 WSW MESONET, OK US","    0",",,7,2400",,,,,"  267",",,7","  178",",,7",,,,,,,"  189",",,7","  261",",,7"
"USC00349428","2018-09-25","35.5083","-98.7751","538.0","WEATHERFORD 4 WSW MESONET, OK US","    0",",,7,2400",,,,,"  294",",,7","  172",",,7",,,,,,,"  189",",,7","  272",",,7"
"USC00349428","2018-09-26","35.5083","-98.7751","538.0","WEATHERFORD 4 WSW MESONET, OK US","   53",",,7,2400",,,,,"  178",",,7","  117",",,7",,,,,,,"  144",",,7","  194",",,7"
"USC00349428","2018-09-27","35.5083","-98.7751","538.0","WEATHERFORD 4 WSW MESONET, OK US","    0",",,7,2400",,,,,"  217",",,7","   83",",,7",,,,,,,"  111",",,7","  222",",,7"
"USC00349428","2018-09-28","35.5083","-98.7751","538.0","WEATHERFORD 4 WSW MESONET, OK US","    0",",,7,2400",,,,,"  261",",,7","  133",",,7",,,,,,,"  150",",,7","  244",",,7"
"USC00349428","2018-09-29","35.5083","-98.7751","538.0","WEATHERFORD 4 WSW MESONET, OK US","    3",",,7,2400",,,,,"  267",",,7","  150",",,7",,,,,,,"  189",",,7","  233",",,7"
"USC00349428","2018-09-30","35.5083","-98.7751","538.0","WEATHERFORD 4 WSW MESONET, OK US","    0",",,7,2400",,,,,"  278",",,7","  200",",,7",,,,,,,"  206",",,7","  250",",,7"
"USC00349428","2018-10-01","35.5083","-98.7751","538.0","WEATHERFORD 4 WSW MESONET, OK US","    0",",,7,2400",,,,,"  289",",,7","  189",",,7",,,,,,,"  194",",,7","  261",",,7"
"USC00349428","2018-10-02","35.5083","-98.7751","538.0","WEATHERFORD 4 WSW MESONET, OK US","    0",",,7,2400",,,,,"  294",",,7","  194",",,7",,,,,,,"  200",",,7","  272",",,7"
"USC00349428","2018-10-03","35.5083","-98.7751","538.0","WEATHERFORD 4 WSW MESONET, OK US","    0",",,7,2400",,,,,"  306",",,7","  206",",,7",,,,,,,"  211",",,7","  278",",,7"
"USC00349428","2018-10-04","35.5083","-98.7751","538.0","WEATHERFORD 4 WSW MESONET, OK US","    0",",,7,2400",,,,,"  272",",,7","  122",",,7",,,,,,,"  189",",,7","  261",",,7"
"USC00349428","2018-10-05","35.5083","-98.7751","538.0","WEATHERFORD 4 WSW MESONET, OK US","    0",",,7,2400",,,,,"  300",",,7","  128",",,7",,,,,,,"  172",",,7","  278",",,7"
"USC00349428","2018-10-06","35.5083","-98.7751","538.0","WEATHERFORD 4 WSW MESONET, OK US","   89",",,7,2400",,,,,"  244",",,7","  106",",,7",,,,,,,"  161",",,7","  228",",,7"
"USC00349428","2018-10-07","35.5083","-98.7751","538.0","WEATHERFORD 4 WSW MESONET, OK US"," 1313",",,7,2400",,,,,"  189",",,7","  106",",,7",,,,,,,"  150",",,7","  178",",,7"
"USC00349428","2018-10-08","35.5083","-98.7751","538.0","WEATHERFORD 4 WSW MESONET, OK US","  224",",,7,2400",,,,,"  250",",,7","  161",",,7",,,,,,,"  178",",,7","  222",",,7"
"USC00349428","2018-10-09","35.5083","-98.7751","538.0","WEATHERFORD 4 WSW MESONET, OK US","  490",",,7,2400",,,,,"  189",",,7","   94",",,7",,,,,,,"  156",",,7","  206",",,7"
"USC00349428","2018-10-10","35.5083","-98.7751","538.0","WEATHERFORD 4 WSW MESONET, OK US","    0",",,7,2400",,,,,"  161",",,7","   56",",,7",,,,,,,"  106",",,7","  211",",,7"
"USC00349428","2018-10-11","35.5083","-98.7751","538.0","WEATHERFORD 4 WSW MESONET, OK US","   69",",,7,2400",,,,,"  156",",,7","   61",",,7",,,,,,,"  106",",,7","  189",",,7"
"USC00349428","2018-10-12","35.5083","-98.7751","538.0","WEATHERFORD 4 WSW MESONET, OK US","    0",",,7,2400",,,,,"  200",",,7","  106",",,7",,,,,,,"  128",",,7","  189",",,7"
"USC00349428","2018-10-13","35.5083","-98.7751","538.0","WEATHERFORD 4 WSW MESONET, OK US","   58",",,7,2400",,,,,"  133",",,7","   89",",,7",,,,,,,"  122",",,7","  161",",,7"
"USC00349428","2018-10-14","35.5083","-98.7751","538.0","WEATHERFORD 4 WSW MESONET, OK US","   15",",,7,2400",,,,,"  139",",,7","   11",",,7",,,,,,,"   72",",,7","  161",",,7"
"USC00349428","2018-10-15","35.5083","-98.7751","538.0","WEATHERFORD 4 WSW MESONET, OK US","    0",",,7,2400",,,,,"   83",",,7","   -6",",,7",,,,,,,"   44",",,7","  111",",,7"
"USC00349428","2018-10-16","35.5083","-98.7751","538.0","WEATHERFORD 4 WSW MESONET, OK US","    3",",,7,2400",,,,,"  156",",,7","   33",",,7",,,,,,,"   72",",,7","  144",",,7"
"USC00349428","2018-10-17","35.5083","-98.7751","538.0","WEATHERFORD 4 WSW MESONET, OK US","    0",",,7,2400",,,,,"  183",",,7","   67",",,7",,,,,,,"   78",",,7","  150",",,7"
"USC00349428","2018-10-18","35.5083","-98.7751","538.0","WEATHERFORD 4 WSW MESONET, OK US","  135",",,7,2400",,,,,"  150",",,7","  106",",,7",,,,,,,"  117",",,7","  150",",,7"
"USC00349428","2018-10-19","35.5083","-98.7751","538.0","WEATHERFORD 4 WSW MESONET, OK US","   79",",,7,2400",,,,,"  189",",,7","  106",",,7",,,,,,,"  122",",,7","  178",",,7"
"USC00349428","2018-10-20","35.5083","-98.7751","538.0","WEATHERFORD 4 WSW MESONET, OK US","    0",",,7,2400",,,,,"  200",",,7","   94",",,7",,,,,,,"  106",",,7","  189",",,7"
"USC00349428","2018-10-21","35.5083","-98.7751","538.0","WEATHERFORD 4 WSW MESONET, OK US","    0",",,7,2400",,,,,"  200",",,7","   78",",,7",,,,,,,"   89",",,7","  167",",,7"
"USC00349428","2018-10-22","35.5083","-98.7751","538.0","WEATHERFORD 4 WSW MESONET, OK US","    0",",,7,2400",,,,,"  206",",,7","   83",",,7",,,,,,,"   94",",,7","  172",",,7"
"USC00349428","2018-10-23","35.5083","-98.7751","538.0","WEATHERFORD 4 WSW MESONET, OK US","    0",",,7,2400",,,,,"  200",",,7","  111",",,7",,,,,,,"  122",",,7","  178",",,7"
"USC00349428","2018-10-24","35.5083","-98.7751","538.0","WEATHERFORD 4 WSW MESONET, OK US","  208",",,7,2400",,,,,"  133",",,7","   83",",,7",,,,,,,"  106",",,7","  128",",,7"
"USC00349428","2018-10-25","35.5083","-98.7751","538.0","WEATHERFORD 4 WSW MESONET, OK US","    8",",,7,2400",,,,,"  144",",,7","   72",",,7",,,,,,,"  106",",,7","  144",",,7"
"USC00349428","2018-10-26","35.5083","-98.7751","538.0","WEATHERFORD 4 WSW MESONET, OK US","    0",",,7,2400",,,,,"  239",",,7","   44",",,7",,,,,,,"   72",",,7","  189",",,7"
"USC00349428","2018-10-27","35.5083","-98.7751","538.0","WEATHERFORD 4 WSW MESONET, OK US","    0",",,7,2400",,,,,"  261",",,7","   89",",,7",,,,,,,"   94",",,7","  200",",,7"
"USC00349428","2018-10-28","35.5083","-98.7751","538.0","WEATHERFORD 4 WSW MESONET, OK US","    0",",,7,2400",,,,,"  200",",,7","  100",",,7",,,,,,,"  117",",,7","  183",",,7"
"USC00349428","2018-10-29","35.5083","-98.7751","538.0","WEATHERFORD 4 WSW MESONET, OK US","    0",",,7,2400",,,,,"  256",",,7","  100",",,7",,,,,,,"  100",",,7","  189",",,7"
"USC00349428","2018-10-30","35.5083","-98.7751","538.0","WEATHERFORD 4 WSW MESONET, OK US","    0",",,7,2400",,,,,"  183",",,7","  100",",,7",,,,,,,"  122",",,7","  161",",,7"
"USC00349428","2018-10-31","35.5083","-98.7751","538.0","WEATHERFORD 4 WSW MESONET, OK US","   18",",,7,2400",,,,,"  111",",,7","   78",",,7",,,,,,,"   89",",,7","  122",",,7"
"USC00349428","2018-11-01","35.5083","-98.7751","538.0","WEATHERFORD 4 WSW MESONET, OK US","    0",",,7,2400",,,,,"  161",",,7","   61",",,7",,,,,,,"   78",",,7","  167",",,7"
"USC00349428","2018-11-02","35.5083","-98.7751","538.0","WEATHERFORD 4 WSW MESONET, OK US","    0",",,7,2400",,,,,"  183",",,7","   39",",,7",,,,,,,"   67",",,7","  167",",,7"
"USC00349428","2018-11-03","35.5083","-98.7751","538.0","WEATHERFORD 4 WSW MESONET, OK US","    0",",,7,2400",,,,,"  178",",,7","   67",",,7",,,,,,,"   78",",,7","  156",",,7"
"USC00349428","2018-11-04","35.5083","-98.7751","538.0","WEATHERFORD 4 WSW MESONET, OK US","    0",",,7,2400",,,,,"  133",",,7","   11",",,7",,,,,,,"   56",",,7","  150",",,7"
"USC00349428","2018-11-05","35.5083","-98.7751","538.0","WEATHERFORD 4 WSW MESONET, OK US","    0",",,7,2400",,,,,"  206",",,7","   83",",,7",,,,,,,"   83",",,7","  161",",,7"
"USC00349428","2018-11-06","35.5083","-98.7751","538.0","WEATHERFORD 4 WSW MESONET, OK US","    0",",,7,2400",,,,,"  211",",,7","   56",",,7",,,,,,,"   72",",,7","  172",",,7"
"USC00349428","2018-11-07","35.5083","-98.7751","538.0","WEATHERFORD 4 WSW MESONET, OK US","    0",",,7,2400",,,,,"  117",",,7","   67",",,7",,,,,,,"   83",",,7","  111",",,7"
"USC00349428","2018-11-08","35.5083","-98.7751","538.0","WEATHERFORD 4 WSW MESONET, OK US","    0",",,7,2400",,,,,"   72",",,7","   22",",,7",,,,,,,"   67",",,7","   83",",,7"
"USC00349428","2018-11-09","35.5083","-98.7751","538.0","WEATHERFORD 4 WSW MESONET, OK US","    0",",,7,2400",,,,,"  117",",,7","  -33",",,7",,,,,,,"   39",",,7","  122",",,7"
"USC00349428","2018-11-10","35.5083","-98.7751","538.0","WEATHERFORD 4 WSW MESONET, OK US","    0",",,7,2400",,,,,"  106",",,7","  -61",",,7",,,,,,,"   11",",,7","   83",",,7"
"USC00349428","2018-11-11","35.5083","-98.7751","538.0","WEATHERFORD 4 WSW MESONET, OK US","    0",",,7,2400",,,,,"   94",",,7","   22",",,7",,,,,,,"   33",",,7","   83",",,7"
"USC00349428","2018-11-12","35.5083","-98.7751","538.0","WEATHERFORD 4 WSW MESONET, OK US",,,,,,,"   33",",,7","  -50",",,7",,,,,,,"   22",",,7","   56",",,7"
"USC00349428","2018-11-13","35.5083","-98.7751","538.0","WEATHERFORD 4 WSW MESONET, OK US",,,,,,,"    6",",,7","  -94",",,7",,,,,,,"   17",",,7","   44",",,7"
"USC00349428","2018-11-14","35.5083","-98.7751","538.0","WEATHERFORD 4 WSW MESONET, OK US",,,,,,,"   83",",,7","  -61",",,7","    3",",,7","   64",",,7",,,"    6",",,7","   89",",,7"
"USC00349428","2018-11-15","35.5083","-98.7751","538.0","WEATHERFORD 4 WSW MESONET, OK US","    0",",,7,2400",,,,,"  183",",,7","   -6",",,7",,,,,,,"   17",",,7","  111",",,7"
"USC00349428","2018-11-16","35.5083","-98.7751","538.0","WEATHERFORD 4 WSW MESONET, OK US","    0",",,7,2400",,,,,"  194",",,7","   39",",,7",,,,,,,"   44",",,7","  139",",,7"
"USC00349428","2018-11-17","35.5083","-98.7751","538.0","WEATHERFORD 4 WSW MESONET, OK US","    0",",,7,2400",,,,,"  128",",,7","  -11",",,7",,,,,,,"   44",",,7","  106",",,7"
"USC00349428","2018-11-18","35.5083","-98.7751","538.0","WEATHERFORD 4 WSW MESONET, OK US","    0",",,7,2400",,,,,"    6",",,7","  -39",",,7",,,,,,,"   22",",,7","   44",",,7"
"USC00349428","2018-11-19","35.5083","-98.7751","538.0","WEATHERFORD 4 WSW MESONET, OK US","    0",",,7,2400",,,,,"  128",",,7","  -39",",,7",,,,,,,"    6",",,7","   83",",,7"
"USC00349428","2018-11-20","35.5083","-98.7751","538.0","WEATHERFORD 4 WSW MESONET, OK US","    0",",,7,2400",,,,,"  122",",,7","  -11",",,7",,,,,,,"   17",",,7","  106",",,7"
"USC00349428","2018-11-21","35.5083","-98.7751","538.0","WEATHERFORD 4 WSW MESONET, OK US","    0",",,7,2400",,,,,"  139",",,7","  -11",",,7",,,,,,,"   22",",,7","   89",",,7"
"USC00349428","2018-11-22","35.5083","-98.7751","538.0","WEATHERFORD 4 WSW MESONET, OK US","    0",",,7,2400",,,,,"  156",",,7","   17",",,7",,,,,,,"   28",",,7","  111",",,7"
"USC00349428","2018-11-23","35.5083","-98.7751","538.0","WEATHERFORD 4 WSW MESONET, OK US","    0",",,7,2400",,,,,"  206",",,7","   78",",,7",,,,,,,"   78",",,7","  150",",,7"
"USC00349428","2018-11-24","35.5083","-98.7751","538.0","WEATHERFORD 4 WSW MESONET, OK US","    0",",,7,2400",,,,,"  183",",,7","   39",",,7",,,,,,,"   44",",,7","  139",",,7"
"USC00349428","2018-11-25","35.5083","-98.7751","538.0","WEATHERFORD 4 WSW MESONET, OK US","    0",",,7,2400",,,,,"  117",",,7","  -39",",,7",,,,,,,"   28",",,7","   89",",,7"
"USC00349428","2018-11-26","35.5083","-98.7751","538.0","WEATHERFORD 4 WSW MESONET, OK US","    0",",,7,2400",,,,,"  122",",,7","  -72",",,7",,,,,,,"    6",",,7","   89",",,7"
"USC00349428","2018-11-27","35.5083","-98.7751","538.0","WEATHERFORD 4 WSW MESONET, OK US","    0",",,7,2400",,,,,"   94",",,7","  -22",",,7",,,,,,,"   17",",,7","  100",",,7"
"USC00349428","2018-11-28","35.5083","-98.7751","538.0","WEATHERFORD 4 WSW MESONET, OK US","    0",",,7,2400",,,,,"  139",",,7","    6",",,7",,,,,,,"   17",",,7","  117",",,7"
"USC00349428","2018-11-29","35.5083","-98.7751","538.0","WEATHERFORD 4 WSW MESONET, OK US","    0",",,7,2400",,,,,"  183",",,7","  -11",",,7",,,,,,,"   28",",,7","  133",",,7"
"USC00349428","2018-11-30","35.5083","-98.7751","538.0","WEATHERFORD 4 WSW MESONET, OK US","    0",",,7,2400",,,,,"  150",",,7","   22",",,7",,,,,,,"   50",",,7","  111",",,7"
"USC00349428","2018-12-01","35.5083","-98.7751","538.0","WEATHERFORD 4 WSW MESONET, OK US","    0",",,7,2400",,,,,"  172",",,7","   33",",,7",,,,,,,"   61",",,7","  133",",,7"
"USC00349428","2018-12-02","35.5083","-98.7751","538.0","WEATHERFORD 4 WSW MESONET, OK US","    0",",,7,2400",,,,,"  117",",,7","  -22",",,7",,,,,,,"   33",",,7","  111",",,7"
"USC00349428","2018-12-03","35.5083","-98.7751","538.0","WEATHERFORD 4 WSW MESONET, OK US","    0",",,7,2400",,,,,"   28",",,7","  -61",",,7",,,,,,,"   22",",,7","   67",",,7"
"USC00349428","2018-12-04","35.5083","-98.7751","538.0","WEATHERFORD 4 WSW MESONET, OK US","    0",",,7,2400",,,,,"    6",",,7","  -67",",,7",,,,,,,"   11",",,7","   33",",,7"
"USC00349428","2018-12-05","35.5083","-98.7751","538.0","WEATHERFORD 4 WSW MESONET, OK US","    0",",,7,2400",,,,,"  100",",,7","  -56",",,7",,,,,,,"    0",",,7","   56",",,7"
"USC00349428","2018-12-06","35.5083","-98.7751","538.0","WEATHERFORD 4 WSW MESONET, OK US","    0",",,7,2400",,,,,"   72",",,7","   11",",,7",,,,,,,"   33",",,7","   61",",,7"
"USC00349428","2018-12-07","35.5083","-98.7751","538.0","WEATHERFORD 4 WSW MESONET, OK US","    0",",,7,2400",,,,,"   11",",,7","  -17",",,7",,,,,,,"   22",",,7","   39",",,7"
"USC00349428","2018-12-08","35.5083","-98.7751","538.0","WEATHERFORD 4 WSW MESONET, OK US","    0",",,7,2400",,,,,"   50",",,7","  -22",",,7",,,,,,,"   17",",,7","   50",",,7"
"USC00349428","2018-12-09","35.5083","-98.7751","538.0","WEATHERFORD 4 WSW MESONET, OK US","    0",",,7,2400",,,,,"   89",",,7","  -72",",,7",,,,,,,"    6",",,7","   78",",,7"
"USC00349428","2018-12-10","35.5083","-98.7751","538.0","WEATHERFORD 4 WSW MESONET, OK US","    0",",,7,2400",,,,,"  106",",,7","  -39",",,7",,,,,,,"    6",",,7","   83",",,7"
"USC00349428","2018-12-11","35.5083","-98.7751","538.0","WEATHERFORD 4 WSW MESONET, OK US","    0",",,7,2400",,,,,"  128",",,7","    0",",,7",,,,,,,"   11",",,7","   78",",,7"
"USC00349428","2018-12-12","35.5083","-98.7751","538.0","WEATHERFORD 4 WSW MESONET, OK US","    0",",,7,2400",,,,,"  122",",,7","  -11",",,7",,,,,,,"   22",",,7","  106",",,7"
"USC00349428","2018-12-13","35.5083","-98.7751","538.0","WEATHERFORD 4 WSW MESONET, OK US","    3",",,7,2400",,,,,"   72",",,7","   28",",,7",,,,,,,"   50",",,7","   67",",,7"
"USC00349428","2018-12-14","35.5083","-98.7751","538.0","WEATHERFORD 4 WSW MESONET, OK US","    0",",,7,2400",,,,,"  122",",,7","  -11",",,7",,,,,,,"   28",",,7","   94",",,7"
"USC00349428","2018-12-15","35.5083","-98.7751","538.0","WEATHERFORD 4 WSW MESONET, OK US","    0",",,7,2400",,,,,"  144",",,7","  -39",",,7",,,,,,,"    6",",,7","  100",",,7"
"USC00349428","2018-12-16","35.5083","-98.7751","538.0","WEATHERFORD 4 WSW MESONET, OK US","    0",",,7,2400",,,,,"  150",",,7","   17",",,7",,,,,,,"   39",",,7","  111",",,7"
"USC00349428","2018-12-17","35.5083","-98.7751","538.0","WEATHERFORD 4 WSW MESONET, OK US","    0",",,7,2400",,,,,"  122",",,7","  -17",",,7",,,,,,,"   22",",,7","   89",",,7"
"USC00349428","2018-12-18","35.5083","-98.7751","538.0","WEATHERFORD 4 WSW MESONET, OK US","    0",",,7,2400",,,,,"  156",",,7","   39",",,7",,,,,,,"   50",",,7","  106",",,7"
"USC00349428","2018-12-19","35.5083","-98.7751","538.0","WEATHERFORD 4 WSW MESONET, OK US","    0",",,7,2400",,,,,"  128",",,7","   33",",,7",,,,,,,"   56",",,7","  100",",,7"
"USC00349428","2018-12-20","35.5083","-98.7751","538.0","WEATHERFORD 4 WSW MESONET, OK US","    0",",,7,2400",,,,,"  133",",,7","    0",",,7",,,,,,,"   39",",,7","  106",",,7"
"USC00349428","2018-12-21","35.5083","-98.7751","538.0","WEATHERFORD 4 WSW MESONET, OK US","    0",",,7,2400",,,,,"  128",",,7","  -39",",,7",,,,,,,"   17",",,7","  100",",,7"
"USC00349428","2018-12-22","35.5083","-98.7751","538.0","WEATHERFORD 4 WSW MESONET, OK US","    0",",,7,2400",,,,,"  144",",,7","   -6",",,7",,,,,,,"   22",",,7","  111",",,7"
"USC00349428","2018-12-23","35.5083","-98.7751","538.0","WEATHERFORD 4 WSW MESONET, OK US","    0",",,7,2400",,,,,"   89",",,7","   -6",",,7",,,,,,,"   28",",,7","  100",",,7"
"USC00349428","2018-12-24","35.5083","-98.7751","538.0","WEATHERFORD 4 WSW MESONET, OK US","    0",",,7,2400",,,,,"  122",",,7","   -6",",,7",,,,,,,"   28",",,7","   89",",,7"
"USC00349428","2018-12-25","35.5083","-98.7751","538.0","WEATHERFORD 4 WSW MESONET, OK US","    0",",,7,2400",,,,,"  144",",,7","    0",",,7",,,,,,,"   22",",,7","  111",",,7"
"USC00349428","2018-12-26","35.5083","-98.7751","538.0","WEATHERFORD 4 WSW MESONET, OK US","  808",",,7,2400",,,,,"  133",",,7","   94",",,7",,,,,,,"   89",",,7","  122",",,7"
"USC00349428","2018-12-27","35.5083","-98.7751","538.0","WEATHERFORD 4 WSW MESONET, OK US","    0",",,7,2400",,,,,"   94",",,7","  -22",",,7",,,,,,,"   28",",,7","  100",",,7"
"USC00349428","2018-12-28","35.5083","-98.7751","538.0","WEATHERFORD 4 WSW MESONET, OK US","    0",",,7,2400",,,,,"   -6",",,7","  -39",",,7",,,,,,,"   17",",,7","   28",",,7"
"USC00349428","2018-12-29","35.5083","-98.7751","538.0","WEATHERFORD 4 WSW MESONET, OK US","    0",",,7,2400",,,,,"    0",",,7","  -39",",,7",,,,,,,"   11",",,7","   11",",,7"
"USC00349428","2018-12-30","35.5083","-98.7751","538.0","WEATHERFORD 4 WSW MESONET, OK US","    0",",,7,2400",,,,,"   33",",,7","  -39",",,7",,,,,,,"    6",",,7","   11",",,7"
"USC00349428","2018-12-31","35.5083","-98.7751","538.0","WEATHERFORD 4 WSW MESONET, OK US",,,,,,,"  100",",,7","  -44",",,7",,,,,,,"    6",",,7","   78",",,7"
"USC00349428","2019-01-01","35.5083","-98.7751","538.0","WEATHERFORD 4 WSW MESONET, OK US",,,,,,,"  -33",",,7","  -72",",,7",,,,,,,"    6",",,7","   22",",,7"
"USC00349428","2019-01-02","35.5083","-98.7751","538.0","WEATHERFORD 4 WSW MESONET, OK US",,,,,,,"  -11",",,7","  -61",",,7",,,,,,,"    6",",,7","    6",",,7"
"USC00349428","2019-01-03","35.5083","-98.7751","538.0","WEATHERFORD 4 WSW MESONET, OK US",,,,,,,"    0",",,7","  -17",",,7",,,,,,,"    6",",,7","    6",",,7"
"USC00349428","2019-01-04","35.5083","-98.7751","538.0","WEATHERFORD 4 WSW MESONET, OK US",,,,,,,"   94",",,7","  -50",",,7","    5",",,7","  117",",,7",,,"    6",",,7","    6",",,7"
"USC00349428","2019-01-05","35.5083","-98.7751","538.0","WEATHERFORD 4 WSW MESONET, OK US","    0",",,7,2400",,,,,"  144",",,7","    6",",,7",,,,,,,"    6",",,7","   33",",,7"
"USC00349428","2019-01-06","35.5083","-98.7751","538.0","WEATHERFORD 4 WSW MESONET, OK US","    0",",,7,2400",,,,,"  150",",,7","   56",",,7",,,,,,,"   28",",,7","   89",",,7"
"USC00349428","2019-01-07","35.5083","-98.7751","538.0","WEATHERFORD 4 WSW MESONET, OK US","    0",",,7,2400",,,,,"  172",",,7","   50",",,7",,,,,,,"   56",",,7","  122",",,7"
"USC00349428","2019-01-08","35.5083","-98.7751","538.0","WEATHERFORD 4 WSW MESONET, OK US","    0",",,7,2400",,,,,"  111",",,7","   22",",,7",,,,,,,"   33",",,7","   89",",,7"
"USC00349428","2019-01-09","35.5083","-98.7751","538.0","WEATHERFORD 4 WSW MESONET, OK US","    0",",,7,2400",,,,,"  111",",,7","  -22",",,7",,,,,,,"   17",",,7","   94",",,7"
"USC00349428","2019-01-10","35.5083","-98.7751","538.0","WEATHERFORD 4 WSW MESONET, OK US","    0",",,7,2400",,,,,"  106",",,7","   28",",,7",,,,,,,"   28",",,7","   72",",,7"
"USC00349428","2019-01-11","35.5083","-98.7751","538.0","WEATHERFORD 4 WSW MESONET, OK US","  147",",,7,2400",,,,,"   78",",,7","   33",",,7",,,,,,,"   33",",,7","   67",",,7"
"USC00349428","2019-01-12","35.5083","-98.7751","538.0","WEATHERFORD 4 WSW MESONET, OK US","   13",",,7,2400",,,,,"   44",",,7","  -11",",,7",,,,,,,"   22",",,7","   67",",,7"
"USC00349428","2019-01-13","35.5083","-98.7751","538.0","WEATHERFORD 4 WSW MESONET, OK US","    0",",,7,2400",,,,,"   -6",",,7","  -22",",,7",,,,,,,"   17",",,7","   22",",,7"
"USC00349428","2019-01-14","35.5083","-98.7751","538.0","WEATHERFORD 4 WSW MESONET, OK US","    0",",,7,2400",,,,,"   67",",,7","  -17",",,7",,,,,,,"   11",",,7","   72",",,7"
"USC00349428","2019-01-15","35.5083","-98.7751","538.0","WEATHERFORD 4 WSW MESONET, OK US","    0",",,7,2400",,,,,"  100",",,7","    0",",,7",,,,,,,"   17",",,7","   78",",,7"
"USC00349428","2019-01-16","35.5083","-98.7751","538.0","WEATHERFORD 4 WSW MESONET, OK US","    3",",,7,2400",,,,,"  117",",,7","   28",",,7",,,,,,,"   39",",,7","   78",",,7"
"USC00349428","2019-01-17","35.5083","-98.7751","538.0","WEATHERFORD 4 WSW MESONET, OK US","    0",",,7,2400",,,,,"  100",",,7","   17",",,7",,,,,,,"   44",",,7","  111",",,7"
"USC00349428","2019-01-18","35.5083","-98.7751","538.0","WEATHERFORD 4 WSW MESONET, OK US","    0",",,7,2400",,,,,"  144",",,7","    6",",,7",,,,,,,"   39",",,7","   89",",,7"
"USC00349428","2019-01-19","35.5083","-98.7751","538.0","WEATHERFORD 4 WSW MESONET, OK US","    0",",,7,2400",,,,,"    6",",,7","  -50",",,7",,,,,,,"   17",",,7","   56",",,7"
"USC00349428","2019-01-20","35.5083","-98.7751","538.0","WEATHERFORD 4 WSW MESONET, OK US","    0",",,7,2400",,,,,"   78",",,7","  -72",",,7",,,,,,,"    6",",,7","   22",",,7"
"USC00349428","2019-01-21","35.5083","-98.7751","538.0","WEATHERFORD 4 WSW MESONET, OK US","    0",",,7,2400",,,,,"  133",",,7","   -6",",,7",,,,,,,"   11",",,7","   67",",,7"
"USC00349428","2019-01-22","35.5083","-98.7751","538.0","WEATHERFORD 4 WSW MESONET, OK US","    0",",,7,2400",,,,,"  100",",,7","  -67",",,7",,,,,,,"   17",",,7","   61",",,7"
"USC00349428","2019-01-23","35.5083","-98.7751","538.0","WEATHERFORD 4 WSW MESONET, OK US","    0",",,7,2400",,,,,"   89",",,7","  -94",",,7",,,,,,,"    0",",,7","   17",",,7"
"USC00349428","2019-01-24","35.5083","-98.7751","538.0","WEATHERFORD 4 WSW MESONET, OK US","    0",",,7,2400",,,,,"   50",",,7","  -44",",,7",,,,,,,"   11",",,7","   33",",,7"
"USC00349428","2019-01-25","35.5083","-98.7751","538.0","WEATHERFORD 4 WSW MESONET, OK US","    0",",,7,2400",,,,,"   50",",,7","  -67",",,7",,,,,,,"    6",",,7","   17",",,7"
"USC00349428","2019-01-26","35.5083","-98.7751","538.0","WEATHERFORD 4 WSW MESONET, OK US","    0",",,7,2400",,,,,"  122",",,7","  -44",",,7",,,,,,,"    0",",,7","   44",",,7"
"USC00349428","2019-01-27","35.5083","-98.7751","538.0","WEATHERFORD 4 WSW MESONET, OK US","    0",",,7,2400",,,,,"  161",",,7","  -39",",,7",,,,,,,"    6",",,7","   78",",,7"
"USC00349428","2019-01-28","35.5083","-98.7751","538.0","WEATHERFORD 4 WSW MESONET, OK US","    0",",,7,2400",,,,,"   83",",,7","  -50",",,7",,,,,,,"   22",",,7","   61",",,7"
"USC00349428","2019-01-29","35.5083","-98.7751","538.0","WEATHERFORD 4 WSW MESONET, OK US","    0",",,7,2400",,,,,"   44",",,7","  -83",",,7",,,,,,,"    0",",,7","   17",",,7"
"USC00349428","2019-01-30","35.5083","-98.7751","538.0","WEATHERFORD 4 WSW MESONET, OK US","    0",",,7,2400",,,,,"   50",",,7","  -83",",,7",,,,,,,"    0",",,7","   17",",,7"
"USC00349428","2019-01-31","35.5083","-98.7751","538.0","WEATHERFORD 4 WSW MESONET, OK US","    0",",,7,2400",,,,,"  133",",,7","  -39",",,7",,,,,,,"    0",",,7","   56",",,7"
"USC00349428","2019-02-01","35.5083","-98.7751","538.0","WEATHERFORD 4 WSW MESONET, OK US","    3",",,7,2400",,,,,"  144",",,7","   44",",,7",,,,,,,"   33",",,7","   94",",,7"
"USC00349428","2019-02-02","35.5083","-98.7751","538.0","WEATHERFORD 4 WSW MESONET, OK US","    0",",,7,2400",,,,,"  178",",,7","  106",",,7",,,,,,,"   67",",,7","  122",",,7"
"USC00349428","2019-02-03","35.5083","-98.7751","538.0","WEATHERFORD 4 WSW MESONET, OK US","    0",",,7,2400",,,,,,,,,,,,,,,"   89",",,7","  144",",,7"
"USC00349428","2019-02-04","35.5083","-98.7751","538.0","WEATHERFORD 4 WSW MESONET, OK US","    0",",,7,2400",,,,,"  128",",,7","   33",",,7",,,,,,,"   72",",,7","  128",",,7"
"USC00349428","2019-02-05","35.5083","-98.7751","538.0","WEATHERFORD 4 WSW MESONET, OK US",,,,,,,"   39",",,7","  -11",",,7",,,,,,,"   44",",,7","   72",",,7"
"USC00349428","2019-02-06","35.5083","-98.7751","538.0","WEATHERFORD 4 WSW MESONET, OK US",,,,,,,"   17",",,7","  -33",",,7",,,,,,,"   28",",,7","   44",",,7"
"USC00349428","2019-02-07","35.5083","-98.7751","538.0","WEATHERFORD 4 WSW MESONET, OK US",,,,,,,"  -17",",,7","  -89",",,7","    3",",,7","   38",",,7",,,"    6",",,7","   28",",,7"
"USC00349428","2019-02-08","35.5083","-98.7751","538.0","WEATHERFORD 4 WSW MESONET, OK US","    0",",,7,2400",,,,,"   11",",,7"," -111",",,7",,,,,,,"  -11",",,7","    0",",,7"
"USC00349428","2019-02-09","35.5083","-98.7751","538.0","WEATHERFORD 4 WSW MESONET, OK US","    0",",,7,2400",,,,,"   33",",,7","  -44",",,7",,,,,,,"    0",",,7","    0",",,7"
"USC00349428","2019-02-10","35.5083","-98.7751","538.0","WEATHERFORD 4 WSW MESONET, OK US","    0",",,7,2400",,,,,"   61",",,7","   -6",",,7",,,,,,,"    0",",,7","   33",",,7"
"USC00349428","2019-02-11","35.5083","-98.7751","538.0","WEATHERFORD 4 WSW MESONET, OK US","   89",",,7,2400",,,,,"  117",",,7","   39",",,7",,,,,,,"   33",",,7","   78",",,7"
"USC00349428","2019-02-12","35.5083","-98.7751","538.0","WEATHERFORD 4 WSW MESONET, OK US","    0",",,7,2400",,,,,"  122",",,7","  -28",",,7",,,,,,,"   17",",,7","  100",",,7"
"USC00349428","2019-02-13","35.5083","-98.7751","538.0","WEATHERFORD 4 WSW MESONET, OK US","    0",",,7,2400",,,,,"  150",",,7","   11",",,7",,,,,,,"   22",",,7","   72",",,7"
"USC00349428","2019-02-14","35.5083","-98.7751","538.0","WEATHERFORD 4 WSW MESONET, OK US","    0",",,7,2400",,,,,"  200",",,7","   50",",,7",,,,,,,"   44",",,7","  122",",,7"
"USC00349428","2019-02-15","35.5083","-98.7751","538.0","WEATHERFORD 4 WSW MESONET, OK US","    0",",,7,2400",,,,,"   50",",,7","  -61",",,7",,,,,,,"   17",",,7","   78",",,7"
"USC00349428","2019-02-16","35.5083","-98.7751","538.0","WEATHERFORD 4 WSW MESONET, OK US","    0",",,7,2400",,,,,"    0",",,7","  -67",",,7",,,,,,,"    6",",,7","   17",",,7"
"USC00349428","2019-02-17","35.5083","-98.7751","538.0","WEATHERFORD 4 WSW MESONET, OK US",,,,,,,"   89",",,7","  -61",",,7",,,,,,,"    0",",,7","   67",",,7"
"USC00349428","2019-02-18","35.5083","-98.7751","538.0","WEATHERFORD 4 WSW MESONET, OK US",,,,,,,"    0",",,7","  -78",",,7",,,,,,,"    0",",,7","   17",",,7"
"USC00349428","2019-02-19","35.5083","-98.7751","538.0","WEATHERFORD 4 WSW MESONET, OK US",,,,,,,"  -22",",,7","  -28",",,7",,,,,,,"    6",",,7","    6",",,7"
"USC00349428","2019-02-20","35.5083","-98.7751","538.0","WEATHERFORD 4 WSW MESONET, OK US",,,,,,,"   83",",,7","  -39",",,7","    4",",,7","   36",",,7",,,"    0",",,7","   72",",,7"
"USC00349428","2019-02-21","35.5083","-98.7751","538.0","WEATHERFORD 4 WSW MESONET, OK US","    0",",,7,2400",,,,,,,,,,,,,,,,,,
"USC00349428","2019-02-22","35.5083","-98.7751","538.0","WEATHERFORD 4 WSW MESONET, OK US","    5",",,7,2400",,,,,"   67",",,7","   11",",,7",,,,,,,"   33",",,7","   67",",,7"
"USC00349428","2019-02-23","35.5083","-98.7751","538.0","WEATHERFORD 4 WSW MESONET, OK US","    5",",,7,2400",,,,,"  144",",,7","  -28",",,7",,,,,,,"   39",",,7","  106",",,7"
"USC00349428","2019-02-24","35.5083","-98.7751","538.0","WEATHERFORD 4 WSW MESONET, OK US","    0",",,7,2400",,,,,"  122",",,7","  -56",",,7",,,,,,,"   11",",,7","  122",",,7"
"USC00349428","2019-02-25","35.5083","-98.7751","538.0","WEATHERFORD 4 WSW MESONET, OK US","    0",",,7,2400",,,,,"  172",",,7","    6",",,7",,,,,,,"   22",",,7","  122",",,7"
"USC00349428","2019-02-26","35.5083","-98.7751","538.0","WEATHERFORD 4 WSW MESONET, OK US",,,,,,,"   72",",,7","  -56",",,7",,,,,,,"   33",",,7","   78",",,7"
"USC00349428","2019-02-27","35.5083","-98.7751","538.0","WEATHERFORD 4 WSW MESONET, OK US",,,,,,,"  -17",",,7","  -78",",,7",,,,,,,"    0",",,7","   33",",,7"
"USC00349428","2019-02-28","35.5083","-98.7751","538.0","WEATHERFORD 4 WSW MESONET, OK US",,,,,,,"   17",",,7"," -100",",,7","    3",",,7","    3",",,7",,,"  -11",",,7","    6",",,7"
"USC00349428","2019-03-01","35.5083","-98.7751","538.0","WEATHERFORD 4 WSW MESONET, OK US","    0",",,7,2400",,,,,"   61",",,7","  -72",",,7",,,,,,,"    0",",,7","   44",",,7"
"USC00349428","2019-03-02","35.5083","-98.7751","538.0","WEATHERFORD 4 WSW MESONET, OK US","    0",",,7,2400",,,,,"   11",",,7","  -28",",,7",,,,,,,"    6",",,7","   22",",,7"
"USC00349428","2019-03-03","35.5083","-98.7751","538.0","WEATHERFORD 4 WSW MESONET, OK US","    0",",,7,2400",,,,,"  -11",",,7"," -117",",,7",,,,,,,"    0",",,7","   11",",,7"
"USC00349428","2019-03-04","35.5083","-98.7751","538.0","WEATHERFORD 4 WSW MESONET, OK US","    0",",,7,2400",,,,,"  -39",",,7"," -128",",,7",,,,,,,"  -17",",,7","    0",",,7"
"USC00349428","2019-03-05","35.5083","-98.7751","538.0","WEATHERFORD 4 WSW MESONET, OK US","    0",",,7,2400",,,,,"   67",",,7"," -111",",,7",,,,,,,"  -22",",,7","   11",",,7"
"USC00349428","2019-03-06","35.5083","-98.7751","538.0","WEATHERFORD 4 WSW MESONET, OK US","    0",",,7,2400",,,,,"  117",",,7","  -61",",,7",,,,,,,"   -6",",,7","   56",",,7"
"USC00349428","2019-03-07","35.5083","-98.7751","538.0","WEATHERFORD 4 WSW MESONET, OK US","    0",",,7,2400",,,,,"  144",",,7","   22",",,7",,,,,,,"   22",",,7","  106",",,7"
"USC00349428","2019-03-08","35.5083","-98.7751","538.0","WEATHERFORD 4 WSW MESONET, OK US","    0",",,7,2400",,,,,"  122",",,7","   17",",,7",,,,,,,"   44",",,7","  111",",,7"
"USC00349428","2019-03-09","35.5083","-98.7751","538.0","WEATHERFORD 4 WSW MESONET, OK US","    8",",,7,2400",,,,,"  222",",,7","   61",",,7",,,,,,,"   67",",,7","  167",",,7"
"USC00349428","2019-03-10","35.5083","-98.7751","538.0","WEATHERFORD 4 WSW MESONET, OK US","    0",",,7,2400",,,,,"   78",",,7","   17",",,7",,,,,,,"   56",",,7","  100",",,7"
"USC00349428","2019-03-11","35.5083","-98.7751","538.0","WEATHERFORD 4 WSW MESONET, OK US","   18",",,7,2400",,,,,"  133",",,7","   50",",,7",,,,,,,"   61",",,7","  122",",,7"
"USC00349428","2019-03-12","35.5083","-98.7751","538.0","WEATHERFORD 4 WSW MESONET, OK US","   84",",,7,2400",,,,,"  156",",,7","  100",",,7",,,,,,,"   94",",,7","  122",",,7"
"USC00349428","2019-03-13","35.5083","-98.7751","538.0","WEATHERFORD 4 WSW MESONET, OK US","  173",",,7,2400",,,,,"  200",",,7","   61",",,7",,,,,,,"   89",",,7","  144",",,7"
"USC00349428","2019-03-14","35.5083","-98.7751","538.0","WEATHERFORD 4 WSW MESONET, OK US","    0",",,7,2400",,,,,"  106",",,7","   22",",,7",,,,,,,"   50",",,7","   94",",,7"
"USC00349428","2019-03-15","35.5083","-98.7751","538.0","WEATHERFORD 4 WSW MESONET, OK US","    0",",,7,2400",,,,,"  122",",,7","  -28",",,7",,,,,,,"   22",",,7","  117",",,7"
"USC00349428","2019-03-16","35.5083","-98.7751","538.0","WEATHERFORD 4 WSW MESONET, OK US","    0",",,7,2400",,,,,"  156",",,7","    0",",,7",,,,,,,"   22",",,7","  139",",,7"
"USC00349428","2019-03-17","35.5083","-98.7751","538.0","WEATHERFORD 4 WSW MESONET, OK US","    0",",,7,2400",,,,,"  183",",,7","   22",",,7",,,,,,,"   33",",,7","  161",",,7"
"USC00349428","2019-03-18","35.5083","-98.7751","538.0","WEATHERFORD 4 WSW MESONET, OK US","    0",",,7,2400",,,,,"  189",",,7","   28",",,7",,,,,,,"   44",",,7","  183",",,7"
"USC00349428","2019-03-19","35.5083","-98.7751","538.0","WEATHERFORD 4 WSW MESONET, OK US","    3",",,7,2400",,,,,"  206",",,7","   44",",,7",,,,,,,"   61",",,7","  183",",,7"
"USC00349428","2019-03-20","35.5083","-98.7751","538.0","WEATHERFORD 4 WSW MESONET, OK US","   13",",,7,2400",,,,,"  178",",,7","   67",",,7",,,,,,,"   83",",,7","  178",",,7"
"USC00349428","2019-03-21","35.5083","-98.7751","538.0","WEATHERFORD 4 WSW MESONET, OK US","    0",",,7,2400",,,,,"  189",",,7","   44",",,7",,,,,,,"   56",",,7","  194",",,7"
"USC00349428","2019-03-22","35.5083","-98.7751","538.0","WEATHERFORD 4 WSW MESONET, OK US","   30",",,7,2400",,,,,"  217",",,7","   61",",,7",,,,,,,"   78",",,7","  183",",,7"
"USC00349428","2019-03-23","35.5083","-98.7751","538.0","WEATHERFORD 4 WSW MESONET, OK US","  226",",,7,2400",,,,,"  211",",,7","   94",",,7",,,,,,,"  106",",,7","  189",",,7"
"USC00349428","2019-03-24","35.5083","-98.7751","538.0","WEATHERFORD 4 WSW MESONET, OK US","    0",",,7,2400",,,,,"  189",",,7","   67",",,7",,,,,,,"   94",",,7","  172",",,7"
"USC00349428","2019-03-25","35.5083","-98.7751","538.0","WEATHERFORD 4 WSW MESONET, OK US","    0",",,7,2400",,,,,"  167",",,7","   67",",,7",,,,,,,"   89",",,7","  172",",,7"
"USC00349428","2019-03-26","35.5083","-98.7751","538.0","WEATHERFORD 4 WSW MESONET, OK US","    0",",,7,2400",,,,,"  183",",,7","   39",",,7",,,,,,,"   67",",,7","  183",",,7"
"USC00349428","2019-03-27","35.5083","-98.7751","538.0","WEATHERFORD 4 WSW MESONET, OK US","    0",",,7,2400",,,,,"  228",",,7","   83",",,7",,,,,,,"   94",",,7","  178",",,7"
"USC00349428","2019-03-28","35.5083","-98.7751","538.0","WEATHERFORD 4 WSW MESONET, OK US","    0",",,7,2400",,,,,"  228",",,7","  133",",,7",,,,,,,"  122",",,7","  206",",,7"
"USC00349428","2019-03-29","35.5083","-98.7751","538.0","WEATHERFORD 4 WSW MESONET, OK US","    3",",,7,2400",,,,,"  167",",,7","   67",",,7",,,,,,,"  122",",,7","  167",",,7"
"USC00349428","2019-03-30","35.5083","-98.7751","538.0","WEATHERFORD 4 WSW MESONET, OK US","   28",",,7,2400",,,,,"  100",",,7","    6",",,7",,,,,,,"   50",",,7","  117",",,7"
"USC00349428","2019-03-31","35.5083","-98.7751","538.0","WEATHERFORD 4 WSW MESONET, OK US","    0",",,7,2400",,,,,"   89",",,7","  -33",",,7",,,,,,,"   22",",,7","  144",",,7"
"USC00349428","2019-04-01","35.5083","-98.7751","538.0","WEATHERFORD 4 WSW MESONET, OK US","    0",",,7,2400",,,,,"  133",",,7","   22",",,7",,,,,,,"   50",",,7","  178",",,7"
"USC00349428","2019-04-02","35.5083","-98.7751","538.0","WEATHERFORD 4 WSW MESONET, OK US","    0",",,7,2400",,,,,"  217",",,7","   50",",,7",,,,,,,"   61",",,7","  206",",,7"
"USC00349428","2019-04-03","35.5083","-98.7751","538.0","WEATHERFORD 4 WSW MESONET, OK US","  333",",,7,2400",,,,,"  183",",,7","   83",",,7",,,,,,,"  100",",,7","  178",",,7"
"USC00349428","2019-04-04","35.5083","-98.7751","538.0","WEATHERFORD 4 WSW MESONET, OK US","    0",",,7,2400",,,,,"  228",",,7","  100",",,7",,,,,,,"  111",",,7","  211",",,7"
"USC00349428","2019-04-05","35.5083","-98.7751","538.0","WEATHERFORD 4 WSW MESONET, OK US","    3",",,7,2400",,,,,"  222",",,7","  106",",,7",,,,,,,"  117",",,7","  206",",,7"
"USC00349428","2019-04-06","35.5083","-98.7751","538.0","WEATHERFORD 4 WSW MESONET, OK US","   13",",,7,2400",,,,,"  217",",,7","  133",",,7",,,,,,,"  139",",,7","  217",",,7"
"USC00349428","2019-04-07","35.5083","-98.7751","538.0","WEATHERFORD 4 WSW MESONET, OK US","    3",",,7,2400",,,,,"  244",",,7","  122",",,7",,,,,,,"  139",",,7","  217",",,7"
"USC00349428","2019-04-08","35.5083","-98.7751","538.0","WEATHERFORD 4 WSW MESONET, OK US","    0",",,7,2400",,,,,"  267",",,7","  106",",,7",,,,,,,"  117",",,7","  250",",,7"
"USC00349428","2019-04-09","35.5083","-98.7751","538.0","WEATHERFORD 4 WSW MESONET, OK US","    0",",,7,2400",,,,,"  283",",,7","  128",",,7",,,,,,,"  128",",,7","  222",",,7"
"USC00349428","2019-04-10","35.5083","-98.7751","538.0","WEATHERFORD 4 WSW MESONET, OK US","    0",",,7,2400",,,,,"  283",",,7","  106",",,7",,,,,,,"  139",",,7","  228",",,7"
"USC00349428","2019-04-11","35.5083","-98.7751","538.0","WEATHERFORD 4 WSW MESONET, OK US","    0",",,7,2400",,,,,"  128",",,7","   17",",,7",,,,,,,"   89",",,7","  189",",,7"
"USC00349428","2019-04-12","35.5083","-98.7751","538.0","WEATHERFORD 4 WSW MESONET, OK US","    0",",,7,2400",,,,,"  133",",,7","   -6",",,7",,,,,,,"   61",",,7","  178",",,7"
"USC00349428","2019-04-13","35.5083","-98.7751","538.0","WEATHERFORD 4 WSW MESONET, OK US","  117",",,7,2400",,,,,"   89",",,7","   44",",,7",,,,,,,"   67",",,7","  111",",,7"
"USC00349428","2019-04-14","35.5083","-98.7751","538.0","WEATHERFORD 4 WSW MESONET, OK US","    0",",,7,2400",,,,,"  167",",,7","    0",",,7",,,,,,,"   39",",,7","  167",",,7"
"USC00349428","2019-04-15","35.5083","-98.7751","538.0","WEATHERFORD 4 WSW MESONET, OK US","    0",",,7,2400",,,,,"  250",",,7","   78",",,7",,,,,,,"   83",",,7","  217",",,7"
"USC00349428","2019-04-16","35.5083","-98.7751","538.0","WEATHERFORD 4 WSW MESONET, OK US","    0",",,7,2400",,,,,"  206",",,7","  128",",,7",,,,,,,"  128",",,7","  194",",,7"
"USC00349428","2019-04-17","35.5083","-98.7751","538.0","WEATHERFORD 4 WSW MESONET, OK US","   15",",,7,2400",,,,,"  250",",,7","  133",",,7",,,,,,,"  144",",,7","  239",",,7"
"USC00349428","2019-04-18","35.5083","-98.7751","538.0","WEATHERFORD 4 WSW MESONET, OK US","    3",",,7,2400",,,,,"  211",",,7","   94",",,7",,,,,,,"  122",",,7","  217",",,7"
"USC00349428","2019-04-19","35.5083","-98.7751","538.0","WEATHERFORD 4 WSW MESONET, OK US","    0",",,7,2400",,,,,"  189",",,7","   44",",,7",,,,,,,"   89",",,7","  222",",,7"
"USC00349428","2019-04-20","35.5083","-98.7751","538.0","WEATHERFORD 4 WSW MESONET, OK US","    0",",,7,2400",,,,,"  261",",,7","   67",",,7",,,,,,,"   94",",,7","  256",",,7"
"USC00349428","2019-04-21","35.5083","-98.7751","538.0","WEATHERFORD 4 WSW MESONET, OK US","    0",",,7,2400",,,,,"  272",",,7","  128",",,7",,,,,,,"  144",",,7","  272",",,7"
"USC00349428","2019-04-22","35.5083","-98.7751","538.0","WEATHERFORD 4 WSW MESONET, OK US","   64",",,7,2400",,,,,"  217",",,7","  144",",,7",,,,,,,"  172",",,7","  222",",,7"
"USC00349428","2019-04-23","35.5083","-98.7751","538.0","WEATHERFORD 4 WSW MESONET, OK US","  338",",,7,2400",,,,,"  150",",,7","   94",",,7",,,,,,,"  133",",,7","  178",",,7"
"USC00349428","2019-04-24","35.5083","-98.7751","538.0","WEATHERFORD 4 WSW MESONET, OK US","    0",",,7,2400",,,,,"  200",",,7","   89",",,7",,,,,,,"  122",",,7","  233",",,7"
"USC00349428","2019-04-25","35.5083","-98.7751","538.0","WEATHERFORD 4 WSW MESONET, OK US","    0",",,7,2400",,,,,"  244",",,7","   94",",,7",,,,,,,"  122",",,7","  217",",,7"
"USC00349428","2019-04-26","35.5083","-98.7751","538.0","WEATHERFORD 4 WSW MESONET, OK US","    0",",,7,2400",,,,,"  228",",,7","   89",",,7",,,,,,,"  111",",,7","  217",",,7"
"USC00349428","2019-04-27","35.5083","-98.7751","538.0","WEATHERFORD 4 WSW MESONET, OK US","    0",",,7,2400",,,,,"  250",",,7","  128",",,7",,,,,,,"  128",",,7","  239",",,7"
"USC00349428","2019-04-28","35.5083","-98.7751","538.0","WEATHERFORD 4 WSW MESONET, OK US","    0",",,7,2400",,,,,"  267",",,7","   89",",,7",,,,,,,"  117",",,7","  250",",,7"
"USC00349428","2019-04-29","35.5083","-98.7751","538.0","WEATHERFORD 4 WSW MESONET, OK US","  211",",,7,2400",,,,,"  194",",,7","  122",",,7",,,,,,,"  139",",,7","  194",",,7"
"USC00349428","2019-04-30","35.5083","-98.7751","538.0","WEATHERFORD 4 WSW MESONET, OK US","   66",",,7,2400",,,,,"  133",",,7","  106",",,7",,,,,,,"  133",",,7","  144",",,7"
"USC00349428","2019-05-01","35.5083","-98.7751","538.0","WEATHERFORD 4 WSW MESONET, OK US","    3",",,7,2400",,,,,"  194",",,7","  106",",,7",,,,,,,"  128",",,7","  183",",,7"
"USC00349428","2019-05-02","35.5083","-98.7751","538.0","WEATHERFORD 4 WSW MESONET, OK US","    0",",,7,2400",,,,,"  156",",,7","  106",",,7",,,,,,,"  133",",,7","  178",",,7"
"USC00349428","2019-05-03","35.5083","-98.7751","538.0","WEATHERFORD 4 WSW MESONET, OK US","  183",",,7,2400",,,,,"  167",",,7","  117",",,7",,,,,,,"  139",",,7","  167",",,7"
"USC00349428","2019-05-04","35.5083","-98.7751","538.0","WEATHERFORD 4 WSW MESONET, OK US","    3",",,7,2400",,,,,"  189",",,7","  117",",,7",,,,,,,"  133",",,7","  217",",,7"
"USC00349428","2019-05-05","35.5083","-98.7751","538.0","WEATHERFORD 4 WSW MESONET, OK US","  175",",,7,2400",,,,,"  244",",,7","  128",",,7",,,,,,,"  139",",,7","  228",",,7"
"USC00349428","2019-05-06","35.5083","-98.7751","538.0","WEATHERFORD 4 WSW MESONET, OK US","    0",",,7,2400",,,,,"  272",",,7","  150",",,7",,,,,,,"  161",",,7","  261",",,7"
"USC00349428","2019-05-07","35.5083","-98.7751","538.0","WEATHERFORD 4 WSW MESONET, OK US","  569",",,7,2400",,,,,"  261",",,7","  150",",,7",,,,,,,"  172",",,7","  233",",,7"
"USC00349428","2019-05-08","35.5083","-98.7751","538.0","WEATHERFORD 4 WSW MESONET, OK US","  445",",,7,2400",,,,,"  211",",,7","  133",",,7",,,,,,,"  156",",,7","  211",",,7"
"USC00349428","2019-05-09","35.5083","-98.7751","538.0","WEATHERFORD 4 WSW MESONET, OK US","   33",",,7,2400",,,,,"  133",",,7","   56",",,7",,,,,,,"  111",",,7","  167",",,7"
"USC00349428","2019-05-10","35.5083","-98.7751","538.0","WEATHERFORD 4 WSW MESONET, OK US","  119",",,7,2400",,,,,"  144",",,7","   44",",,7",,,,,,,"   89",",,7","  178",",,7"
"USC00349428","2019-05-11","35.5083","-98.7751","538.0","WEATHERFORD 4 WSW MESONET, OK US","   53",",,7,2400",,,,,"  156",",,7","   89",",,7",,,,,,,"  117",",,7","  178",",,7"
"USC00349428","2019-05-12","35.5083","-98.7751","538.0","WEATHERFORD 4 WSW MESONET, OK US","    3",",,7,2400",,,,,"  228",",,7","   67",",,7",,,,,,,"  100",",,7","  228",",,7"
"USC00349428","2019-05-13","35.5083","-98.7751","538.0","WEATHERFORD 4 WSW MESONET, OK US","    0",",,7,2400",,,,,"  267",",,7","  111",",,7",,,,,,,"  128",",,7","  250",",,7"
"USC00349428","2019-05-14","35.5083","-98.7751","538.0","WEATHERFORD 4 WSW MESONET, OK US","    0",",,7,2400",,,,,"  267",",,7","  139",",,7",,,,,,,"  161",",,7","  250",",,7"
"USC00349428","2019-05-15","35.5083","-98.7751","538.0","WEATHERFORD 4 WSW MESONET, OK US","    0",",,7,2400",,,,,"  289",",,7","  150",",,7",,,,,,,"  161",",,7","  267",",,7"
"USC00349428","2019-05-16","35.5083","-98.7751","538.0","WEATHERFORD 4 WSW MESONET, OK US","    0",",,7,2400",,,,,"  289",",,7","  167",",,7",,,,,,,"  172",",,7","  267",",,7"
"USC00349428","2019-05-17","35.5083","-98.7751","538.0","WEATHERFORD 4 WSW MESONET, OK US","    0",",,7,2400",,,,,"  272",",,7","  189",",,7",,,,,,,"  189",",,7","  250",",,7"
"USC00349428","2019-05-18","35.5083","-98.7751","538.0","WEATHERFORD 4 WSW MESONET, OK US","    3",",,7,2400",,,,,"  250",",,7","  117",",,7",,,,,,,"  178",",,7","  244",",,7"
"USC00349428","2019-05-19","35.5083","-98.7751","538.0","WEATHERFORD 4 WSW MESONET, OK US","    0",",,7,2400",,,,,"  244",",,7","   89",",,7",,,,,,,"  133",",,7","  289",",,7"
"USC00349428","2019-05-20","35.5083","-98.7751","538.0","WEATHERFORD 4 WSW MESONET, OK US","  437",",,7,2400",,,,,"  267",",,7","  111",",,7",,,,,,,"  150",",,7","  222",",,7"
"USC00349428","2019-05-21","35.5083","-98.7751","538.0","WEATHERFORD 4 WSW MESONET, OK US","  211",",,7,2400",,,,,"  244",",,7","  122",",,7",,,,,,,"  150",",,7","  200",",,7"
"USC00349428","2019-05-22","35.5083","-98.7751","538.0","WEATHERFORD 4 WSW MESONET, OK US","    5",",,7,2400",,,,,"  289",",,7","   94",",,7",,,,,,,"  122",",,7","  256",",,7"
"USC00349428","2019-05-23","35.5083","-98.7751","538.0","WEATHERFORD 4 WSW MESONET, OK US","    0",",,7,2400",,,,,"  272",",,7","  178",",,7",,,,,,,"  189",",,7","  233",",,7"
"USC00349428","2019-05-24","35.5083","-98.7751","538.0","WEATHERFORD 4 WSW MESONET, OK US","  605",",,7,2400",,,,,"  261",",,7","  172",",,7",,,,,,,"  194",",,7","  233",",,7"
"USC00349428","2019-05-25","35.5083","-98.7751","538.0","WEATHERFORD 4 WSW MESONET, OK US","  594",",,7,2400",,,,,"  256",",,7","  172",",,7",,,,,,,"  178",",,7","  239",",,7"
"USC00349428","2019-05-26","35.5083","-98.7751","538.0","WEATHERFORD 4 WSW MESONET, OK US","    0",",,7,2400",,,,,"  250",",,7","  172",",,7",,,,,,,"  183",",,7","  228",",,7"
"USC00349428","2019-05-27","35.5083","-98.7751","538.0","WEATHERFORD 4 WSW MESONET, OK US","    0",",,7,2400",,,,,"  278",",,7","  206",",,7",,,,,,,"  200",",,7","  261",",,7"
"USC00349428","2019-05-28","35.5083","-98.7751","538.0","WEATHERFORD 4 WSW MESONET, OK US","    0",",,7,2400",,,,,"  306",",,7","  189",",,7",,,,,,,"  200",",,7","  267",",,7"
"USC00349428","2019-05-29","35.5083","-98.7751","538.0","WEATHERFORD 4 WSW MESONET, OK US","    0",",,7,2400",,,,,"  222",",,7","  144",",,7",,,,,,,"  178",",,7","  228",",,7"
"USC00349428","2019-05-30","35.5083","-98.7751","538.0","WEATHERFORD 4 WSW MESONET, OK US","    0",",,7,2400",,,,,"  261",",,7","  117",",,7",,,,,,,"  144",",,7","  261",",,7"
"USC00349428","2019-05-31","35.5083","-98.7751","538.0","WEATHERFORD 4 WSW MESONET, OK US","    0",",,7,2400",,,,,"  289",",,7","  139",",,7",,,,,,,"  167",",,7","  283",",,7"
"USC00349428","2019-06-01","35.5083","-98.7751","538.0","WEATHERFORD 4 WSW MESONET, OK US","   28",",,7,2400",,,,,"  289",",,7","  172",",,7",,,,,,,"  189",",,7","  250",",,7"
"USC00349428","2019-06-02","35.5083","-98.7751","538.0","WEATHERFORD 4 WSW MESONET, OK US","    0",",,7,2400",,,,,"  300",",,7","  178",",,7",,,,,,,"  189",",,7","  294",",,7"
"USC00349428","2019-06-03","35.5083","-98.7751","538.0","WEATHERFORD 4 WSW MESONET, OK US","    0",",,7,2400",,,,,"  311",",,7","  194",",,7",,,,,,,"  206",",,7","  311",",,7"
"USC00349428","2019-06-04","35.5083","-98.7751","538.0","WEATHERFORD 4 WSW MESONET, OK US","  213",",,7,2400",,,,,"  300",",,7","  172",",,7",,,,,,,"  200",",,7","  272",",,7"
"USC00349428","2019-06-05","35.5083","-98.7751","538.0","WEATHERFORD 4 WSW MESONET, OK US","    0",",,7,2400",,,,,"  300",",,7","  189",",,7",,,,,,,"  206",",,7","  294",",,7"
"USC00349428","2019-06-06","35.5083","-98.7751","538.0","WEATHERFORD 4 WSW MESONET, OK US","  279",",,7,2400",,,,,"  222",",,7","  172",",,7",,,,,,,"  194",",,7","  239",",,7"
"USC00349428","2019-06-07","35.5083","-98.7751","538.0","WEATHERFORD 4 WSW MESONET, OK US","    0",",,7,2400",,,,,"  289",",,7","  172",",,7",,,,,,,"  183",",,7","  283",",,7"
"USC00349428","2019-06-08","35.5083","-98.7751","538.0","WEATHERFORD 4 WSW MESONET, OK US","    0",",,7,2400",,,,,"  317",",,7","  178",",,7",,,,,,,"  194",",,7","  294",",,7"
"USC00349428","2019-06-09","35.5083","-98.7751","538.0","WEATHERFORD 4 WSW MESONET, OK US","    0",",,7,2400",,,,,"  267",",,7","  139",",,7",,,,,,,"  183",",,7","  244",",,7"
"USC00349428","2019-06-10","35.5083","-98.7751","538.0","WEATHERFORD 4 WSW MESONET, OK US","    0",",,7,2400",,,,,"  239",",,7","  133",",,7",,,,,,,"  150",",,7","  256",",,7"
"USC00349428","2019-06-11","35.5083","-98.7751","538.0","WEATHERFORD 4 WSW MESONET, OK US","    0",",,7,2400",,,,,"  278",",,7","  150",",,7",,,,,,,"  161",",,7","  267",",,7"
"USC00349428","2019-06-12","35.5083","-98.7751","538.0","WEATHERFORD 4 WSW MESONET, OK US","    0",",,7,2400",,,,,"  261",",,7","  144",",,7",,,,,,,"  183",",,7","  289",",,7"
"USC00349428","2019-06-13","35.5083","-98.7751","538.0","WEATHERFORD 4 WSW MESONET, OK US","    0",",,7,2400",,,,,"  289",",,7","  122",",,7",,,,,,,"  161",",,7","  294",",,7"
"USC00349428","2019-06-14","35.5083","-98.7751","538.0","WEATHERFORD 4 WSW MESONET, OK US","    5",",,7,2400",,,,,"  322",",,7","  178",",,7",,,,,,,"  194",",,7","  300",",,7"
"USC00349428","2019-06-15","35.5083","-98.7751","538.0","WEATHERFORD 4 WSW MESONET, OK US","  216",",,7,2400",,,,,"  328",",,7","  172",",,7",,,,,,,"  217",",,7","  328",",,7"
"USC00349428","2019-06-16","35.5083","-98.7751","538.0","WEATHERFORD 4 WSW MESONET, OK US","   66",",,7,2400",,,,,"  239",",,7","  172",",,7",,,,,,,"  206",",,7","  250",",,7"
"USC00349428","2019-06-17","35.5083","-98.7751","538.0","WEATHERFORD 4 WSW MESONET, OK US","    0",",,7,2400",,,,,"  289",",,7","  156",",,7",,,,,,,"  178",",,7","  289",",,7"
"USC00349428","2019-06-18","35.5083","-98.7751","538.0","WEATHERFORD 4 WSW MESONET, OK US","  124",",,7,2400",,,,,"  322",",,7","  172",",,7",,,,,,,"  206",",,7","  294",",,7"
"USC00349428","2019-06-19","35.5083","-98.7751","538.0","WEATHERFORD 4 WSW MESONET, OK US","   10",",,7,2400",,,,,"  300",",,7","  156",",,7",,,,,,,"  194",",,7","  306",",,7"
"USC00349428","2019-06-20","35.5083","-98.7751","538.0","WEATHERFORD 4 WSW MESONET, OK US","    0",",,7,2400",,,,,"  339",",,7","  194",",,7",,,,,,,"  206",",,7","  311",",,7"
"USC00349428","2019-06-21","35.5083","-98.7751","538.0","WEATHERFORD 4 WSW MESONET, OK US","    0",",,7,2400",,,,,"  372",",,7","  250",",,7",,,,,,,"  239",",,7","  333",",,7"
"USC00349428","2019-06-22","35.5083","-98.7751","538.0","WEATHERFORD 4 WSW MESONET, OK US","    0",",,7,2400",,,,,"  333",",,7","  228",",,7",,,,,,,"  244",",,7","  322",",,7"
"USC00349428","2019-06-23","35.5083","-98.7751","538.0","WEATHERFORD 4 WSW MESONET, OK US","  104",",,7,2400",,,,,"  294",",,7","  172",",,7",,,,,,,"  217",",,7","  294",",,7"
"USC00349428","2019-06-24","35.5083","-98.7751","538.0","WEATHERFORD 4 WSW MESONET, OK US","    0",",,7,2400",,,,,"  306",",,7","  139",",,7",,,,,,,"  183",",,7","  328",",,7"
"USC00349428","2019-06-25","35.5083","-98.7751","538.0","WEATHERFORD 4 WSW MESONET, OK US","    0",",,7,2400",,,,,"  328",",,7","  194",",,7",,,,,,,"  217",",,7","  356",",,7"
"USC00349428","2019-06-26","35.5083","-98.7751","538.0","WEATHERFORD 4 WSW MESONET, OK US","    0",",,7,2400",,,,,"  328",",,7","  211",",,7",,,,,,,"  233",",,7","  356",",,7"
"USC00349428","2019-06-27","35.5083","-98.7751","538.0","WEATHERFORD 4 WSW MESONET, OK US","    0",",,7,2400",,,,,"  333",",,7","  211",",,7",,,,,,,"  244",",,7","  361",",,7"
"USC00349428","2019-06-28","35.5083","-98.7751","538.0","WEATHERFORD 4 WSW MESONET, OK US","    0",",,7,2400",,,,,"  350",",,7","  222",",,7",,,,,,,"  250",",,7","  372",",,7"
"USC00349428","2019-06-29","35.5083","-98.7751","538.0","WEATHERFORD 4 WSW MESONET, OK US","    0",",,7,2400",,,,,"  367",",,7","  222",",,7",,,,,,,"  256",",,7","  389",",,7"
"USC00349428","2019-06-30","35.5083","-98.7751","538.0","WEATHERFORD 4 WSW MESONET, OK US","    0",",,7,2400",,,,,"  328",",,7","  211",",,7",,,,,,,"  267",",,7","  378",",,7"
"USC00349428","2019-07-01","35.5083","-98.7751","538.0","WEATHERFORD 4 WSW MESONET, OK US","    0",",,7,2400",,,,,"  322",",,7","  200",",,7",,,,,,,"  256",",,7","  367",",,7"
"USC00349428","2019-07-02","35.5083","-98.7751","538.0","WEATHERFORD 4 WSW MESONET, OK US","    0",",,7,2400",,,,,"  333",",,7","  211",",,7",,,,,,,"  261",",,7","  339",",,7"
"USC00349428","2019-07-03","35.5083","-98.7751","538.0","WEATHERFORD 4 WSW MESONET, OK US","  229",",,7,2400",,,,,"  333",",,7","  222",",,7",,,,,,,"  250",",,7","  300",",,7"
"USC00349428","2019-07-04","35.5083","-98.7751","538.0","WEATHERFORD 4 WSW MESONET, OK US","    0",",,7,2400",,,,,"  333",",,7","  217",",,7",,,,,,,"  233",",,7","  306",",,7"
"USC00349428","2019-07-05","35.5083","-98.7751","538.0","WEATHERFORD 4 WSW MESONET, OK US","    0",",,7,2400",,,,,"  339",",,7","  222",",,7",,,,,,,"  239",",,7","  344",",,7"
"USC00349428","2019-07-06","35.5083","-98.7751","538.0","WEATHERFORD 4 WSW MESONET, OK US","  505",",,7,2400",,,,,"  294",",,7","  183",",,7",,,,,,,"  228",",,7","  294",",,7"
"USC00349428","2019-07-07","35.5083","-98.7751","538.0","WEATHERFORD 4 WSW MESONET, OK US","   81",",,7,2400",,,,,"  328",",,7","  200",",,7",,,,,,,"  233",",,7","  333",",,7"
"USC00349428","2019-07-08","35.5083","-98.7751","538.0","WEATHERFORD 4 WSW MESONET, OK US","   33",",,7,2400",,,,,"  322",",,7","  211",",,7",,,,,,,"  239",",,7","  311",",,7"
"USC00349428","2019-07-09","35.5083","-98.7751","538.0","WEATHERFORD 4 WSW MESONET, OK US","    0",",,7,2400",,,,,"  344",",,7","  206",",,7",,,,,,,"  228",",,7","  328",",,7"
"USC00349428","2019-07-10","35.5083","-98.7751","538.0","WEATHERFORD 4 WSW MESONET, OK US","    0",",,7,2400",,,,,"  350",",,7","  239",",,7",,,,,,,"  250",",,7","  322",",,7"
"USC00349428","2019-07-11","35.5083","-98.7751","538.0","WEATHERFORD 4 WSW MESONET, OK US","    0",",,7,2400",,,,,"  328",",,7","  206",",,7",,,,,,,"  244",",,7","  339",",,7"
"USC00349428","2019-07-12","35.5083","-98.7751","538.0","WEATHERFORD 4 WSW MESONET, OK US","    0",",,7,2400",,,,,"  328",",,7","  194",",,7",,,,,,,"  228",",,7","  356",",,7"
"USC00349428","2019-07-13","35.5083","-98.7751","538.0","WEATHERFORD 4 WSW MESONET, OK US","    0",",,7,2400",,,,,"  322",",,7","  183",",,7",,,,,,,"  228",",,7","  344",",,7"
"USC00349428","2019-07-14","35.5083","-98.7751","538.0","WEATHERFORD 4 WSW MESONET, OK US","    0",",,7,2400",,,,,"  339",",,7","  206",",,7",,,,,,,"  244",",,7","  350",",,7"
"USC00349428","2019-07-15","35.5083","-98.7751","538.0","WEATHERFORD 4 WSW MESONET, OK US","    0",",,7,2400",,,,,"  339",",,7","  194",",,7",,,,,,,"  250",",,7","  372",",,7"
"USC00349428","2019-07-16","35.5083","-98.7751","538.0","WEATHERFORD 4 WSW MESONET, OK US","    0",",,7,2400",,,,,"  372",",,7","  222",",,7",,,,,,,"  267",",,7","  372",",,7"
"USC00349428","2019-07-17","35.5083","-98.7751","538.0","WEATHERFORD 4 WSW MESONET, OK US","    0",",,7,2400",,,,,"  361",",,7","  244",",,7",,,,,,,"  272",",,7","  372",",,7"
"USC00349428","2019-07-18","35.5083","-98.7751","538.0","WEATHERFORD 4 WSW MESONET, OK US","    0",",,7,2400",,,,,"  361",",,7","  244",",,7",,,,,,,"  278",",,7","  367",",,7"
"USC00349428","2019-07-19","35.5083","-98.7751","538.0","WEATHERFORD 4 WSW MESONET, OK US","    0",",,7,2400",,,,,"  372",",,7","  250",",,7",,,,,,,"  278",",,7","  367",",,7"
"USC00349428","2019-07-20","35.5083","-98.7751","538.0","WEATHERFORD 4 WSW MESONET, OK US","    0",",,7,2400",,,,,"  372",",,7","  244",",,7",,,,,,,"  278",",,7","  372",",,7"
"USC00349428","2019-07-21","35.5083","-98.7751","538.0","WEATHERFORD 4 WSW MESONET, OK US","    0",",,7,2400",,,,,"  372",",,7","  222",",,7",,,,,,,"  278",",,7","  378",",,7"
"USC00349428","2019-07-22","35.5083","-98.7751","538.0","WEATHERFORD 4 WSW MESONET, OK US","    0",",,7,2400",,,,,"  317",",,7","  211",",,7",,,,,,,"  283",",,7","  344",",,7"
"USC00349428","2019-07-23","35.5083","-98.7751","538.0","WEATHERFORD 4 WSW MESONET, OK US","    0",",,7,2400",,,,,"  300",",,7","  161",",,7",,,,,,,"  244",",,7","  344",",,7"
"USC00349428","2019-07-24","35.5083","-98.7751","538.0","WEATHERFORD 4 WSW MESONET, OK US","    0",",,7,2400",,,,,"  311",",,7","  150",",,7",,,,,,,"  239",",,7","  356",",,7"
"USC00349428","2019-07-25","35.5083","-98.7751","538.0","WEATHERFORD 4 WSW MESONET, OK US","    0",",,7,2400",,,,,"  317",",,7","  172",",,7",,,,,,,"  250",",,7","  350",",,7"
"USC00349428","2019-07-26","35.5083","-98.7751","538.0","WEATHERFORD 4 WSW MESONET, OK US","    0",",,7,2400",,,,,"  322",",,7","  172",",,7",,,,,,,"  244",",,7","  339",",,7"
"USC00349428","2019-07-27","35.5083","-98.7751","538.0","WEATHERFORD 4 WSW MESONET, OK US","    0",",,7,2400",,,,,"  339",",,7","  189",",,7",,,,,,,"  250",",,7","  350",",,7"
"USC00349428","2019-07-28","35.5083","-98.7751","538.0","WEATHERFORD 4 WSW MESONET, OK US","    0",",,7,2400",,,,,"  356",",,7","  200",",,7",,,,,,,"  256",",,7","  356",",,7"
"USC00349428","2019-07-29","35.5083","-98.7751","538.0","WEATHERFORD 4 WSW MESONET, OK US","    0",",,7,2400",,,,,"  378",",,7","  228",",,7",,,,,,,"  278",",,7","  372",",,7"
"USC00349428","2019-07-30","35.5083","-98.7751","538.0","WEATHERFORD 4 WSW MESONET, OK US","    0",",,7,2400",,,,,"  367",",,7","  206",",,7",,,,,,,"  267",",,7","  394",",,7"
"USC00349428","2019-07-31","35.5083","-98.7751","538.0","WEATHERFORD 4 WSW MESONET, OK US","    0",",,7,2400",,,,,"  378",",,7","  222",",,7",,,,,,,"  278",",,7","  389",",,7"
"USC00349428","2019-08-01","35.5083","-98.7751","538.0","WEATHERFORD 4 WSW MESONET, OK US","    0",",,7,2400",,,,,"  383",",,7","  233",",,7",,,,,,,"  283",",,7","  383",",,7"
"USC00349428","2019-08-02","35.5083","-98.7751","538.0","WEATHERFORD 4 WSW MESONET, OK US","    0",",,7,2400",,,,,"  372",",,7","  250",",,7",,,,,,,"  289",",,7","  367",",,7"
"USC00349428","2019-08-03","35.5083","-98.7751","538.0","WEATHERFORD 4 WSW MESONET, OK US","    0",",,7,2400",,,,,"  311",",,7","  228",",,7",,,,,,,"  283",",,7","  356",",,7"
"USC00349428","2019-08-04","35.5083","-98.7751","538.0","WEATHERFORD 4 WSW MESONET, OK US","    0",",,7,2400",,,,,"  333",",,7","  194",",,7",,,,,,,"  261",",,7","  372",",,7"
"USC00349428","2019-08-05","35.5083","-98.7751","538.0","WEATHERFORD 4 WSW MESONET, OK US","    0",",,7,2400",,,,,"  361",",,7","  222",",,7",,,,,,,"  272",",,7","  389",",,7"
"USC00349428","2019-08-06","35.5083","-98.7751","538.0","WEATHERFORD 4 WSW MESONET, OK US","    0",",,7,2400",,,,,"  372",",,7","  244",",,7",,,,,,,"  289",",,7","  400",",,7"
"USC00349428","2019-08-07","35.5083","-98.7751","538.0","WEATHERFORD 4 WSW MESONET, OK US","    0",",,7,2400",,,,,"  394",",,7","  267",",,7",,,,,,,"  294",",,7","  394",",,7"
"USC00349428","2019-08-08","35.5083","-98.7751","538.0","WEATHERFORD 4 WSW MESONET, OK US","  112",",,7,2400",,,,,"  333",",,7","  239",",,7",,,,,,,"  283",",,7","  361",",,7"
"USC00349428","2019-08-09","35.5083","-98.7751","538.0","WEATHERFORD 4 WSW MESONET, OK US","   15",",,7,2400",,,,,"  328",",,7","  222",",,7",,,,,,,"  256",",,7","  372",",,7"
"USC00349428","2019-08-10","35.5083","-98.7751","538.0","WEATHERFORD 4 WSW MESONET, OK US","    0",",,7,2400",,,,,"  389",",,7","  244",",,7",,,,,,,"  261",",,7","  400",",,7"
"USC00349428","2019-08-11","35.5083","-98.7751","538.0","WEATHERFORD 4 WSW MESONET, OK US","    0",",,7,2400",,,,,"  394",",,7","  244",",,7",,,,,,,"  278",",,7","  400",",,7"
"USC00349428","2019-08-12","35.5083","-98.7751","538.0","WEATHERFORD 4 WSW MESONET, OK US","    3",",,7,2400",,,,,"  394",",,7","  239",",,7",,,,,,,"  278",",,7","  400",",,7"
"USC00349428","2019-08-13","35.5083","-98.7751","538.0","WEATHERFORD 4 WSW MESONET, OK US","  127",",,7,2400",,,,,"  317",",,7","  217",",,7",,,,,,,"  256",",,7","  350",",,7"
"USC00349428","2019-08-14","35.5083","-98.7751","538.0","WEATHERFORD 4 WSW MESONET, OK US","    0",",,7,2400",,,,,"  333",",,7","  189",",,7",,,,,,,"  233",",,7","  383",",,7"
"USC00349428","2019-08-15","35.5083","-98.7751","538.0","WEATHERFORD 4 WSW MESONET, OK US","    0",",,7,2400",,,,,"  361",",,7","  217",",,7",,,,,,,"  256",",,7","  378",",,7"
"USC00349428","2019-08-16","35.5083","-98.7751","538.0","WEATHERFORD 4 WSW MESONET, OK US","    0",",,7,2400",,,,,"  389",",,7","  233",",,7",,,,,,,"  267",",,7","  383",",,7"
"USC00349428","2019-08-17","35.5083","-98.7751","538.0","WEATHERFORD 4 WSW MESONET, OK US","    0",",,7,2400",,,,,"  389",",,7","  239",",,7",,,,,,,"  283",",,7","  367",",,7"
"USC00349428","2019-08-18","35.5083","-98.7751","538.0","WEATHERFORD 4 WSW MESONET, OK US","    0",",,7,2400",,,,,"  378",",,7","  244",",,7",,,,,,,"  272",",,7","  378",",,7"
"USC00349428","2019-08-19","35.5083","-98.7751","538.0","WEATHERFORD 4 WSW MESONET, OK US","    0",",,7,2400",,,,,"  394",",,7","  233",",,7",,,,,,,"  278",",,7","  389",",,7"
"USC00349428","2019-08-20","35.5083","-98.7751","538.0","WEATHERFORD 4 WSW MESONET, OK US","    0",",,7,2400",,,,,"  383",",,7","  250",",,7",,,,,,,"  289",",,7","  389",",,7"
"USC00349428","2019-08-21","35.5083","-98.7751","538.0","WEATHERFORD 4 WSW MESONET, OK US","    0",",,7,2400",,,,,"  378",",,7","  228",",,7",,,,,,,"  283",",,7","  383",",,7"
"USC00349428","2019-08-22","35.5083","-98.7751","538.0","WEATHERFORD 4 WSW MESONET, OK US","    3",",,7,2400",,,,,"  317",",,7","  211",",,7",,,,,,,"  283",",,7","  333",",,7"
"USC00349428","2019-08-23","35.5083","-98.7751","538.0","WEATHERFORD 4 WSW MESONET, OK US","    0",",,7,2400",,,,,"  322",",,7","  200",",,7",,,,,,,"  256",",,7","  356",",,7"
"USC00349428","2019-08-24","35.5083","-98.7751","538.0","WEATHERFORD 4 WSW MESONET, OK US","    0",",,7,2400",,,,,"  333",",,7","  211",",,7",,,,,,,"  267",",,7","  361",",,7"
"USC00349428","2019-08-25","35.5083","-98.7751","538.0","WEATHERFORD 4 WSW MESONET, OK US","  224",",,7,2400",,,,,"  333",",,7","  189",",,7",,,,,,,"  233",",,7","  300",",,7"
"USC00349428","2019-08-26","35.5083","-98.7751","538.0","WEATHERFORD 4 WSW MESONET, OK US","    0",",,7,2400",,,,,"  389",",,7","  228",",,7",,,,,,,"  239",",,7","  372",",,7"
"USC00349428","2019-08-27","35.5083","-98.7751","538.0","WEATHERFORD 4 WSW MESONET, OK US","  411",",,7,2400",,,,,"  261",",,7","  200",",,7",,,,,,,"  228",",,7","  294",",,7"
"USC00349428","2019-08-28","35.5083","-98.7751","538.0","WEATHERFORD 4 WSW MESONET, OK US","    0",",,7,2400",,,,,"  300",",,7","  183",",,7",,,,,,,"  211",",,7","  306",",,7"
"USC00349428","2019-08-29","35.5083","-98.7751","538.0","WEATHERFORD 4 WSW MESONET, OK US","    0",",,7,2400",,,,,"  344",",,7","  222",",,7",,,,,,,"  228",",,7","  300",",,7"
"USC00349428","2019-08-30","35.5083","-98.7751","538.0","WEATHERFORD 4 WSW MESONET, OK US","  401",",,7,2400",,,,,"  272",",,7","  183",",,7",,,,,,,"  211",",,7","  267",",,7"
"USC00349428","2019-08-31","35.5083","-98.7751","538.0","WEATHERFORD 4 WSW MESONET, OK US","    0",",,7,2400",,,,,"  289",",,7","  194",",,7",,,,,,,"  211",",,7","  283",",,7"
"USC00349428","2019-09-01","35.5083","-98.7751","538.0","WEATHERFORD 4 WSW MESONET, OK US","    0",",,7,2400",,,,,"  317",",,7","  200",",,7",,,,,,,"  222",",,7","  306",",,7"
"USC00349428","2019-09-02","35.5083","-98.7751","538.0","WEATHERFORD 4 WSW MESONET, OK US","    0",",,7,2400",,,,,"  333",",,7","  217",",,7",,,,,,,"  228",",,7","  306",",,7"
"USC00349428","2019-09-03","35.5083","-98.7751","538.0","WEATHERFORD 4 WSW MESONET, OK US","    0",",,7,2400",,,,,"  344",",,7","  217",",,7",,,,,,,"  217",",,7","  300",",,7"
"USC00349428","2019-09-04","35.5083","-98.7751","538.0","WEATHERFORD 4 WSW MESONET, OK US","    0",",,7,2400",,,,,"  333",",,7","  211",",,7",,,,,,,"  217",",,7","  306",",,7"
"USC00349428","2019-09-05","35.5083","-98.7751","538.0","WEATHERFORD 4 WSW MESONET, OK US","    0",",,7,2400",,,,,"  333",",,7","  200",",,7",,,,,,,"  211",",,7","  311",",,7"
"USC00349428","2019-09-06","35.5083","-98.7751","538.0","WEATHERFORD 4 WSW MESONET, OK US","    0",",,7,2400",,,,,"  361",",,7","  206",",,7",,,,,,,"  211",",,7","  333",",,7"
"USC00349428","2019-09-07","35.5083","-98.7751","538.0","WEATHERFORD 4 WSW MESONET, OK US","    0",",,7,2400",,,,,"  356",",,7","  217",",,7",,,,,,,"  222",",,7","  344",",,7"
"USC00349428","2019-09-08","35.5083","-98.7751","538.0","WEATHERFORD 4 WSW MESONET, OK US","    0",",,7,2400",,,,,"  350",",,7","  228",",,7",,,,,,,"  228",",,7","  339",",,7"
"USC00349428","2019-09-09","35.5083","-98.7751","538.0","WEATHERFORD 4 WSW MESONET, OK US","    0",",,7,2400",,,,,"  322",",,7","  233",",,7",,,,,,,"  233",",,7","  306",",,7"
"USC00349428","2019-09-10","35.5083","-98.7751","538.0","WEATHERFORD 4 WSW MESONET, OK US","    0",",,7,2400",,,,,"  333",",,7","  222",",,7",,,,,,,"  239",",,7","  328",",,7"
"USC00349428","2019-09-11","35.5083","-98.7751","538.0","WEATHERFORD 4 WSW MESONET, OK US","    0",",,7,2400",,,,,"  322",",,7","  206",",,7",,,,,,,"  233",",,7","  333",",,7"
"USC00349428","2019-09-12","35.5083","-98.7751","538.0","WEATHERFORD 4 WSW MESONET, OK US","  803",",,7,2400",,,,,"  333",",,7","  206",",,7",,,,,,,"  222",",,7","  339",",,7"
"USC00349428","2019-09-13","35.5083","-98.7751","538.0","WEATHERFORD 4 WSW MESONET, OK US","  109",",,7,2400",,,,,"  283",",,7","  194",",,7",,,,,,,"  222",",,7","  294",",,7"
"USC00349428","2019-09-14","35.5083","-98.7751","538.0","WEATHERFORD 4 WSW MESONET, OK US","    0",",,7,2400",,,,,"  317",",,7","  200",",,7",,,,,,,"  217",",,7","  278",",,7"
"USC00349428","2019-09-15","35.5083","-98.7751","538.0","WEATHERFORD 4 WSW MESONET, OK US","    0",",,7,2400",,,,,"  328",",,7","  206",",,7",,,,,,,"  211",",,7","  289",",,7"
"USC00349428","2019-09-16","35.5083","-98.7751","538.0","WEATHERFORD 4 WSW MESONET, OK US","    0",",,7,2400",,,,,"  328",",,7","  217",",,7",,,,,,,"  211",",,7","  289",",,7"
"USC00349428","2019-09-17","35.5083","-98.7751","538.0","WEATHERFORD 4 WSW MESONET, OK US","    0",",,7,2400",,,,,"  322",",,7","  211",",,7",,,,,,,"  211",",,7","  283",",,7"
"USC00349428","2019-09-18","35.5083","-98.7751","538.0","WEATHERFORD 4 WSW MESONET, OK US","    0",",,7,2400",,,,,"  328",",,7","  211",",,7",,,,,,,"  211",",,7","  294",",,7"
"USC00349428","2019-09-19","35.5083","-98.7751","538.0","WEATHERFORD 4 WSW MESONET, OK US","    0",",,7,2400",,,,,"  311",",,7","  206",",,7",,,,,,,"  217",",,7","  294",",,7"
"USC00349428","2019-09-20","35.5083","-98.7751","538.0","WEATHERFORD 4 WSW MESONET, OK US","   13",",,7,2400",,,,,"  300",",,7","  194",",,7",,,,,,,"  217",",,7","  283",",,7"
"USC00349428","2019-09-21","35.5083","-98.7751","538.0","WEATHERFORD 4 WSW MESONET, OK US","  246",",,7,2400",,,,,"  294",",,7","  200",",,7",,,,,,,"  222",",,7","  261",",,7"
"USC00349428","2019-09-22","35.5083","-98.7751","538.0","WEATHERFORD 4 WSW MESONET, OK US","  213",",,7,2400",,,,,"  289",",,7","  211",",,7",,,,,,,"  222",",,7","  272",",,7"
"USC00349428","2019-09-23","35.5083","-98.7751","538.0","WEATHERFORD 4 WSW MESONET, OK US","    0",",,7,2400",,,,,"  283",",,7","  189",",,7",,,,,,,"  211",",,7","  272",",,7"
"USC00349428","2019-09-24","35.5083","-98.7751","538.0","WEATHERFORD 4 WSW MESONET, OK US","   25",",,7,2400",,,,,"  300",",,7","  211",",,7",,,,,,,"  228",",,7","  278",",,7"
"USC00349428","2019-09-25","35.5083","-98.7751","538.0","WEATHERFORD 4 WSW MESONET, OK US","    0",",,7,2400",,,,,"  328",",,7","  206",",,7",,,,,,,"  217",",,7","  289",",,7"
"USC00349428","2019-09-26","35.5083","-98.7751","538.0","WEATHERFORD 4 WSW MESONET, OK US","    0",",,7,2400",,,,,"  311",",,7","  200",",,7",,,,,,,"  222",",,7","  272",",,7"
"USC00349428","2019-09-27","35.5083","-98.7751","538.0","WEATHERFORD 4 WSW MESONET, OK US","    0",",,7,2400",,,,,"  333",",,7","  222",",,7",,,,,,,"  211",",,7","  267",",,7"
"USC00349428","2019-09-28","35.5083","-98.7751","538.0","WEATHERFORD 4 WSW MESONET, OK US","   69",",,7,2400",,,,,"  306",",,7","  211",",,7",,,,,,,"  217",",,7","  256",",,7"
"USC00349428","2019-09-29","35.5083","-98.7751","538.0","WEATHERFORD 4 WSW MESONET, OK US","    0",",,7,2400",,,,,"  317",",,7","  222",",,7",,,,,,,"  217",",,7","  261",",,7"
"USC00349428","2019-09-30","35.5083","-98.7751","538.0","WEATHERFORD 4 WSW MESONET, OK US","    0",",,7,2400",,,,,"  306",",,7","  228",",,7",,,,,,,"  217",",,7","  267",",,7"
"USC00349428","2019-10-01","35.5083","-98.7751","538.0","WEATHERFORD 4 WSW MESONET, OK US","    0",",,7,2400",,,,,"  306",",,7","  228",",,7",,,,,,,"  222",",,7","  267",",,7"
"USC00349428","2019-10-02","35.5083","-98.7751","538.0","WEATHERFORD 4 WSW MESONET, OK US","    0",",,7,2400",,,,,"  322",",,7",,,,,,,,,"  217",",,7","  278",",,7"
"USC00349428","2019-10-03","35.5083","-98.7751","538.0","WEATHERFORD 4 WSW MESONET, OK US","    3",",,7,2400",,,,,"  206",",,7","  117",",,7",,,,,,,"  172",",,7","  239",",,7"
"USC00349428","2019-10-04","35.5083","-98.7751","538.0","WEATHERFORD 4 WSW MESONET, OK US","    0",",,7,2400",,,,,"  261",",,7","  117",",,7",,,,,,,"  161",",,7","  244",",,7"
"USC00349428","2019-10-05","35.5083","-98.7751","538.0","WEATHERFORD 4 WSW MESONET, OK US","    0",",,7,2400",,,,,"  306",",,7","  172",",,7",,,,,,,"  200",",,7","  267",",,7"
"USC00349428","2019-10-06","35.5083","-98.7751","538.0","WEATHERFORD 4 WSW MESONET, OK US","    0",",,7,2400",,,,,"  211",",,7","  100",",,7",,,,,,,"  167",",,7","  217",",,7"
"USC00349428","2019-10-07","35.5083","-98.7751","538.0","WEATHERFORD 4 WSW MESONET, OK US","    0",",,7,2400",,,,,"  211",",,7","   61",",,7",,,,,,,"  128",",,7","  233",",,7"
"USC00349428","2019-10-08","35.5083","-98.7751","538.0","WEATHERFORD 4 WSW MESONET, OK US","    0",",,7,2400",,,,,"  244",",,7","   89",",,7",,,,,,,"  133",",,7","  233",",,7"
"USC00349428","2019-10-09","35.5083","-98.7751","538.0","WEATHERFORD 4 WSW MESONET, OK US","    0",",,7,2400",,,,,"  294",",,7","  156",",,7",,,,,,,"  172",",,7","  256",",,7"
"USC00349428","2019-10-10","35.5083","-98.7751","538.0","WEATHERFORD 4 WSW MESONET, OK US","    0",",,7,2400",,,,,"  222",",,7","   50",",,7",,,,,,,"  161",",,7","  228",",,7"
"USC00349428","2019-10-11","35.5083","-98.7751","538.0","WEATHERFORD 4 WSW MESONET, OK US","    0",",,7,2400",,,,,"  122",",,7","   11",",,7",,,,,,,"  106",",,7","  183",",,7"
"USC00349428","2019-10-12","35.5083","-98.7751","538.0","WEATHERFORD 4 WSW MESONET, OK US","    0",",,7,2400",,,,,"  194",",,7","    6",",,7",,,,,,,"   83",",,7","  189",",,7"
"USC00349428","2019-10-13","35.5083","-98.7751","538.0","WEATHERFORD 4 WSW MESONET, OK US","    0",",,7,2400",,,,,"  250",",,7","   67",",,7",,,,,,,"  111",",,7","  222",",,7"
"USC00349428","2019-10-14","35.5083","-98.7751","538.0","WEATHERFORD 4 WSW MESONET, OK US","    0",",,7,2400",,,,,"  283",",,7","  100",",,7",,,,,,,"  139",",,7","  239",",,7"
"USC00349428","2019-10-15","35.5083","-98.7751","538.0","WEATHERFORD 4 WSW MESONET, OK US","    0",",,7,2400",,,,,"  239",",,7","   89",",,7",,,,,,,"  167",",,7","  233",",,7"
"USC00349428","2019-10-16","35.5083","-98.7751","538.0","WEATHERFORD 4 WSW MESONET, OK US","    0",",,7,2400",,,,,"  194",",,7","   44",",,7",,,,,,,"  122",",,7","  222",",,7"
"USC00349428","2019-10-17","35.5083","-98.7751","538.0","WEATHERFORD 4 WSW MESONET, OK US","    0",",,7,2400",,,,,"  256",",,7","   61",",,7",,,,,,,"  122",",,7","  222",",,7"
"USC00349428","2019-10-18","35.5083","-98.7751","538.0","WEATHERFORD 4 WSW MESONET, OK US","   20",",,7,2400",,,,,"  256",",,7","   89",",,7",,,,,,,"  133",",,7","  228",",,7"
"USC00349428","2019-10-19","35.5083","-98.7751","538.0","WEATHERFORD 4 WSW MESONET, OK US","    0",",,7,2400",,,,,"  228",",,7","   94",",,7",,,,,,,"  139",",,7","  217",",,7"
"USC00349428","2019-10-20","35.5083","-98.7751","538.0","WEATHERFORD 4 WSW MESONET, OK US","    0",",,7,2400",,,,,"  283",",,7","   94",",,7",,,,,,,"  128",",,7","  222",",,7"
"USC00349428","2019-10-21","35.5083","-98.7751","538.0","WEATHERFORD 4 WSW MESONET, OK US","    0",",,7,2400",,,,,"  200",",,7","   50",",,7",,,,,,,"  122",",,7","  206",",,7"
"USC00349428","2019-10-22","35.5083","-98.7751","538.0","WEATHERFORD 4 WSW MESONET, OK US","    0",",,7,2400",,,,,"  211",",,7","   22",",,7",,,,,,,"  100",",,7","  206",",,7"
"USC00349428","2019-10-23","35.5083","-98.7751","538.0","WEATHERFORD 4 WSW MESONET, OK US","    0",",,7,2400",,,,,"  228",",,7","   83",",,7",,,,,,,"  122",",,7","  217",",,7"
"USC00349428","2019-10-24","35.5083","-98.7751","538.0","WEATHERFORD 4 WSW MESONET, OK US","   86",",,7,2400",,,,,"  150",",,7","    6",",,7",,,,,,,"   67",",,7","  167",",,7"
"USC00349428","2019-10-25","35.5083","-98.7751","538.0","WEATHERFORD 4 WSW MESONET, OK US","  224",",,7,2400",,,,,"   56",",,7","    6",",,7",,,,,,,"   56",",,7","   72",",,7"
"USC00349428","2019-10-26","35.5083","-98.7751","538.0","WEATHERFORD 4 WSW MESONET, OK US","    0",",,7,2400",,,,,"  178",",,7","   11",",,7",,,,,,,"   56",",,7","  150",",,7"
"USC00349428","2019-10-27","35.5083","-98.7751","538.0","WEATHERFORD 4 WSW MESONET, OK US","    0",",,7,2400",,,,,"  128",",,7","   28",",,7",,,,,,,"   72",",,7","  139",",,7"
"USC00349428","2019-10-28","35.5083","-98.7751","538.0","WEATHERFORD 4 WSW MESONET, OK US",,,,,,,"   33",",,7","  -17",",,7",,,,,,,"   50",",,7","   78",",,7"
"USC00349428","2019-10-29","35.5083","-98.7751","538.0","WEATHERFORD 4 WSW MESONET, OK US",,,,,,,"   11",",,7","  -33",",,7",,,,,,,"   28",",,7","   50",",,7"
"USC00349428","2019-10-30","35.5083","-98.7751","538.0","WEATHERFORD 4 WSW MESONET, OK US",,,,,,,"   11",",,7","  -50",",,7","    3",",,7","   10",",,7",,,"   22",",,7","   50",",,7"
"USC00349428","2019-10-31","35.5083","-98.7751","538.0","WEATHERFORD 4 WSW MESONET, OK US","    0",",,7,2400",,,,,"   94",",,7","  -83",",,7",,,,,,,"    6",",,7","   67",",,7"
"USC00349428","2019-11-01","35.5083","-98.7751","538.0","WEATHERFORD 4 WSW MESONET, OK US","    0",",,7,2400",,,,,"  150",",,7","  -11",",,7",,,,,,,"   17",",,7","  100",",,7"
"USC00349428","2019-11-02","35.5083","-98.7751","538.0","WEATHERFORD 4 WSW MESONET, OK US","    0",",,7,2400",,,,,"  133",",,7","    0",",,7",,,,,,,"   28",",,7","  122",",,7"
"USC00349428","2019-11-03","35.5083","-98.7751","538.0","WEATHERFORD 4 WSW MESONET, OK US","    0",",,7,2400",,,,,"  194",",,7","   22",",,7",,,,,,,"   39",",,7","  133",",,7"
"USC00349428","2019-11-04","35.5083","-98.7751","538.0","WEATHERFORD 4 WSW MESONET, OK US","    0",",,7,2400",,,,,"  167",",,7","   28",",,7",,,,,,,"   61",",,7","  139",",,7"
"USC00349428","2019-11-05","35.5083","-98.7751","538.0","WEATHERFORD 4 WSW MESONET, OK US","    0",",,7,2400",,,,,"  172",",,7","   22",",,7",,,,,,,"   61",",,7","  150",",,7"
"USC00349428","2019-11-06","35.5083","-98.7751","538.0","WEATHERFORD 4 WSW MESONET, OK US","   20",",,7,2400",,,,,"  167",",,7","   50",",,7",,,,,,,"  122",",,7","  156",",,7"
"USC00349428","2019-11-07","35.5083","-98.7751","538.0","WEATHERFORD 4 WSW MESONET, OK US","   58",",,7,2400",,,,,"   50",",,7","  -11",",,7",,,,,,,"   33",",,7","  122",",,7"
"USC00349428","2019-11-08","35.5083","-98.7751","538.0","WEATHERFORD 4 WSW MESONET, OK US","    0",",,7,2400",,,,,"   83",",,7","    0",",,7",,,,,,,"   28",",,7","   83",",,7"
"USC00349428","2019-11-09","35.5083","-98.7751","538.0","WEATHERFORD 4 WSW MESONET, OK US","    0",",,7,2400",,,,,"  217",",,7","    0",",,7",,,,,,,"   28",",,7","  139",",,7"
"USC00349428","2019-11-10","35.5083","-98.7751","538.0","WEATHERFORD 4 WSW MESONET, OK US","    0",",,7,2400",,,,,"  222",",,7","   78",",,7",,,,,,,"   83",",,7","  167",",,7"
"USC00349428","2019-11-11","35.5083","-98.7751","538.0","WEATHERFORD 4 WSW MESONET, OK US","    0",",,7,2400",,,,,"  139",",,7","  -78",",,7",,,,,,,"   17",",,7","  128",",,7"
"USC00349428","2019-11-12","35.5083","-98.7751","538.0","WEATHERFORD 4 WSW MESONET, OK US","    0",",,7,2400",,,,,"   17",",,7"," -111",",,7",,,,,,,"    0",",,7","   22",",,7"
"USC00349428","2019-11-13","35.5083","-98.7751","538.0","WEATHERFORD 4 WSW MESONET, OK US","    0",",,7,2400",,,,,"  117",",,7","  -50",",,7",,,,,,,"    6",",,7","   61",",,7"
"USC00349428","2019-11-14","35.5083","-98.7751","538.0","WEATHERFORD 4 WSW MESONET, OK US","    0",",,7,2400",,,,,"  122",",,7","  -11",",,7",,,,,,,"   17",",,7","  100",",,7"
"USC00349428","2019-11-15","35.5083","-98.7751","538.0","WEATHERFORD 4 WSW MESONET, OK US","    0",",,7,2400",,,,,"  150",",,7","   11",",,7",,,,,,,"   22",",,7","  117",",,7"
"USC00349428","2019-11-16","35.5083","-98.7751","538.0","WEATHERFORD 4 WSW MESONET, OK US","    0",",,7,2400",,,,,"  178",",,7","   22",",,7",,,,,,,"   39",",,7","  122",",,7"
"USC00349428","2019-11-17","35.5083","-98.7751","538.0","WEATHERFORD 4 WSW MESONET, OK US","    0",",,7,2400",,,,,"  161",",,7","   56",",,7",,,,,,,"   72",",,7","  139",",,7"
"USC00349428","2019-11-18","35.5083","-98.7751","538.0","WEATHERFORD 4 WSW MESONET, OK US","    0",",,7,2400",,,,,"  228",",,7","   39",",,7",,,,,,,"   56",",,7","  156",",,7"
"USC00349428","2019-11-19","35.5083","-98.7751","538.0","WEATHERFORD 4 WSW MESONET, OK US","    0",",,7,2400",,,,,"  244",",,7","   72",",,7",,,,,,,"   72",",,7","  161",",,7"
"USC00349428","2019-11-20","35.5083","-98.7751","538.0","WEATHERFORD 4 WSW MESONET, OK US","   74",",,7,2400",,,,,"  200",",,7","  117",",,7",,,,,,,"  111",",,7","  150",",,7"
"USC00349428","2019-11-21","35.5083","-98.7751","538.0","WEATHERFORD 4 WSW MESONET, OK US","    3",",,7,2400",,,,,"  161",",,7","   33",",,7",,,,,,,"   72",",,7","  139",",,7"
"USC00349428","2019-11-22","35.5083","-98.7751","538.0","WEATHERFORD 4 WSW MESONET, OK US","   64",",,7,2400",,,,,"   33",",,7","    6",",,7",,,,,,,"   44",",,7","   72",",,7"
"USC00349428","2019-11-23","35.5083","-98.7751","538.0","WEATHERFORD 4 WSW MESONET, OK US","    0",",,7,2400",,,,,"  128",",,7","  -11",",,7",,,,,,,"   28",",,7","  100",",,7"
"USC00349428","2019-11-24","35.5083","-98.7751","538.0","WEATHERFORD 4 WSW MESONET, OK US","    0",",,7,2400",,,,,"  194",",,7","   -6",",,7",,,,,,,"   28",",,7","  117",",,7"
"USC00349428","2019-11-25","35.5083","-98.7751","538.0","WEATHERFORD 4 WSW MESONET, OK US","    0",",,7,2400",,,,,"  156",",,7","   17",",,7",,,,,,,"   33",",,7","  111",",,7"
"USC00349428","2019-11-26","35.5083","-98.7751","538.0","WEATHERFORD 4 WSW MESONET, OK US","    0",",,7,2400",,,,,"  189",",,7","   11",",,7",,,,,,,"   56",",,7","  117",",,7"
"USC00349428","2019-11-27","35.5083","-98.7751","538.0","WEATHERFORD 4 WSW MESONET, OK US","    0",",,7,2400",,,,,"   67",",,7","  -39",",,7",,,,,,,"   22",",,7","   78",",,7"
"USC00349428","2019-11-28","35.5083","-98.7751","538.0","WEATHERFORD 4 WSW MESONET, OK US","   71",",,7,2400",,,,,"   44",",,7","   11",",,7",,,,,,,"   39",",,7","   56",",,7"
"USC00349428","2019-11-29","35.5083","-98.7751","538.0","WEATHERFORD 4 WSW MESONET, OK US","   28",",,7,2400",,,,,"   78",",,7","   44",",,7",,,,,,,"   56",",,7","   78",",,7"
"USC00349428","2019-11-30","35.5083","-98.7751","538.0","WEATHERFORD 4 WSW MESONET, OK US","    0",",,7,2400",,,,,"  150",",,7","   28",",,7",,,,,,,"   44",",,7","   94",",,7"
"USC00349428","2019-12-01","35.5083","-98.7751","538.0","WEATHERFORD 4 WSW MESONET, OK US","    0",",,7,2400",,,,,"  106",",,7","   -6",",,7",,,,,,,"   22",",,7","   72",",,7"
"USC00349428","2019-12-02","35.5083","-98.7751","538.0","WEATHERFORD 4 WSW MESONET, OK US","    0",",,7,2400",,,,,"  117",",,7","  -39",",,7",,,,,,,"   11",",,7","   67",",,7"
"USC00349428","2019-12-03","35.5083","-98.7751","538.0","WEATHERFORD 4 WSW MESONET, OK US","    0",",,7,2400",,,,,"  178",",,7","    0",",,7",,,,,,,"   22",",,7","  106",",,7"
"USC00349428","2019-12-04","35.5083","-98.7751","538.0","WEATHERFORD 4 WSW MESONET, OK US","    0",",,7,2400",,,,,"  167",",,7","   17",",,7",,,,,,,"   28",",,7","  111",",,7"
"USC00349428","2019-12-05","35.5083","-98.7751","538.0","WEATHERFORD 4 WSW MESONET, OK US","    3",",,7,2400",,,,,"  178",",,7","   50",",,7",,,,,,,"   56",",,7","  133",",,7"
"USC00349428","2019-12-06","35.5083","-98.7751","538.0","WEATHERFORD 4 WSW MESONET, OK US","    0",",,7,2400",,,,,"  106",",,7","    0",",,7",,,,,,,"   56",",,7","  106",",,7"
"USC00349428","2019-12-07","35.5083","-98.7751","538.0","WEATHERFORD 4 WSW MESONET, OK US","    0",",,7,2400",,,,,"  139",",,7","   -6",",,7",,,,,,,"   28",",,7","  100",",,7"
"USC00349428","2019-12-08","35.5083","-98.7751","538.0","WEATHERFORD 4 WSW MESONET, OK US","    0",",,7,2400",,,,,"  161",",,7","   50",",,7",,,,,,,"   56",",,7","  111",",,7"
"USC00349428","2019-12-09","35.5083","-98.7751","538.0","WEATHERFORD 4 WSW MESONET, OK US","    0",",,7,2400",,,,,"   89",",,7","    0",",,7",,,,,,,"   39",",,7","   78",",,7"
"USC00349428","2019-12-10","35.5083","-98.7751","538.0","WEATHERFORD 4 WSW MESONET, OK US","    0",",,7,2400",,,,,"   78",",,7","  -33",",,7",,,,,,,"   17",",,7","   89",",,7"
"USC00349428","2019-12-11","35.5083","-98.7751","538.0","WEATHERFORD 4 WSW MESONET, OK US","    0",",,7,2400",,,,,"  111",",,7","  -39",",,7",,,,,,,"   11",",,7","   78",",,7"
"USC00349428","2019-12-12","35.5083","-98.7751","538.0","WEATHERFORD 4 WSW MESONET, OK US","    0",",,7,2400",,,,,"  117",",,7","   17",",,7",,,,,,,"   33",",,7","  100",",,7"
"USC00349428","2019-12-13","35.5083","-98.7751","538.0","WEATHERFORD 4 WSW MESONET, OK US","    0",",,7,2400",,,,,"  156",",,7","    0",",,7",,,,,,,"   28",",,7","  122",",,7"
"USC00349428","2019-12-14","35.5083","-98.7751","538.0","WEATHERFORD 4 WSW MESONET, OK US","    0",",,7,2400",,,,,"   83",",,7","    0",",,7",,,,,,,"   39",",,7","   89",",,7"
"USC00349428","2019-12-15","35.5083","-98.7751","538.0","WEATHERFORD 4 WSW MESONET, OK US","    0",",,7,2400",,,,,"    0",",,7","  -28",",,7",,,,,,,"   22",",,7","   39",",,7"
"USC00349428","2019-12-16","35.5083","-98.7751","538.0","WEATHERFORD 4 WSW MESONET, OK US","    0",",,7,2400",,,,,"    0",",,7","  -44",",,7",,,,,,,"   11",",,7","   28",",,7"
"USC00349428","2019-12-17","35.5083","-98.7751","538.0","WEATHERFORD 4 WSW MESONET, OK US","    0",",,7,2400",,,,,"   83",",,7","  -78",",,7",,,,,,,"    0",",,7","   28",",,7"
"USC00349428","2019-12-18","35.5083","-98.7751","538.0","WEATHERFORD 4 WSW MESONET, OK US","    0",",,7,2400",,,,,"  122",",,7","  -56",",,7",,,,,,,"   -6",",,7","   44",",,7"
"USC00349428","2019-12-19","35.5083","-98.7751","538.0","WEATHERFORD 4 WSW MESONET, OK US","    0",",,7,2400",,,,,"  117",",,7","  -22",",,7",,,,,,,"    6",",,7","   61",",,7"
"USC00349428","2019-12-20","35.5083","-98.7751","538.0","WEATHERFORD 4 WSW MESONET, OK US","    0",",,7,2400",,,,,"  122",",,7","    6",",,7",,,,,,,"   22",",,7","   94",",,7"
"USC00349428","2019-12-21","35.5083","-98.7751","538.0","WEATHERFORD 4 WSW MESONET, OK US",,,,,,,"  106",",,7","  -33",",,7",,,,,,,"   39",",,7","  106",",,7"
"USC00349428","2019-12-22","35.5083","-98.7751","538.0","WEATHERFORD 4 WSW MESONET, OK US",,,,,,,"  117",",,7","    0",",,7",,,,,,,"   44",",,7","   94",",,7"
"USC00349428","2019-12-23","35.5083","-98.7751","538.0","WEATHERFORD 4 WSW MESONET, OK US",,,,,,,"  161",",,7","  -22",",,7","    3",",,7","    5",",,7",,,"   17",",,7","   89",",,7"
"USC00349428","2019-12-24","35.5083","-98.7751","538.0","WEATHERFORD 4 WSW MESONET, OK US","    0",",,7,2400",,,,,"  200",",,7","   39",",,7",,,,,,,"   39",",,7","  117",",,7"
"USC00349428","2019-12-25","35.5083","-98.7751","538.0","WEATHERFORD 4 WSW MESONET, OK US","    0",",,7,2400",,,,,"  200",",,7","   61",",,7",,,,,,,"   61",",,7","  133",",,7"
"USC00349428","2019-12-26","35.5083","-98.7751","538.0","WEATHERFORD 4 WSW MESONET, OK US","    0",",,7,2400",,,,,"  161",",,7","   22",",,7",,,,,,,"   56",",,7","  122",",,7"
"USC00349428","2019-12-27","35.5083","-98.7751","538.0","WEATHERFORD 4 WSW MESONET, OK US","   41",",,7,2400",,,,,"  111",",,7","   11",",,7",,,,,,,"   56",",,7","   72",",,7"
"USC00349428","2019-12-28","35.5083","-98.7751","538.0","WEATHERFORD 4 WSW MESONET, OK US","  244",",,7,2400",,,,,"  133",",,7","   39",",,7",,,,,,,"   67",",,7","  117",",,7"
"USC00349428","2019-12-29","35.5083","-98.7751","538.0","WEATHERFORD 4 WSW MESONET, OK US","    0",",,7,2400",,,,,"   72",",,7","  -17",",,7",,,,,,,"   28",",,7","   72",",,7"
"USC00349428","2019-12-30","35.5083","-98.7751","538.0","WEATHERFORD 4 WSW MESONET, OK US","    0",",,7,2400",,,,,"   83",",,7","  -33",",,7",,,,,,,"   11",",,7","   44",",,7"
"USC00349428","2019-12-31","35.5083","-98.7751","538.0","WEATHERFORD 4 WSW MESONET, OK US","    0",",,7,2400",,,,,"  106",",,7","  -56",",,7",,,,,,,"    6",",,7","   44",",,7"
"USC00349428","2020-01-01","35.5083","-98.7751","538.0","WEATHERFORD 4 WSW MESONET, OK US","    0",",,7,2400",,,,,"  133",",,7","  -11",",,7",,,,,,,"   11",",,7","   67",",,7"
"USC00349428","2020-01-02","35.5083","-98.7751","538.0","WEATHERFORD 4 WSW MESONET, OK US","    0",",,7,2400",,,,,"  122",",,7","    6",",,7",,,,,,,"   22",",,7","   89",",,7"
"USC00349428","2020-01-03","35.5083","-98.7751","538.0","WEATHERFORD 4 WSW MESONET, OK US","    0",",,7,2400",,,,,"  117",",,7","   11",",,7",,,,,,,"   33",",,7","   78",",,7"
"USC00349428","2020-01-04","35.5083","-98.7751","538.0","WEATHERFORD 4 WSW MESONET, OK US","    0",",,7,2400",,,,,"  117",",,7","  -22",",,7",,,,,,,"   17",",,7","   78",",,7"
"USC00349428","2020-01-05","35.5083","-98.7751","538.0","WEATHERFORD 4 WSW MESONET, OK US","    0",",,7,2400",,,,,"  139",",,7","    6",",,7",,,,,,,"   22",",,7","   83",",,7"
"USC00349428","2020-01-06","35.5083","-98.7751","538.0","WEATHERFORD 4 WSW MESONET, OK US","    0",",,7,2400",,,,,"  128",",,7","  -17",",,7",,,,,,,"   11",",,7","   72",",,7"
"USC00349428","2020-01-07","35.5083","-98.7751","538.0","WEATHERFORD 4 WSW MESONET, OK US","    0",",,7,2400",,,,,"  156",",,7","  -33",",,7",,,,,,,"    6",",,7","   67",",,7"
"USC00349428","2020-01-08","35.5083","-98.7751","538.0","WEATHERFORD 4 WSW MESONET, OK US","    0",",,7,2400",,,,,"  161",",,7","    0",",,7",,,,,,,"   11",",,7","   72",",,7"
"USC00349428","2020-01-09","35.5083","-98.7751","538.0","WEATHERFORD 4 WSW MESONET, OK US","    0",",,7,2400",,,,,"  194",",,7","   89",",,7",,,,,,,"   61",",,7","  133",",,7"
"USC00349428","2020-01-10","35.5083","-98.7751","538.0","WEATHERFORD 4 WSW MESONET, OK US","   36",",,7,2400",,,,,"  178",",,7","  -33",",,7",,,,,,,"   44",",,7","  133",",,7"
"USC00349428","2020-01-11","35.5083","-98.7751","538.0","WEATHERFORD 4 WSW MESONET, OK US","    0",",,7,2400",,,,,"   28",",,7","  -72",",,7",,,,,,,"   11",",,7","   39",",,7"
"USC00349428","2020-01-12","35.5083","-98.7751","538.0","WEATHERFORD 4 WSW MESONET, OK US","    0",",,7,2400",,,,,"  139",",,7","  -17",",,7",,,,,,,"    6",",,7","   67",",,7"
"USC00349428","2020-01-13","35.5083","-98.7751","538.0","WEATHERFORD 4 WSW MESONET, OK US","    3",",,7,2400",,,,,"  156",",,7","   17",",,7",,,,,,,"   22",",,7","  100",",,7"
"USC00349428","2020-01-14","35.5083","-98.7751","538.0","WEATHERFORD 4 WSW MESONET, OK US","    5",",,7,2400",,,,,"  150",",,7","    6",",,7",,,,,,,"   50",",,7","  117",",,7"
"USC00349428","2020-01-15","35.5083","-98.7751","538.0","WEATHERFORD 4 WSW MESONET, OK US","    0",",,7,2400",,,,,"  106",",,7","   22",",,7",,,,,,,"   56",",,7","   89",",,7"
"USC00349428","2020-01-16","35.5083","-98.7751","538.0","WEATHERFORD 4 WSW MESONET, OK US",,,,,,,"   22",",,7","  -33",",,7",,,,,,,"   17",",,7","   56",",,7"
"USC00349428","2020-01-17","35.5083","-98.7751","538.0","WEATHERFORD 4 WSW MESONET, OK US",,,,,,,"   67",",,7","  -11",",,7",,,,,,,"   17",",,7","   50",",,7"
"USC00349428","2020-01-18","35.5083","-98.7751","538.0","WEATHERFORD 4 WSW MESONET, OK US",,,,,,,"   78",",,7","  -11",",,7",,,,,,,"   22",",,7","   61",",,7"
"USC00349428","2020-01-19","35.5083","-98.7751","538.0","WEATHERFORD 4 WSW MESONET, OK US","    0",",,7,2400",,,,,"   94",",,7","  -28",",,7",,,,,,,"   11",",,7","   61",",,7"
"USC00349428","2020-01-20","35.5083","-98.7751","538.0","WEATHERFORD 4 WSW MESONET, OK US",,,,,,,"  117",",,7","  -50",",,7",,,,,,,"    6",",,7","   72",",,7"
"USC00349428","2020-01-21","35.5083","-98.7751","538.0","WEATHERFORD 4 WSW MESONET, OK US",,,,,,,"   56",",,7","  -39",",,7",,,,,,,"   11",",,7","   28",",,7"
"USC00349428","2020-01-22","35.5083","-98.7751","538.0","WEATHERFORD 4 WSW MESONET, OK US",,,,,,,"   44",",,7","   22",",,7","    3",",,7","   61",",,7",,,"   28",",,7","   50",",,7"
"USC00349428","2020-01-23","35.5083","-98.7751","538.0","WEATHERFORD 4 WSW MESONET, OK US","    3",",,7,2400",,,,,"  128",",,7","    0",",,7",,,,,,,"   28",",,7","   72",",,7"
"USC00349428","2020-01-24","35.5083","-98.7751","538.0","WEATHERFORD 4 WSW MESONET, OK US","    0",",,7,2400",,,,,"  128",",,7","  -50",",,7",,,,,,,"   11",",,7","   83",",,7"
"USC00349428","2020-01-25","35.5083","-98.7751","538.0","WEATHERFORD 4 WSW MESONET, OK US","    0",",,7,2400",,,,,"  161",",,7","   11",",,7",,,,,,,"   17",",,7","  100",",,7"
"USC00349428","2020-01-26","35.5083","-98.7751","538.0","WEATHERFORD 4 WSW MESONET, OK US","    0",",,7,2400",,,,,"  167",",,7","    0",",,7",,,,,,,"   28",",,7","  117",",,7"
"USC00349428","2020-01-27","35.5083","-98.7751","538.0","WEATHERFORD 4 WSW MESONET, OK US","    0",",,7,2400",,,,,"  183",",,7","   33",",,7",,,,,,,"   28",",,7","  117",",,7"
"USC00349428","2020-01-28","35.5083","-98.7751","538.0","WEATHERFORD 4 WSW MESONET, OK US","  150",",,7,2400",,,,,"   89",",,7","    0",",,7",,,,,,,"   28",",,7","   83",",,7"
"USC00349428","2020-01-29","35.5083","-98.7751","538.0","WEATHERFORD 4 WSW MESONET, OK US","    0",",,7,2400",,,,,"   22",",,7","  -11",",,7",,,,,,,"   17",",,7","   39",",,7"
"USC00349428","2020-01-30","35.5083","-98.7751","538.0","WEATHERFORD 4 WSW MESONET, OK US","    0",",,7,2400",,,,,"   22",",,7","   -6",",,7",,,,,,,"   22",",,7","   50",",,7"
"USC00349428","2020-01-31","35.5083","-98.7751","538.0","WEATHERFORD 4 WSW MESONET, OK US","    0",",,7,2400",,,,,"   94",",,7","  -22",",,7",,,,,,,"   11",",,7","   72",",,7"
"USC00349428","2020-02-01","35.5083","-98.7751","538.0","WEATHERFORD 4 WSW MESONET, OK US","    0",",,7,2400",,,,,"  189",",,7","  -28",",,7",,,,,,,"   11",",,7","   94",",,7"
"USC00349428","2020-02-02","35.5083","-98.7751","538.0","WEATHERFORD 4 WSW MESONET, OK US","    0",",,7,2400",,,,,"  233",",,7","   33",",,7",,,,,,,"   28",",,7","  122",",,7"
"USC00349428","2020-02-03","35.5083","-98.7751","538.0","WEATHERFORD 4 WSW MESONET, OK US","    0",",,7,2400",,,,,"  144",",,7","   11",",,7",,,,,,,"   44",",,7","  100",",,7"
"USC00349428","2020-02-04","35.5083","-98.7751","538.0","WEATHERFORD 4 WSW MESONET, OK US","    0",",,7,2400",,,,,"   11",",,7","  -33",",,7",,,,,,,"   17",",,7","   44",",,7"
"USC00349428","2020-02-05","35.5083","-98.7751","538.0","WEATHERFORD 4 WSW MESONET, OK US",,,,,,,"    6",",,7","  -61",",,7",,,,,,,"   11",",,7","   17",",,7"
"USC00349428","2020-02-06","35.5083","-98.7751","538.0","WEATHERFORD 4 WSW MESONET, OK US",,,,,,,"   83",",,7","  -94",",,7","    2",",,7","   10",",,7",,,"    6",",,7","   39",",,7"
"USC00349428","2020-02-07","35.5083","-98.7751","538.0","WEATHERFORD 4 WSW MESONET, OK US","    0",",,7,2400",,,,,"   94",",,7","  -22",",,7",,,,,,,"    6",",,7","   67",",,7"
"USC00349428","2020-02-08","35.5083","-98.7751","538.0","WEATHERFORD 4 WSW MESONET, OK US","    0",",,7,2400",,,,,"  139",",,7","    0",",,7",,,,,,,"   17",",,7","   94",",,7"
"USC00349428","2020-02-09","35.5083","-98.7751","538.0","WEATHERFORD 4 WSW MESONET, OK US","    0",",,7,2400",,,,,"  161",",,7","   11",",,7",,,,,,,"   50",",,7","  117",",,7"
"USC00349428","2020-02-10","35.5083","-98.7751","538.0","WEATHERFORD 4 WSW MESONET, OK US",,,,,,,"   22",",,7","  -17",",,7",,,,,,,"   22",",,7","   50",",,7"
"USC00349428","2020-02-11","35.5083","-98.7751","538.0","WEATHERFORD 4 WSW MESONET, OK US",,,,,,,"   44",",,7","    0",",,7",,,,,,,"   22",",,7","   44",",,7"
"USC00349428","2020-02-12","35.5083","-98.7751","538.0","WEATHERFORD 4 WSW MESONET, OK US",,,,,,,"   72",",,7","    0",",,7","    3",",,7","   86",",,7",,,"   28",",,7","   61",",,7"
"USC00349428","2020-02-13","35.5083","-98.7751","538.0","WEATHERFORD 4 WSW MESONET, OK US","    0",",,7,2400",,,,,"   11",",,7","  -78",",,7",,,,,,,"    6",",,7","   28",",,7"
"USC00349428","2020-02-14","35.5083","-98.7751","538.0","WEATHERFORD 4 WSW MESONET, OK US","    0",",,7,2400",,,,,"   61",",,7","  -67",",,7",,,,,,,"    0",",,7","   33",",,7"
"USC00349428","2020-02-15","35.5083","-98.7751","538.0","WEATHERFORD 4 WSW MESONET, OK US","    0",",,7,2400",,,,,"  139",",,7","    6",",,7",,,,,,,"   11",",,7","  106",",,7"
"USC00349428","2020-02-16","35.5083","-98.7751","538.0","WEATHERFORD 4 WSW MESONET, OK US","    0",",,7,2400",,,,,"  161",",,7","    6",",,7",,,,,,,"   28",",,7","  133",",,7"
"USC00349428","2020-02-17","35.5083","-98.7751","538.0","WEATHERFORD 4 WSW MESONET, OK US","    0",",,7,2400",,,,,"  161",",,7","   61",",,7",,,,,,,"   67",",,7","  111",",,7"
"USC00349428","2020-02-18","35.5083","-98.7751","538.0","WEATHERFORD 4 WSW MESONET, OK US","    0",",,7,2400",,,,,"  100",",,7","   -6",",,7",,,,,,,"   44",",,7","   94",",,7"
"USC00349428","2020-02-19","35.5083","-98.7751","538.0","WEATHERFORD 4 WSW MESONET, OK US","    0",",,7,2400",,,,,"  117",",,7","  -22",",,7",,,,,,,"   17",",,7","  106",",,7"
"USC00349428","2020-02-20","35.5083","-98.7751","538.0","WEATHERFORD 4 WSW MESONET, OK US","    0",",,7,2400",,,,,"   39",",,7","  -56",",,7",,,,,,,"   22",",,7","   72",",,7"
"USC00349428","2020-02-21","35.5083","-98.7751","538.0","WEATHERFORD 4 WSW MESONET, OK US","    0",",,7,2400",,,,,"   89",",,7","  -89",",,7",,,,,,,"    0",",,7","   61",",,7"
"USC00349428","2020-02-22","35.5083","-98.7751","538.0","WEATHERFORD 4 WSW MESONET, OK US","    0",",,7,2400",,,,,"  150",",,7","    6",",,7",,,,,,,"   17",",,7","  100",",,7"
"USC00349428","2020-02-23","35.5083","-98.7751","538.0","WEATHERFORD 4 WSW MESONET, OK US","  160",",,7,2400",,,,,"  111",",,7","   72",",,7",,,,,,,"   67",",,7","   94",",,7"
"USC00349428","2020-02-24","35.5083","-98.7751","538.0","WEATHERFORD 4 WSW MESONET, OK US","    0",",,7,2400",,,,,"  111",",,7","   39",",,7",,,,,,,"   61",",,7","   94",",,7"
"USC00349428","2020-02-25","35.5083","-98.7751","538.0","WEATHERFORD 4 WSW MESONET, OK US","   18",",,7,2400",,,,,"   83",",,7","    0",",,7",,,,,,,"   33",",,7","   78",",,7"
"USC00349428","2020-02-26","35.5083","-98.7751","538.0","WEATHERFORD 4 WSW MESONET, OK US","    0",",,7,2400",,,,,"   44",",,7","  -39",",,7",,,,,,,"   11",",,7","   56",",,7"
"USC00349428","2020-02-27","35.5083","-98.7751","538.0","WEATHERFORD 4 WSW MESONET, OK US","    0",",,7,2400",,,,,"  150",",,7","  -50",",,7",,,,,,,"    6",",,7","   89",",,7"
"USC00349428","2020-02-28","35.5083","-98.7751","538.0","WEATHERFORD 4 WSW MESONET, OK US","    0",",,7,2400",,,,,"  194",",,7","  -28",",,7",,,,,,,"   17",",,7","  117",",,7"
"USC00349428","2020-02-29","35.5083","-98.7751","538.0","WEATHERFORD 4 WSW MESONET, OK US","    0",",,7,2400",,,,,"  228",",,7","   44",",,7",,,,,,,"   33",",,7","  133",",,7"
"USC00349428","2020-03-01","35.5083","-98.7751","538.0","WEATHERFORD 4 WSW MESONET, OK US","    0",",,7,2400",,,,,"  228",",,7","   83",",,7",,,,,,,"   67",",,7","  178",",,7"
"USC00349428","2020-03-02","35.5083","-98.7751","538.0","WEATHERFORD 4 WSW MESONET, OK US","    0",",,7,2400",,,,,"  144",",,7","   33",",,7",,,,,,,"   67",",,7","  150",",,7"
"USC00349428","2020-03-03","35.5083","-98.7751","538.0","WEATHERFORD 4 WSW MESONET, OK US","    0",",,7,2400",,,,,"  167",",,7","   44",",,7",,,,,,,"   67",",,7","  156",",,7"
"USC00349428","2020-03-04","35.5083","-98.7751","538.0","WEATHERFORD 4 WSW MESONET, OK US","    0",",,7,2400",,,,,"  122",",,7","   50",",,7",,,,,,,"   67",",,7","  106",",,7"
"USC00349428","2020-03-05","35.5083","-98.7751","538.0","WEATHERFORD 4 WSW MESONET, OK US","    0",",,7,2400",,,,,"  172",",,7","    6",",,7",,,,,,,"   28",",,7","  139",",,7"
"USC00349428","2020-03-06","35.5083","-98.7751","538.0","WEATHERFORD 4 WSW MESONET, OK US","    0",",,7,2400",,,,,"  178",",,7","    0",",,7",,,,,,,"   28",",,7","  156",",,7"
"USC00349428","2020-03-07","35.5083","-98.7751","538.0","WEATHERFORD 4 WSW MESONET, OK US","    0",",,7,2400",,,,,"  194",",,7","   22",",,7",,,,,,,"   50",",,7","  150",",,7"
"USC00349428","2020-03-08","35.5083","-98.7751","538.0","WEATHERFORD 4 WSW MESONET, OK US","   18",",,7,2400",,,,,"  128",",,7","   56",",,7",,,,,,,"   72",",,7","  106",",,7"
"USC00349428","2020-03-09","35.5083","-98.7751","538.0","WEATHERFORD 4 WSW MESONET, OK US","   46",",,7,2400",,,,,"  167",",,7","   50",",,7",,,,,,,"   89",",,7","  156",",,7"
"USC00349428","2020-03-10","35.5083","-98.7751","538.0","WEATHERFORD 4 WSW MESONET, OK US","    0",",,7,2400",,,,,"  222",",,7","   33",",,7",,,,,,,"   61",",,7","  178",",,7"
"USC00349428","2020-03-11","35.5083","-98.7751","538.0","WEATHERFORD 4 WSW MESONET, OK US","    0",",,7,2400",,,,,"  228",",,7","   94",",,7",,,,,,,"  111",",,7","  200",",,7"
"USC00349428","2020-03-12","35.5083","-98.7751","538.0","WEATHERFORD 4 WSW MESONET, OK US","    0",",,7,2400",,,,,"  256",",,7","  111",",,7",,,,,,,"  117",",,7","  217",",,7"
"USC00349428","2020-03-13","35.5083","-98.7751","538.0","WEATHERFORD 4 WSW MESONET, OK US","   89",",,7,2400",,,,,"  122",",,7","   39",",,7",,,,,,,"   72",",,7","  150",",,7"
"USC00349428","2020-03-14","35.5083","-98.7751","538.0","WEATHERFORD 4 WSW MESONET, OK US","   79",",,7,2400",,,,,"  106",",,7","   44",",,7",,,,,,,"   67",",,7","  122",",,7"
"USC00349428","2020-03-15","35.5083","-98.7751","538.0","WEATHERFORD 4 WSW MESONET, OK US","   58",",,7,2400",,,,,"   61",",,7","   33",",,7",,,,,,,"   67",",,7","   89",",,7"
"USC00349428","2020-03-16","35.5083","-98.7751","538.0","WEATHERFORD 4 WSW MESONET, OK US","   13",",,7,2400",,,,,"  128",",,7","   56",",,7",,,,,,,"   72",",,7","  122",",,7"
"USC00349428","2020-03-17","35.5083","-98.7751","538.0","WEATHERFORD 4 WSW MESONET, OK US","  150",",,7,2400",,,,,"  111",",,7","   78",",,7",,,,,,,"   94",",,7","  111",",,7"
"USC00349428","2020-03-18","35.5083","-98.7751","538.0","WEATHERFORD 4 WSW MESONET, OK US","   51",",,7,2400",,,,,"  233",",,7","  111",",,7",,,,,,,"  106",",,7","  172",",,7"
"USC00349428","2020-03-19","35.5083","-98.7751","538.0","WEATHERFORD 4 WSW MESONET, OK US","   13",",,7,2400",,,,,"  233",",,7","   94",",,7",,,,,,,"  117",",,7","  178",",,7"
"USC00349428","2020-03-20","35.5083","-98.7751","538.0","WEATHERFORD 4 WSW MESONET, OK US",,,,,,,"   94",",,7","    0",",,7",,,,,,,"   56",",,7","  117",",,7"
"USC00349428","2020-03-21","35.5083","-98.7751","538.0","WEATHERFORD 4 WSW MESONET, OK US",,,,,,,"   89",",,7","  -22",",,7",,,,,,,"   28",",,7","  100",",,7"
"USC00349428","2020-03-22","35.5083","-98.7751","538.0","WEATHERFORD 4 WSW MESONET, OK US",,,,,,,"  122",",,7","   50",",,7","    3",",,7","  124",",,7",,,"   72",",,7","  117",",,7"
"USC00349428","2020-03-23","35.5083","-98.7751","538.0","WEATHERFORD 4 WSW MESONET, OK US","    3",",,7,2400",,,,,"  200",",,7","  100",",,7",,,,,,,"  100",",,7","  161",",,7"
"USC00349428","2020-03-24","35.5083","-98.7751","538.0","WEATHERFORD 4 WSW MESONET, OK US","    0",",,7,2400",,,,,"  206",",,7","  106",",,7",,,,,,,"  128",",,7","  194",",,7"
"USC00349428","2020-03-25","35.5083","-98.7751","538.0","WEATHERFORD 4 WSW MESONET, OK US","    0",",,7,2400",,,,,"  267",",,7","  106",",,7",,,,,,,"  111",",,7","  189",",,7"
"USC00349428","2020-03-26","35.5083","-98.7751","538.0","WEATHERFORD 4 WSW MESONET, OK US","    0",",,7,2400",,,,,"  333",",,7","  122",",,7",,,,,,,"  117",",,7","  217",",,7"
"USC00349428","2020-03-27","35.5083","-98.7751","538.0","WEATHERFORD 4 WSW MESONET, OK US","    0",",,7,2400",,,,,"  267",",,7","  161",",,7",,,,,,,"  156",",,7","  217",",,7"
"USC00349428","2020-03-28","35.5083","-98.7751","538.0","WEATHERFORD 4 WSW MESONET, OK US","    5",",,7,2400",,,,,"  206",",,7","   67",",,7",,,,,,,"  117",",,7","  183",",,7"
"USC00349428","2020-03-29","35.5083","-98.7751","538.0","WEATHERFORD 4 WSW MESONET, OK US","    0",",,7,2400",,,,,"  189",",,7","   22",",,7",,,,,,,"   67",",,7","  183",",,7"
"USC00349428","2020-03-30","35.5083","-98.7751","538.0","WEATHERFORD 4 WSW MESONET, OK US","  112",",,7,2400",,,,,"  139",",,7","   89",",,7",,,,,,,"  106",",,7","  128",",,7"
"USC00349428","2020-03-31","35.5083","-98.7751","538.0","WEATHERFORD 4 WSW MESONET, OK US","    3",",,7,2400",,,,,"  172",",,7","   83",",,7",,,,,,,"  100",",,7","  200",",,7"
"USC00349428","2020-04-01","35.5083","-98.7751","538.0","WEATHERFORD 4 WSW MESONET, OK US","    0",",,7,2400",,,,,"  200",",,7","   83",",,7",,,,,,,"  100",",,7","  167",",,7"
"USC00349428","2020-04-02","35.5083","-98.7751","538.0","WEATHERFORD 4 WSW MESONET, OK US","    0",",,7,2400",,,,,"  222",",,7","   17",",,7",,,,,,,"  111",",,7","  200",",,7"
"USC00349428","2020-04-03","35.5083","-98.7751","538.0","WEATHERFORD 4 WSW MESONET, OK US","    0",",,7,2400",,,,,"   61",",,7","  -22",",,7",,,,,,,"   56",",,7","  128",",,7"
"USC00349428","2020-04-04","35.5083","-98.7751","538.0","WEATHERFORD 4 WSW MESONET, OK US","    0",",,7,2400",,,,,"   78",",,7","  -11",",,7",,,,,,,"   33",",,7","  150",",,7"
"USC00349428","2020-04-05","35.5083","-98.7751","538.0","WEATHERFORD 4 WSW MESONET, OK US","    0",",,7,2400",,,,,"  189",",,7","   39",",,7",,,,,,,"   78",",,7","  172",",,7"
"USC00349428","2020-04-06","35.5083","-98.7751","538.0","WEATHERFORD 4 WSW MESONET, OK US","    0",",,7,2400",,,,,"  217",",,7","  133",",,7",,,,,,,"  133",",,7","  194",",,7"
"USC00349428","2020-04-07","35.5083","-98.7751","538.0","WEATHERFORD 4 WSW MESONET, OK US","    0",",,7,2400",,,,,"  294",",,7","  156",",,7",,,,,,,"  150",",,7","  256",",,7"
"USC00349428","2020-04-08","35.5083","-98.7751","538.0","WEATHERFORD 4 WSW MESONET, OK US","    0",",,7,2400",,,,,"  294",",,7","  133",",,7",,,,,,,"  128",",,7","  272",",,7"
"USC00349428","2020-04-09","35.5083","-98.7751","538.0","WEATHERFORD 4 WSW MESONET, OK US","    0",",,7,2400",,,,,"  172",",,7","   89",",,7",,,,,,,"  133",",,7","  206",",,7"
"USC00349428","2020-04-10","35.5083","-98.7751","538.0","WEATHERFORD 4 WSW MESONET, OK US","    0",",,7,2400",,,,,"  200",",,7","   33",",,7",,,,,,,"   83",",,7","  228",",,7"
"USC00349428","2020-04-11","35.5083","-98.7751","538.0","WEATHERFORD 4 WSW MESONET, OK US","    0",",,7,2400",,,,,"  239",",,7","  111",",,7",,,,,,,"  128",",,7","  233",",,7"
"USC00349428","2020-04-12","35.5083","-98.7751","538.0","WEATHERFORD 4 WSW MESONET, OK US","    0",",,7,2400",,,,,"  211",",,7","    6",",,7",,,,,,,"   94",",,7","  200",",,7"
"USC00349428","2020-04-13","35.5083","-98.7751","538.0","WEATHERFORD 4 WSW MESONET, OK US",,,,,,,"   56",",,7","   -6",",,7",,,,,,,"   61",",,7","  111",",,7"
"USC00349428","2020-04-14","35.5083","-98.7751","538.0","WEATHERFORD 4 WSW MESONET, OK US",,,,,,,"   72",",,7","   -6",",,7",,,,,,,"   50",",,7","  122",",,7"
"USC00349428","2020-04-15","35.5083","-98.7751","538.0","WEATHERFORD 4 WSW MESONET, OK US",,,,,,,"  161",",,7","  -33",",,7","    3",",,7","   15",",,7",,,"   28",",,7","  178",",,7"
"USC00349428","2020-04-16","35.5083","-98.7751","538.0","WEATHERFORD 4 WSW MESONET, OK US","    0",",,7,2400",,,,,"  228",",,7","   56",",,7",,,,,,,"   83",",,7","  211",",,7"
"USC00349428","2020-04-17","35.5083","-98.7751","538.0","WEATHERFORD 4 WSW MESONET, OK US","    0",",,7,2400",,,,,"  117",",,7","   17",",,7",,,,,,,"   89",",,7","  183",",,7"
"USC00349428","2020-04-18","35.5083","-98.7751","538.0","WEATHERFORD 4 WSW MESONET, OK US","    0",",,7,2400",,,,,"  194",",,7","   11",",,7",,,,,,,"   67",",,7","  211",",,7"
"USC00349428","2020-04-19","35.5083","-98.7751","538.0","WEATHERFORD 4 WSW MESONET, OK US","    0",",,7,2400",,,,,"  206",",,7","   89",",,7",,,,,,,"  128",",,7","  211",",,7"
"USC00349428","2020-04-20","35.5083","-98.7751","538.0","WEATHERFORD 4 WSW MESONET, OK US","   13",",,7,2400",,,,,"  244",",,7","   89",",,7",,,,,,,"  117",",,7","  261",",,7"
"USC00349428","2020-04-21","35.5083","-98.7751","538.0","WEATHERFORD 4 WSW MESONET, OK US","   20",",,7,2400",,,,,"  272",",,7","   94",",,7",,,,,,,"  133",",,7","  272",",,7"
"USC00349428","2020-04-22","35.5083","-98.7751","538.0","WEATHERFORD 4 WSW MESONET, OK US","  173",",,7,2400",,,,,"  189",",,7","  106",",,7",,,,,,,"  144",",,7","  189",",,7"
"USC00349428","2020-04-23","35.5083","-98.7751","538.0","WEATHERFORD 4 WSW MESONET, OK US","    0",",,7,2400",,,,,"  267",",,7","   83",",,7",,,,,,,"  111",",,7","  244",",,7"
"USC00349428","2020-04-24","35.5083","-98.7751","538.0","WEATHERFORD 4 WSW MESONET, OK US","    0",",,7,2400",,,,,"  233",",,7","  100",",,7",,,,,,,"  133",",,7","  217",",,7"
"USC00349428","2020-04-25","35.5083","-98.7751","538.0","WEATHERFORD 4 WSW MESONET, OK US","    0",",,7,2400",,,,,"  233",",,7","   72",",,7",,,,,,,"  106",",,7","  244",",,7"
"USC00349428","2020-04-26","35.5083","-98.7751","538.0","WEATHERFORD 4 WSW MESONET, OK US","    0",",,7,2400",,,,,"  261",",,7","   89",",,7",,,,,,,"  117",",,7","  244",",,7"
"USC00349428","2020-04-27","35.5083","-98.7751","538.0","WEATHERFORD 4 WSW MESONET, OK US","    0",",,7,2400",,,,,"  278",",,7","  156",",,7",,,,,,,"  156",",,7","  278",",,7"
"USC00349428","2020-04-28","35.5083","-98.7751","538.0","WEATHERFORD 4 WSW MESONET, OK US","    0",",,7,2400",,,,,"  322",",,7","  156",",,7",,,,,,,"  172",",,7","  300",",,7"
"USC00349428","2020-04-29","35.5083","-98.7751","538.0","WEATHERFORD 4 WSW MESONET, OK US","    0",",,7,2400",,,,,"  233",",,7","   72",",,7",,,,,,,"  144",",,7","  261",",,7"
"USC00349428","2020-04-30","35.5083","-98.7751","538.0","WEATHERFORD 4 WSW MESONET, OK US","    0",",,7,2400",,,,,"  278",",,7","   78",",,7",,,,,,,"  128",",,7","  278",",,7"
