"STATION","DATE","LATITUDE","LONGITUDE","ELEVATION","NAME","PRCP","PRCP_ATTRIBUTES","SNOW","SNOW_ATTRIBUTES","SNWD","SNWD_ATTRIBUTES","TMAX","TMAX_ATTRIBUTES","TMIN","TMIN_ATTRIBUTES","DAPR","DAPR_ATTRIBUTES","MDPR","MDPR_ATTRIBUTES","TOBS","TOBS_ATTRIBUTES","WESD","WESD_ATTRIBUTES","WT01","WT01_ATTRIBUTES","WT03","WT03_ATTRIBUTES","WT04","WT04_ATTRIBUTES","WT05","WT05_ATTRIBUTES","WT06","WT06_ATTRIBUTES","WT07","WT07_ATTRIBUTES","WT08","WT08_ATTRIBUTES","WT09","WT09_ATTRIBUTES","WT10","WT10_ATTRIBUTES","WT11","WT11_ATTRIBUTES","WT14","WT14_ATTRIBUTES"
"USC00321871","2018-07-03","48.9144","-103.2977","597.1","CROSBY, ND US","    0",",,7,1800",,,,,"  256",",,7","  106",",,7",,,,,"  250",",,7,1800",,,,,,,,,,,,,,,,,,,,,,,,
"USC00321871","2018-07-04","48.9144","-103.2977","597.1","CROSBY, ND US","  102",",,7,1800",,,,,"  261",",,7","  122",",,7",,,,,"  211",",,7,1800",,,,,,,,,,,,,,,,,,,,,,,,
"USC00321871","2018-07-05","48.9144","-103.2977","597.1","CROSBY, ND US","    0",",,7,1800",,,,,"  250",",,7","   94",",,7",,,,,"  200",",,7,1800",,,,,,,,,,,,,,,,,,,,,,,,
"USC00321871","2018-07-06","48.9144","-103.2977","597.1","CROSBY, ND US","    0",",,7,1800",,,,,"  311",",,7","  156",",,7",,,,,"  306",",,7,1800",,,,,,,,,,,,,,,,,,,,,,,,
"USC00321871","2018-07-07","48.9144","-103.2977","597.1","CROSBY, ND US","    8",",,7,1800",,,,,"  333",",,7","  156",",,7",,,,,"  322",",,7,1800",,,,,,,,,,,,,,,,,,,,,,,,
"USC00321871","2018-07-08","48.9144","-103.2977","597.1","CROSBY, ND US","    0",",,7,1800",,,,,"  322",",,7","  139",",,7",,,,,"  261",",,7,1800",,,,,,,,,,,,,,,,,,,,,,,,
"USC00321871","2018-07-09","48.9144","-103.2977","597.1","CROSBY, ND US","    0",",,7,1800",,,,,"  306",",,7","  128",",,7",,,,,"  250",",,7,1800",,,,,,,,,,,,,,,,,,,,,,,,
"USC00321871","2018-07-10","48.9144","-103.2977","597.1","CROSBY, ND US","    3",",,7,1800",,,,,"  294",",,7","  183",",,7",,,,,"  244",",,7,1800",,,,,,,,,,,,,,,,,,,,,,,,
"USC00321871","2018-07-11","48.9144","-103.2977","597.1","CROSBY, ND US","   48",",,7,1800",,,,,"  267",",,7","  156",",,7",,,,,"  222",",,7,1800",,,,,,,,,,,,,,,,,,,,,,,,
"USC00321871","2018-07-12","48.9144","-103.2977","597.1","CROSBY, ND US","    0",",,7,1800",,,,,"  278",",,7","  167",",,7",,,,,"  256",",,7,1800",,,,,,,,,,,,,,,,,,,,,,,,
"USC00321871","2018-07-13","48.9144","-103.2977","597.1","CROSBY, ND US","    0",",,7,1800",,,,,"  328",",,7","  150",",,7",,,,,"  311",",,7,1800",,,,,,,,,,,,,,,,,,,,,,,,
"USC00321871","2018-07-14","48.9144","-103.2977","597.1","CROSBY, ND US","    0",",,7,1800",,,,,"  311",",,7","  117",",,7",,,,,"  267",",,7,1800",,,,,,,,,,,,,,,,,,,,,,,,
"USC00321871","2018-07-15","48.9144","-103.2977","597.1","CROSBY, ND US","    0",",,7,1800",,,,,"  267",",,7","   83",",,7",,,,,"  250",",,7,1800",,,,,,,,,,,,,,,,,,,,,,,,
"USC00321871","2018-07-16","48.9144","-103.2977","597.1","CROSBY, ND US","    0",",,7,1800",,,,,"  261",",,7","  100",",,7",,,,,"  194",",,7,1800",,,,,,,,,,,,,,,,,,,,,,,,
"USC00321871","2018-07-17","48.9144","-103.2977","597.1","CROSBY, ND US","    0",",,7,1800",,,,,"  322",",,7","  111",",,7",,,,,"  239",",,7,1800",,,,,,,,,,,,,,,,,,,,,,,,
"USC00321871","2018-07-18","48.9144","-103.2977","597.1","CROSBY, ND US","    0",",,7,1800",,,,,"  322",",,7","  150",",,7",,,,,"  239",",,7,1800",,,,,,,,,,,,,,,,,,,,,,,,
"USC00321871","2018-07-19","48.9144","-103.2977","597.1","CROSBY, ND US","    0",",,7,1800",,,,,"  283",",,7","  172",",,7",,,,,"  189",",,7,1800",,,,,,,,,,,,,,,,,,,,,,,,
"USC00321871","2018-07-20","48.9144","-103.2977","597.1","CROSBY, ND US","    0",",,7,1800",,,,,"  278",",,7","  106",",,7",,,,,"  211",",,7,1800",,,,,,,,,,,,,,,,,,,,,,,,
"USC00321871","2018-07-21","48.9144","-103.2977","597.1","CROSBY, ND US","    3",",,7,1800",,,,,"  283",",,7","  156",",,7",,,,,"  211",",,7,1800",,,,,,,,,,,,,,,,,,,,,,,,
"USC00321871","2018-07-22","48.9144","-103.2977","597.1","CROSBY, ND US","    0",",,7,1800",,,,,"  261",",,7","  156",",,7",,,,,"  167",",,7,1800",,,,,,,,,,,,,,,,,,,,,,,,
"USC00321871","2018-07-23","48.9144","-103.2977","597.1","CROSBY, ND US","    0",",,7,1800",,,,,"  256",",,7","  122",",,7",,,,,"  222",",,7,1800",,,,,,,,,,,,,,,,,,,,,,,,
"USC00321871","2018-07-24","48.9144","-103.2977","597.1","CROSBY, ND US","    3",",,7,1800",,,,,"  239",",,7","  106",",,7",,,,,"  139",",,7,1800",,,,,,,,,,,,,,,,,,,,,,,,
"USC00321871","2018-07-25","48.9144","-103.2977","597.1","CROSBY, ND US","    0",",,7,1800",,,,,"  228",",,7","  106",",,7",,,,,"  133",",,7,1800",,,,,,,,,,,,,,,,,,,,,,,,
"USC00321871","2018-07-26","48.9144","-103.2977","597.1","CROSBY, ND US","    0",",,7,1800",,,,,"  211",",,7","   78",",,7",,,,,"  200",",,7,1800",,,,,,,,,,,,,,,,,,,,,,,,
"USC00321871","2018-07-27","48.9144","-103.2977","597.1","CROSBY, ND US","    0",",,7,1800",,,,,"  244",",,7","  100",",,7",,,,,"  172",",,7,1800",,,,,,,,,,,,,,,,,,,,,,,,
"USC00321871","2018-07-28","48.9144","-103.2977","597.1","CROSBY, ND US","    3",",,7,1800",,,,,"  283",",,7","   89",",,7",,,,,"  178",",,7,1800",,,,,,,,,,,,,,,,,,,,,,,,
"USC00321871","2018-07-29","48.9144","-103.2977","597.1","CROSBY, ND US","    0",",,7,1800",,,,,"  289",",,7","  133",",,7",,,,,"  200",",,7,1800",,,,,,,,,,,,,,,,,,,,,,,,
"USC00321871","2018-07-30","48.9144","-103.2977","597.1","CROSBY, ND US","    0",",,7,1800",,,,,"  311",",,7","  128",",,7",,,,,"  239",",,7,1800",,,,,,,,,,,,,,,,,,,,,,,,
"USC00321871","2018-07-31","48.9144","-103.2977","597.1","CROSBY, ND US","    0",",,7,1800",,,,,"  256",",,7","  133",",,7",,,,,"  172",",,7,1800",,,,,,,,,,,,,,,,,,,,,,,,
"USC00321871","2018-08-01","48.9144","-103.2977","597.1","CROSBY, ND US","    0",",,7,1800",,,,,"  244",",,7","   94",",,7",,,,,"  161",",,7,1800",,,,,,,,,,,,,,,,,,,,,,,,
"USC00321871","2018-08-02","48.9144","-103.2977","597.1","CROSBY, ND US","    0",",,7,1800",,,,,"  328",",,7","  133",",,7",,,,,"  283",",,7,1800",,,,,,,,,,,,,,,,,,,,,,,,
"USC00321871","2018-08-03","48.9144","-103.2977","597.1","CROSBY, ND US","    0",",,7,1800",,,,,"  333",",,7","  128",",,7",,,,,"  283",",,7,1800",,,,,,,,,,,,,,,,,,,,,,,,
"USC00321871","2018-08-04","48.9144","-103.2977","597.1","CROSBY, ND US","    0",",,7,1800",,,,,"  328",",,7","  117",",,7",,,,,"  283",",,7,1800",,,,,,,,,,,,,,,,,,,,,,,,
"USC00321871","2018-08-05","48.9144","-103.2977","597.1","CROSBY, ND US","    5",",,7,1800",,,,,"  283",",,7","  106",",,7",,,,,"  283",",,7,1800",,,,,,,,,,,,,,,,,,,,,,,,
"USC00321871","2018-08-06","48.9144","-103.2977","597.1","CROSBY, ND US","    0",",,7,1800",,,,,"  283",",,7","  111",",,7",,,,,"  283",",,7,1800",,,,,,,,,,,,,,,,,,,,,,,,
"USC00321871","2018-08-07","48.9144","-103.2977","597.1","CROSBY, ND US","    0",",,7,1800",,,,,"  339",",,7","  139",",,7",,,,,"  267",",,7,1800",,,,,,,,,,,,,,,,,,,,,,,,
"USC00321871","2018-08-08","48.9144","-103.2977","597.1","CROSBY, ND US","    0",",,7,1800",,,,,"  311",",,7","  144",",,7",,,,,"  267",",,7,1800",,,,,,,,,,,,,,,,,,,,,,,,
"USC00321871","2018-08-09","48.9144","-103.2977","597.1","CROSBY, ND US","    0",",,7,1800",,,,,"  350",",,7","  139",",,7",,,,,"  311",",,7,1800",,,,,,,,,,,,,,,,,,,,,,,,
"USC00321871","2018-08-10","48.9144","-103.2977","597.1","CROSBY, ND US","    0",",,7,1800",,,,,"  372",",,7","  156",",,7",,,,,"  311",",,7,1800",,,,,,,,,,,,,,,,,,,,,,,,
"USC00321871","2018-08-11","48.9144","-103.2977","597.1","CROSBY, ND US","    0",",,7,1800",,,,,"  406",",,7","  178",",,7",,,,,"  294",",,7,1800",,,,,,,,,,,,,,,,,,,,,,,,
"USC00321871","2018-08-12","48.9144","-103.2977","597.1","CROSBY, ND US","    0",",,7,1800",,,,,"  406",",,7","  178",",,7",,,,,"  333",",,7,1800",,,,,,,,,,,,,,,,,,,,,,,,
"USC00321871","2018-08-13","48.9144","-103.2977","597.1","CROSBY, ND US","    0",",,7,1800",,,,,"  339",",,7","  144",",,7",,,,,"  150",",,7,1800",,,,,,,,,,,,,,,,,,,,,,,,
"USC00321871","2018-08-14","48.9144","-103.2977","597.1","CROSBY, ND US","    0",",,7,1800",,,,,"  272",",,7","   56",",,7",,,,,"  194",",,7,1800",,,,,,,,,,,,,,,,,,,,,,,,
"USC00321871","2018-08-15","48.9144","-103.2977","597.1","CROSBY, ND US","    0",",,7,1800",,,,,"  317",",,7","  139",",,7",,,,,"  239",",,7,1800",,,,,,,,,,,,,,,,,,,,,,,,
"USC00321871","2018-08-16","48.9144","-103.2977","597.1","CROSBY, ND US","    0",",,7,1800",,,,,"  294",",,7","  139",",,7",,,,,"  261",",,7,1800",,,,,,,,,,,,,,,,,,,,,,,,
"USC00321871","2018-08-17","48.9144","-103.2977","597.1","CROSBY, ND US","    0",",,7,1800",,,,,"  339",",,7","  150",",,7",,,,,"  256",",,7,1800",,,,,,,,,,,,,,,,,,,,,,,,
"USC00321871","2018-08-18","48.9144","-103.2977","597.1","CROSBY, ND US","    0",",,7,1800",,,,,"  300",",,7","  172",",,7",,,,,"  233",",,7,1800",,,,,,,,,,,,,,,,,,,,,,,,
"USC00321871","2018-08-19","48.9144","-103.2977","597.1","CROSBY, ND US","    0",",,7,1800",,,,,"  239",",,7","   72",",,7",,,,,"  217",",,7,1800",,,,,,,,,,,,,,,,,,,,,,,,
"USC00321871","2018-08-20","48.9144","-103.2977","597.1","CROSBY, ND US","    0",",,7,1800",,,,,"  222",",,7","   39",",,7",,,,,"  189",",,7,1800",,,,,,,,,,,,,,,,,,,,,,,,
"USC00321871","2018-08-21","48.9144","-103.2977","597.1","CROSBY, ND US","    0",",,7,1800",,,,,"  256",",,7","   61",",,7",,,,,"  194",",,7,1800",,,,,,,,,,,,,,,,,,,,,,,,
"USC00321871","2018-08-22","48.9144","-103.2977","597.1","CROSBY, ND US","    0",",,7,1800",,,,,"  283",",,7","   94",",,7",,,,,"  211",",,7,1800",,,,,,,,,,,,,,,,,,,,,,,,
"USC00321871","2018-08-23","48.9144","-103.2977","597.1","CROSBY, ND US","    0",",,7,1800",,,,,"  272",",,7","  139",",,7",,,,,"  250",",,7,1800",,,,,,,,,,,,,,,,,,,,,,,,
"USC00321871","2018-08-24","48.9144","-103.2977","597.1","CROSBY, ND US","    0",",,7,1800",,,,,"  317",",,7","  111",",,7",,,,,"  178",",,7,1800",,,,,,,,,,,,,,,,,,,,,,,,
"USC00321871","2018-08-25","48.9144","-103.2977","597.1","CROSBY, ND US","    0",",,7,1800",,,,,"  217",",,7","   83",",,7",,,,,"  128",",,7,1800",,,,,,,,,,,,,,,,,,,,,,,,
"USC00321871","2018-08-26","48.9144","-103.2977","597.1","CROSBY, ND US","   56",",,7,1800",,,,,"  206",",,7","   56",",,7",,,,,"  117",",,7,1800",,,,,,,,,,,,,,,,,,,,,,,,
"USC00321871","2018-08-27","48.9144","-103.2977","597.1","CROSBY, ND US","    3",",,7,1800",,,,,"  139",",,7","   50",",,7",,,,,"  122",",,7,1800",,,,,,,,,,,,,,,,,,,,,,,,
"USC00321871","2018-08-28","48.9144","-103.2977","597.1","CROSBY, ND US","    8",",,7,1800",,,,,"  167",",,7","   67",",,7",,,,,"  139",",,7,1800",,,,,,,,,,,,,,,,,,,,,,,,
"USC00321871","2018-08-29","48.9144","-103.2977","597.1","CROSBY, ND US","    0",",,7,1800",,,,,"  267",",,7","   56",",,7",,,,,"  206",",,7,1800",,,,,,,,,,,,,,,,,,,,,,,,
"USC00321871","2018-08-30","48.9144","-103.2977","597.1","CROSBY, ND US","    0",",,7,1800",,,,,"  317",",,7","  111",",,7",,,,,"  172",",,7,1800",,,,,,,,,,,,,,,,,,,,,,,,
"USC00321871","2018-08-31","48.9144","-103.2977","597.1","CROSBY, ND US","   13",",,7,1800",,,,,"  233",",,7","  117",",,7",,,,,"  139",",,7,1800",,,,,,,,,,,,,,,,,,,,,,,,
"USC00321871","2018-09-01","48.9144","-103.2977","597.1","CROSBY, ND US","    0",",,7,1800",,,,,"  278",",,7","   78",",,7",,,,,"  172",",,7,1800",,,,,,,,,,,,,,,,,,,,,,,,
"USC00321871","2018-09-02","48.9144","-103.2977","597.1","CROSBY, ND US","    0",",,7,1800",,,,,"  228",",,7","   56",",,7",,,,,"  161",",,7,1800",,,,,,,,,,,,,,,,,,,,,,,,
"USC00321871","2018-09-03","48.9144","-103.2977","597.1","CROSBY, ND US","    0",",,7,1800",,,,,"  311",",,7","  122",",,7",,,,,"  228",",,7,1800",,,,,,,,,,,,,,,,,,,,,,,,
"USC00321871","2018-09-04","48.9144","-103.2977","597.1","CROSBY, ND US","    0",",,7,1800",,,,,"  228",",,7","   72",",,7",,,,,"  144",",,7,1800",,,,,,,,,,,,,,,,,,,,,,,,
"USC00321871","2018-09-05","48.9144","-103.2977","597.1","CROSBY, ND US","    0",",,7,1800",,,,,"  222",",,7","   17",",,7",,,,,"  133",",,7,1800",,,,,,,,,,,,,,,,,,,,,,,,
"USC00321871","2018-09-06","48.9144","-103.2977","597.1","CROSBY, ND US","    0",",,7,1800",,,,,"  256",",,7","   78",",,7",,,,,"  206",",,7,1800",,,,,,,,,,,,,,,,,,,,,,,,
"USC00321871","2018-09-07","48.9144","-103.2977","597.1","CROSBY, ND US","    0",",,7,1800",,,,,"  278",",,7","   72",",,7",,,,,"  250",",,7,1800",,,,,,,,,,,,,,,,,,,,,,,,
"USC00321871","2018-09-08","48.9144","-103.2977","597.1","CROSBY, ND US","    0",",,7,1800",,,,,"  300",",,7","   67",",,7",,,,,"  256",",,7,1800",,,,,,,,,,,,,,,,,,,,,,,,
"USC00321871","2018-09-09","48.9144","-103.2977","597.1","CROSBY, ND US","    5",",,7,1800",,,,,"  256",",,7","  133",",,7",,,,,"  200",",,7,1800",,,,,,,,,,,,,,,,,,,,,,,,
"USC00321871","2018-09-10","48.9144","-103.2977","597.1","CROSBY, ND US","    0",",,7,1800",,,,,"  283",",,7","   72",",,7",,,,,"  200",",,7,1800",,,,,,,,,,,,,,,,,,,,,,,,
"USC00321871","2018-09-11","48.9144","-103.2977","597.1","CROSBY, ND US","  109",",,7,1800",,,,,"  200",",,7","  128",",,7",,,,,"  172",",,7,1800",,,,,,,,,,,,,,,,,,,,,,,,
"USC00321871","2018-09-12","48.9144","-103.2977","597.1","CROSBY, ND US","    0",",,7,1800",,,,,"  172",",,7","   44",",,7",,,,,"  128",",,7,1800",,,,,,,,,,,,,,,,,,,,,,,,
"USC00321871","2018-09-13","48.9144","-103.2977","597.1","CROSBY, ND US","    0",",,7,1800",,,,,"  194",",,7","   56",",,7",,,,,"  144",",,7,1800",,,,,,,,,,,,,,,,,,,,,,,,
"USC00321871","2018-09-14","48.9144","-103.2977","597.1","CROSBY, ND US","   56",",,7,1800",,,,,"  144",",,7","   50",",,7",,,,,"  117",",,7,1800",,,,,,,,,,,,,,,,,,,,,,,,
"USC00321871","2018-09-15","48.9144","-103.2977","597.1","CROSBY, ND US","   10",",,7,1800",,,,,"  144",",,7","   61",",,7",,,,,"  128",",,7,1800",,,,,,,,,,,,,,,,,,,,,,,,
"USC00321871","2018-09-16","48.9144","-103.2977","597.1","CROSBY, ND US","   46",",,7,1800",,,,,"  128",",,7","   94",",,7",,,,,"  111",",,7,1800",,,,,,,,,,,,,,,,,,,,,,,,
"USC00321871","2018-09-17","48.9144","-103.2977","597.1","CROSBY, ND US","    0",",,7,1800",,,,,"  172",",,7","   67",",,7",,,,,"   89",",,7,1800",,,,,,,,,,,,,,,,,,,,,,,,
"USC00321871","2018-09-18","48.9144","-103.2977","597.1","CROSBY, ND US","    0",",,7,1800",,,,,"  156",",,7","   50",",,7",,,,,"  117",",,7,1800",,,,,,,,,,,,,,,,,,,,,,,,
"USC00321871","2018-09-19","48.9144","-103.2977","597.1","CROSBY, ND US","    5",",,7,1800",,,,,"  117",",,7","   56",",,7",,,,,"   83",",,7,1800",,,,,,,,,,,,,,,,,,,,,,,,
"USC00321871","2018-09-20","48.9144","-103.2977","597.1","CROSBY, ND US","  180",",,7,1800",,,,,"   83",",,7","   33",",,7",,,,,"   33",",,7,1800",,,,,,,,,,,,,,,,,,,,,,,,
"USC00321871","2018-09-21","48.9144","-103.2977","597.1","CROSBY, ND US","   38",",,7,1800",,,,,"  117",",,7","   -6",",,7",,,,,"  111",",,7,1800",,,,,,,,,,,,,,,,,,,,,,,,
"USC00321871","2018-09-22","48.9144","-103.2977","597.1","CROSBY, ND US","    5",",,7,1800",,,,,"  111",",,7","    0",",,7",,,,,"   56",",,7,1800",,,,,,,,,,,,,,,,,,,,,,,,
"USC00321871","2018-09-23","48.9144","-103.2977","597.1","CROSBY, ND US","    0",",,7,1800",,,,,"   56",",,7","   -6",",,7",,,,,"   39",",,7,1800",,,,,,,,,,,,,,,,,,,,,,,,
"USC00321871","2018-09-24","48.9144","-103.2977","597.1","CROSBY, ND US","    0",",,7,1800",,,,,"   94",",,7","   39",",,7",,,,,"   56",",,7,1800",,,,,,,,,,,,,,,,,,,,,,,,
"USC00321871","2018-09-25","48.9144","-103.2977","597.1","CROSBY, ND US","   25",",,7,1800",,,,,"  133",",,7","   28",",,7",,,,,"   39",",,7,1800",,,,,,,,,,,,,,,,,,,,,,,,
"USC00321871","2018-09-26","48.9144","-103.2977","597.1","CROSBY, ND US","    3",",,7,1800",,,,,"  156",",,7","   -6",",,7",,,,,,,,,,,,,,,,,,,,,,,,,,,,,,
"USC00321871","2018-09-27","48.9144","-103.2977","597.1","CROSBY, ND US","    0",",,7,1800",,,,,"  100",",,7","  -22",",,7",,,,,,,,,,,,,,,,,,,,,,,,,,,,,,
"USC00321871","2018-09-28","48.9144","-103.2977","597.1","CROSBY, ND US","    0",",,7,1800",,,,,"  100",",,7","  -67",",,7",,,,,,,,,,,,,,,,,,,,,,,,,,,,,,
"USC00321871","2018-09-29","48.9144","-103.2977","597.1","CROSBY, ND US","    0",",,7,1800",,,,,"  111",",,7","  -17",",,7",,,,,,,,,,,,,,,,,,,,,,,,,,,,,,
"USC00321871","2018-09-30","48.9144","-103.2977","597.1","CROSBY, ND US","    0",",,7,1800",,,,,"   50",",,7","  -44",",,7",,,,,,,,,,,,,,,,,,,,,,,,,,,,,,
"USC00321871","2018-10-01","48.9144","-103.2977","597.1","CROSBY, ND US","   43",",,7,1800",,,,,"  106",",,7","   28",",,7",,,,,"  100",",,7,1800",,,,,,,,,,,,,,,,,,,,,,,,
"USC00321871","2018-10-02","48.9144","-103.2977","597.1","CROSBY, ND US","   13",",,7,1800",,,,,"  100",",,7","   11",",,7",,,,,"   22",",,7,1800",,,,,,,,,,,,,,,,,,,,,,,,
"USC00321871","2018-10-03","48.9144","-103.2977","597.1","CROSBY, ND US","  157",",,7,1800","  127",",,7,1800",,,"   22",",,7","  -17",",,7",,,,,"  -11",",,7,1800",,,,,,,,,,,,,,,,,,,,,,,,
"USC00321871","2018-10-04","48.9144","-103.2977","597.1","CROSBY, ND US","  107",",,7,1800","  102",",,7,1800",,,"   56",",,7","  -61",",,7",,,,,"   28",",,7,1800",,,,,,,,,,,,,,,,,,,,,,,,
"USC00321871","2018-10-05","48.9144","-103.2977","597.1","CROSBY, ND US","  107",",,7,1800","  102",",,7,1800",,,"   28",",,7","   -6",",,7",,,,,"   11",",,7,1800",,,,,,,,,,,,,,,,,,,,,,,,
"USC00321871","2018-10-06","48.9144","-103.2977","597.1","CROSBY, ND US","    0",",,7,1800",,,,,"   83",",,7","  -28",",,7",,,,,"   44",",,7,1800",,,,,,,,,,,,,,,,,,,,,,,,
"USC00321871","2018-10-07","48.9144","-103.2977","597.1","CROSBY, ND US","    0",",,7,1800",,,,,"   78",",,7","  -22",",,7",,,,,,,,,,,,,,,,,,,,,,,,,,,,,,
"USC00321871","2018-10-08","48.9144","-103.2977","597.1","CROSBY, ND US","    0",",,7,1800",,,,,"   94",",,7","  -17",",,7",,,,,"   22",",,7,1800",,,,,,,,,,,,,,,,,,,,,,,,
"USC00321871","2018-10-09","48.9144","-103.2977","597.1","CROSBY, ND US","    0",",,7,1800",,,,,"   28",",,7","  -22",",,7",,,,,"   11",",,7,1800",,,,,,,,,,,,,,,,,,,,,,,,
"USC00321871","2018-10-10","48.9144","-103.2977","597.1","CROSBY, ND US","    0",",,7,1800",,,,,"   11",",,7","  -56",",,7",,,,,"  -28",",,7,1800",,,,,,,,,,,,,,,,,,,,,,,,
"USC00321871","2018-10-11","48.9144","-103.2977","597.1","CROSBY, ND US","    0",",,7,1800",,,,,"   50",",,7","  -83",",,7",,,,,"    0",",,7,1800",,,,,,,,,,,,,,,,,,,,,,,,
"USC00321871","2018-10-12","48.9144","-103.2977","597.1","CROSBY, ND US","   13",",,7,1800",,,,,"   83",",,7","  -50",",,7",,,,,"   44",",,7,1800",,,,,,,,,,,,,,,,,,,,,,,,
"USC00321871","2018-10-13","48.9144","-103.2977","597.1","CROSBY, ND US","    0",",,7,1800",,,,,"   61",",,7","  -61",",,7",,,,,"  -28",",,7,1800",,,,,,,,,,,,,,,,,,,,,,,,
"USC00321871","2018-10-14","48.9144","-103.2977","597.1","CROSBY, ND US","    0",",,7,1800",,,,,"   11",",,7","  -39",",,7",,,,,"   -6",",,7,1800",,,,,,,,,,,,,,,,,,,,,,,,
"USC00321871","2018-10-15","48.9144","-103.2977","597.1","CROSBY, ND US","    0",",,7,1800",,,,,"  150",",,7","  -83",",,7",,,,,"   94",",,7,1800",,,,,,,,,,,,,,,,,,,,,,,,
"USC00321871","2018-10-16","48.9144","-103.2977","597.1","CROSBY, ND US","    0",",,7,1800",,,,,"  100",",,7","   22",",,7",,,,,"   56",",,7,1800",,,,,,,,,,,,,,,,,,,,,,,,
"USC00321871","2018-10-17","48.9144","-103.2977","597.1","CROSBY, ND US","    0",",,7,1800",,,,,"  189",",,7","  -17",",,7",,,,,"  144",",,7,1800",,,,,,,,,,,,,,,,,,,,,,,,
"USC00321871","2018-10-18","48.9144","-103.2977","597.1","CROSBY, ND US","    0",",,7,1800",,,,,"  228",",,7","   56",",,7",,,,,"  183",",I,7,1800",,,,,,,,,,,,,,,,,,,,,,,,
"USC00321871","2018-10-19","48.9144","-103.2977","597.1","CROSBY, ND US","    0",",,7,1800",,,,,"  150",",I,7","   33",",,7",,,,,"  122",",,7,1800",,,,,,,,,,,,,,,,,,,,,,,,
"USC00321871","2018-10-20","48.9144","-103.2977","597.1","CROSBY, ND US","    0",",,7,1800",,,,,"  122",",,7","  -78",",,7",,,,,"   50",",,7,1800",,,,,,,,,,,,,,,,,,,,,,,,
"USC00321871","2018-10-21","48.9144","-103.2977","597.1","CROSBY, ND US","    0",",,7,1800",,,,,"  161",",,7","  -11",",,7",,,,,"   83",",,7,1800",,,,,,,,,,,,,,,,,,,,,,,,
"USC00321871","2018-10-22","48.9144","-103.2977","597.1","CROSBY, ND US","    0",",,7,1800",,,,,"  111",",,7","  -17",",,7",,,,,"   17",",,7,1800",,,,,,,,,,,,,,,,,,,,,,,,
"USC00321871","2018-10-23","48.9144","-103.2977","597.1","CROSBY, ND US","    0",",,7,1800",,,,,"  150",",,7","  -61",",,7",,,,,"   83",",,7,1800",,,,,,,,,,,,,,,,,,,,,,,,
"USC00321871","2018-10-24","48.9144","-103.2977","597.1","CROSBY, ND US","    0",",,7,1800",,,,,"  172",",,7","  -28",",,7",,,,,"   89",",,7,1800",,,,,,,,,,,,,,,,,,,,,,,,
"USC00321871","2018-10-25","48.9144","-103.2977","597.1","CROSBY, ND US","    0",",,7,1800",,,,,"  178",",,7","   -6",",,7",,,,,,,,,,,,,,,,,,,,,,,,,,,,,,
"USC00321871","2018-10-26","48.9144","-103.2977","597.1","CROSBY, ND US","    0",",,7,1800",,,,,"  172",",,7","   -6",",,7",,,,,,,,,,,,,,,,,,,,,,,,,,,,,,
"USC00321871","2018-10-27","48.9144","-103.2977","597.1","CROSBY, ND US","    8",",,7,1800",,,,,"  122",",,7","   22",",,7",,,,,,,,,,,,,,,,,,,,,,,,,,,,,,
"USC00321871","2018-10-28","48.9144","-103.2977","597.1","CROSBY, ND US","    0",",,7,1800",,,,,"  111",",,7","  -33",",,7",,,,,,,,,,,,,,,,,,,,,,,,,,,,,,
"USC00321871","2018-10-29","48.9144","-103.2977","597.1","CROSBY, ND US","   53",",,7,1800",,,,,"   83",",,7","   50",",,7",,,,,"   56",",,7,1800",,,,,,,,,,,,,,,,,,,,,,,,
"USC00321871","2018-10-30","48.9144","-103.2977","597.1","CROSBY, ND US","    0",",,7,1800",,,,,"   94",",,7","   -6",",,7",,,,,"   22",",,7,1800",,,,,,,,,,,,,,,,,,,,,,,,
"USC00321871","2018-10-31","48.9144","-103.2977","597.1","CROSBY, ND US","   13",",,7,1800",,,,,"   89",",,7","   -6",",,7",,,,,"   44",",,7,1800",,,,,,,,,,,,,,,,,,,,,,,,
"USC00321871","2018-11-01","48.9144","-103.2977","597.1","CROSBY, ND US","    0",",,7,1800",,,,,"   78",",,7","   -6",",,7",,,,,"   33",",,7,1800",,,,,,,,,,,,,,,,,,,,,,,,
"USC00321871","2018-11-02","48.9144","-103.2977","597.1","CROSBY, ND US","   33",",,7,1800",,,,,"   39",",,7","    6",",,7",,,,,"    6",",,7,1800",,,,,,,,,,,,,,,,,,,,,,,,
"USC00321871","2018-11-03","48.9144","-103.2977","597.1","CROSBY, ND US","   28",",,7,1800",,,,,"    6",",,7","  -28",",,7",,,,,"    6",",,7,1800",,,,,,,,,,,,,,,,,,,,,,,,
"USC00321871","2018-11-04","48.9144","-103.2977","597.1","CROSBY, ND US","   20",",,7,1800",,,,,"   50",",,7","    6",",,7",,,,,"   22",",,7,1800",,,,,,,,,,,,,,,,,,,,,,,,
"USC00321871","2018-11-05","48.9144","-103.2977","597.1","CROSBY, ND US","    0",",,7,1800",,,,,"   33",",,7","  -33",",,7",,,,,"  -33",",,7,1800",,,,,,,,,,,,,,,,,,,,,,,,
"USC00321871","2018-11-06","48.9144","-103.2977","597.1","CROSBY, ND US","   33",",,7,1800","   51",",,7,1800",,,"  -33",",,7"," -122",",,7",,,,," -122",",,7,1800",,,,,,,,,,,,,,,,,,,,,,,,
"USC00321871","2018-11-07","48.9144","-103.2977","597.1","CROSBY, ND US","    0",",,7,1800",,,,,"  -89",",,7"," -128",",,7",,,,," -111",",,7,1800",,,,,,,,,,,,,,,,,,,,,,,,
"USC00321871","2018-11-08","48.9144","-103.2977","597.1","CROSBY, ND US","    0",",,7,1800",,,,,"  -89",",,7"," -178",",,7",,,,," -150",",,7,1800",,,,,,,,,,,,,,,,,,,,,,,,
"USC00321871","2018-11-09","48.9144","-103.2977","597.1","CROSBY, ND US","    0",",,7,1800",,,,,"  -83",",,7"," -239",",,7",,,,,,,,,,,,,,,,,,,,,,,,,,,,,,
"USC00321871","2018-11-10","48.9144","-103.2977","597.1","CROSBY, ND US","    0",",,7,1800",,,,,"  -28",",,7"," -106",",,7",,,,,,,,,,,,,,,,,,,,,,,,,,,,,,
"USC00321871","2018-11-11","48.9144","-103.2977","597.1","CROSBY, ND US","    8",",,7,1800",,,,,"  -72",",,7"," -156",",,7",,,,," -117",",,7,1800",,,,,,,,,,,,,,,,,,,,,,,,
"USC00321871","2018-11-12","48.9144","-103.2977","597.1","CROSBY, ND US","    0",",,7,1800",,,,,"  -56",",,7"," -139",",,7",,,,," -111",",,7,1800",,,,,,,,,,,,,,,,,,,,,,,,
"USC00321871","2018-11-13","48.9144","-103.2977","597.1","CROSBY, ND US","    0",",,7,1800",,,,,"   56",",,7"," -111",",,7",,,,,"    6",",,7,1800",,,,,,,,,,,,,,,,,,,,,,,,
"USC00321871","2018-11-14","48.9144","-103.2977","597.1","CROSBY, ND US","    0",",,7,1800",,,,,"   83",",,7","  -17",",,7",,,,,"   33",",,7,1800",,,,,,,,,,,,,,,,,,,,,,,,
"USC00321871","2018-11-15","48.9144","-103.2977","597.1","CROSBY, ND US","    5",",,7,1800",,,,,"   50",",,7","   11",",,7",,,,,"   11",",,7,1800",,,,,,,,,,,,,,,,,,,,,,,,
"USC00321871","2018-11-16","48.9144","-103.2977","597.1","CROSBY, ND US","   10",",,7,1800",,,,,"   11",",,7"," -156",",,7",,,,," -100",",,7,1800",,,,,,,,,,,,,,,,,,,,,,,,
"USC00321871","2018-11-17","48.9144","-103.2977","597.1","CROSBY, ND US","    3",",,7,1800",,,,,"  -94",",,7"," -156",",,7",,,,," -106",",,7,1800",,,,,,,,,,,,,,,,,,,,,,,,
"USC00321871","2018-11-18","48.9144","-103.2977","597.1","CROSBY, ND US","    5",",,7,1800",,,,,"  -39",",,7"," -128",",,7",,,,,"  -89",",,7,1800",,,,,,,,,,,,,,,,,,,,,,,,
"USC00321871","2018-11-19","48.9144","-103.2977","597.1","CROSBY, ND US","    0",",,7,1800",,,,,"  -61",",,7"," -156",",,7",,,,,"  -61",",,7,1800",,,,,,,,,,,,,,,,,,,,,,,,
"USC00321871","2018-11-20","48.9144","-103.2977","597.1","CROSBY, ND US","    0",",,7,1800",,,,,"   50",",,7","  -61",",,7",,,,,"   -6",",,7,1800",,,,,,,,,,,,,,,,,,,,,,,,
"USC00321871","2018-11-21","48.9144","-103.2977","597.1","CROSBY, ND US","    0",",,7,1800",,,,,"   -6",",,7","  -61",",,7",,,,,"  -22",",,7,1800",,,,,,,,,,,,,,,,,,,,,,,,
"USC00321871","2018-11-22","48.9144","-103.2977","597.1","CROSBY, ND US","    0",",,7,1800",,,,,"   44",",,7","  -44",",,7",,,,,"   11",",,7,1800",,,,,,,,,,,,,,,,,,,,,,,,
"USC00321871","2018-11-23","48.9144","-103.2977","597.1","CROSBY, ND US","    0",",,7,1800",,,,,"   50",",,7","  -17",",,7",,,,,"    0",",,7,1800",,,,,,,,,,,,,,,,,,,,,,,,
"USC00321871","2018-11-24","48.9144","-103.2977","597.1","CROSBY, ND US","    0",",,7,1800",,,,,"    0",",,7","  -50",",,7",,,,,"  -50",",,7,1800",,,,,,,,,,,,,,,,,,,,,,,,
"USC00321871","2018-11-25","48.9144","-103.2977","597.1","CROSBY, ND US","    3",",,7,1800",,,,,"  -50",",,7","  -78",",,7",,,,,"  -72",",,7,1800",,,,,,,,,,,,,,,,,,,,,,,,
"USC00321871","2018-11-26","48.9144","-103.2977","597.1","CROSBY, ND US","    0",",,7,1800",,,,,"  -72",",,7"," -122",",,7",,,,,"  -83",",,7,1800",,,,,,,,,,,,,,,,,,,,,,,,
"USC00321871","2018-11-27","48.9144","-103.2977","597.1","CROSBY, ND US","    5",",,7,1800","    3",",,7,1800","   25",",,7,1800","  -17",",,7","  -83",",,7",,,,,"  -22",",,7,1800",,,,,,,,,,,,,,,,,,,,,,,,
"USC00321871","2018-11-28","48.9144","-103.2977","597.1","CROSBY, ND US","   15",",,7,1800",,,,,"   17",",,7","  -39",",,7",,,,,"  -39",",,7,1800",,,,,,,,,,,,,,,,,,,,,,,,
"USC00321871","2018-11-29","48.9144","-103.2977","597.1","CROSBY, ND US","    0",",,7,1800",,,,,"    0",",,7","  -44",",,7",,,,,"  -33",",,7,1800",,,"    1",",,7",,,,,,,,,,,,,,,,,,,,
"USC00321871","2018-11-30","48.9144","-103.2977","597.1","CROSBY, ND US","    0",",,7,1800",,,,,"    0",",,7","  -83",",,7",,,,,"  -33",",,7,1800",,,,,,,,,,,,,,,,,,,,,,,,
"USC00321871","2018-12-01","48.9144","-103.2977","597.1","CROSBY, ND US","   58",",,7,1800",,,,,"  -17",",,7","  -39",",,7",,,,,"  -39",",,7,1800",,,"    1",",,7",,,,,,,,,,,,,,,,,,,,
"USC00321871","2018-12-02","48.9144","-103.2977","597.1","CROSBY, ND US","    0",",,7,1800",,,,,"  -39",",,7","  -89",",,7",,,,,"  -72",",,7,1800",,,,,,,,,,,,,,,,,,,,,,,,
"USC00321871","2018-12-03","48.9144","-103.2977","597.1","CROSBY, ND US","    0",",,7,1800",,,,,"  -28",",,7","  -83",",,7",,,,,"  -61",",,7,1800",,,,,,,,,,,,,,,,,,,,,,,,
"USC00321871","2018-12-04","48.9144","-103.2977","597.1","CROSBY, ND US","    0",",,7,1800",,,,,"  -61",",,7"," -111",",,7",,,,,,,,,,,,,,,,,,,,,,,,,,,,,,
"USC00321871","2018-12-05","48.9144","-103.2977","597.1","CROSBY, ND US","    0",",,7,1800",,,,,"  -61",",,7"," -122",",,7",,,,," -106",",,7,1800",,,,,,,,,,,,,,,,,,,,,,,,
"USC00321871","2018-12-06","48.9144","-103.2977","597.1","CROSBY, ND US","    3",",,7,1800",,,,,"  -78",",,7"," -183",",,7",,,,,"  -89",",,7,1800",,,,,,,,,,,,,,,,,,,,,,,,
"USC00321871","2018-12-07","48.9144","-103.2977","597.1","CROSBY, ND US","    0",",,7,1800",,,,,"  -56",",,7"," -183",",,7",,,,," -117",",,7,1800",,,,,,,,,,,,,,,,,,,,,,,,
"USC00321871","2018-12-08","48.9144","-103.2977","597.1","CROSBY, ND US","    0",",,7,1800",,,,,"  -78",",,7"," -139",",,7",,,,," -139",",,7,1800",,,,,,,,,,,,,,,,,,,,,,,,
"USC00321871","2018-12-09","48.9144","-103.2977","597.1","CROSBY, ND US","    0",",,7,1800",,,,,"  -11",",,7"," -156",",,7",,,,,"  -39",",,7,1800",,,,,,,,,,,,,,,,,,,,,,,,
"USC00321871","2018-12-10","48.9144","-103.2977","597.1","CROSBY, ND US","    0",",,7,1800",,,,,"  -11",",,7"," -106",",,7",,,,,"  -56",",,7,1800",,,,,,,,,,,,,,,,,,,,,,,,
"USC00321871","2018-12-11","48.9144","-103.2977","597.1","CROSBY, ND US","    0",",,7,1800",,,,,"   17",",,7","  -61",",,7",,,,,"  -56",",,7,1800",,,,,,,,,,,,,,,,,,,,,,,,
"USC00321871","2018-12-12","48.9144","-103.2977","597.1","CROSBY, ND US","    0",",,7,1800",,,,,"   28",",,7","  -83",",,7",,,,,"  -11",",,7,1800",,,,,,,,,,,,,,,,,,,,,,,,
"USC00321871","2018-12-13","48.9144","-103.2977","597.1","CROSBY, ND US","    0",",,7,1800",,,,,"   17",",,7","  -83",",,7",,,,,,,,,,,,,,,,,,,,,,,,,,,,,,
"USC00321871","2018-12-14","48.9144","-103.2977","597.1","CROSBY, ND US","    0",",,7,1800",,,,,"   44",",,7","  -61",",,7",,,,,,,,,,,,,,,,,,,,,,,,,,,,,,
"USC00321871","2018-12-15","48.9144","-103.2977","597.1","CROSBY, ND US","    0",",,7,1800",,,,,"   61",",,7","  -28",",,7",,,,,,,,,,,,,,,,,,,,,,,,,,,,,,
"USC00321871","2018-12-16","48.9144","-103.2977","597.1","CROSBY, ND US","    0",",,7,1800",,,,,"   -6",",,7","  -72",",,7",,,,,,,,,,,,,,,,,,,,,,,,,,,,,,
"USC00321871","2018-12-17","48.9144","-103.2977","597.1","CROSBY, ND US","    0",",,7,1800",,,,,"   39",",,7","  -61",",,7",,,,,"    0",",,7,1800",,,,,,,,,,,,,,,,,,,,,,,,
"USC00321871","2018-12-18","48.9144","-103.2977","597.1","CROSBY, ND US","    0",",,7,1800",,,,,"   44",",,7","  -33",",,7",,,,,"    6",",,7,1800",,,,,,,,,,,,,,,,,,,,,,,,
"USC00321871","2018-12-19","48.9144","-103.2977","597.1","CROSBY, ND US","    0",",,7,1800",,,,,"   50",",,7","    0",",,7",,,,,"    0",",,7,1800",,,,,,,,,,,,,,,,,,,,,,,,
"USC00321871","2018-12-20","48.9144","-103.2977","597.1","CROSBY, ND US","    0",",,7,1800",,,,,"   39",",,7","  -39",",,7",,,,,"  -17",",,7,1800",,,,,,,,,,,,,,,,,,,,,,,,
"USC00321871","2018-12-21","48.9144","-103.2977","597.1","CROSBY, ND US","    0",",,7,1800",,,,,"   28",",,7","  -22",",,7",,,,,,,,,,,,,,,,,,,,,,,,,,,,,,
"USC00321871","2018-12-22","48.9144","-103.2977","597.1","CROSBY, ND US","   13",",,7,1800",,,,,"   33",",,7","  -72",",,7",,,,,"  -72",",,7,1800",,,,,,,,,,,,,,,,,,,,,,,,
"USC00321871","2018-12-23","48.9144","-103.2977","597.1","CROSBY, ND US","    3",",,7,1800",,,,,"  -39",",,7"," -106",",,7",,,,,"  -61",",,7,1800",,,,,,,,,,,,,,,,,,,,,,,,
"USC00321871","2018-12-24","48.9144","-103.2977","597.1","CROSBY, ND US","    8",",,7,1800",,,,,"  -39",",,7","  -89",",,7",,,,,"  -89",",,7,1800",,,,,,,,,,,,,,,,,,,,,,,,
"USC00321871","2018-12-25","48.9144","-103.2977","597.1","CROSBY, ND US","    5",",,7,1800",,,,,"  -72",",,7"," -111",",,7",,,,," -106",",,7,1800",,,,,,,,,,,,,,,,,,,,,,,,
"USC00321871","2018-12-26","48.9144","-103.2977","597.1","CROSBY, ND US","   30",",,7,1800","   51",",,7,1800",,,"  -83",",,7"," -111",",,7",,,,," -111",",,7,1800",,,,,,,,,,,,,,,,,,,,,,,,
"USC00321871","2018-12-27","48.9144","-103.2977","597.1","CROSBY, ND US","   10",",,7,1800","   25",",,7,1800",,," -100",",,7"," -167",",,7",,,,," -111",",,7,1800",,,,,,,,,,,,,,,,,,,,,,,,
"USC00321871","2018-12-28","48.9144","-103.2977","597.1","CROSBY, ND US","    0",",,7,1800",,,,," -111",",,7"," -261",",,7",,,,," -133",",,7,1800",,,,,,,,,,,,,,,,,,,,,,,,
"USC00321871","2018-12-30","48.9144","-103.2977","597.1","CROSBY, ND US",,,,,,,"  -28",",,7"," -150",",,7","    2",",,7","    5",",,7"," -133",",,7,1800",,,,,,,,,,,,,,,,,,,,,,,,
"USC00321871","2018-12-31","48.9144","-103.2977","597.1","CROSBY, ND US","    0",",,7,1800",,,,,"  -78",",,7"," -278",",,7",,,,,"  -78",",,7,1800",,,,,,,,,,,,,,,,,,,,,,,,
"USC00321871","2019-01-01","48.9144","-103.2977","597.1","CROSBY, ND US","   15",",,7,1800","   25",",,7,1800",,,"  -67",",,7","  -78",",,7",,,,,"  -67",",,7,1800",,,,,,,,,,,,,,,,,,,,,,,,
"USC00321871","2019-01-02","48.9144","-103.2977","597.1","CROSBY, ND US","    0",",,7,1800","    0",",,7,1800",,,"   28",",,7","  -78",",,7",,,,,"   22",",,7,1800",,,,,,,,,,,,,,,,,,,,,,,,
"USC00321871","2019-01-03","48.9144","-103.2977","597.1","CROSBY, ND US","    0",",,7,1800","    0",",,7,1800",,,"   72",",,7","  -17",",,7",,,,,"    0",",,7,1800",,,,,,,,,,,,,,,,,,,,,,,,
"USC00321871","2019-01-04","48.9144","-103.2977","597.1","CROSBY, ND US","    0",",,7,1800","    0",",,7,1800",,,"   72",",,7","   -6",",,7",,,,,"   50",",,7,1800",,,,,,,,,,,,,,,,,,,,,,,,
"USC00321871","2019-01-05","48.9144","-103.2977","597.1","CROSBY, ND US","    0",",,7,1800","    0",",,7,1800",,,"   50",",,7","  -61",",,7",,,,,"  -44",",,7,1800",,,,,,,,,,,,,,,,,,,,,,,,
"USC00321871","2019-01-06","48.9144","-103.2977","597.1","CROSBY, ND US","    0",",,7,1800","    0",",,7,1800",,,"   -6",",,7","  -67",",,7",,,,,"  -11",",,7,1800",,,,,,,,,,,,,,,,,,,,,,,,
"USC00321871","2019-01-07","48.9144","-103.2977","597.1","CROSBY, ND US","    0",",,7,1800","    0",",,7,1800",,,"   28",",,7","  -61",",,7",,,,,"  -61",",,7,1800",,,,,,,,,,,,,,,,,,,,,,,,
"USC00321871","2019-01-08","48.9144","-103.2977","597.1","CROSBY, ND US","    0",",,7,1800","    0",",,7,1800",,,"  -61",",,7"," -183",",,7",,,,," -183",",,7,1800",,,,,,,,,,,,,,,,,,,,,,,,
"USC00321871","2019-01-09","48.9144","-103.2977","597.1","CROSBY, ND US","    0",",,7,1800","    0",",,7,1800",,," -106",",,7"," -200",",,7",,,,," -106",",,7,1800",,,,,,,,,,,,,,,,,,,,,,,,
"USC00321871","2019-01-10","48.9144","-103.2977","597.1","CROSBY, ND US","    0",",,7,1800","    0",",,7,1800",,,"   28",",,7"," -117",",,7",,,,,"  -94",",,7,1800",,,,,,,,,,,,,,,,,,,,,,,,
"USC00321871","2019-01-11","48.9144","-103.2977","597.1","CROSBY, ND US","   10",",,7,1800",,,,,"  -89",",,7"," -172",",,7",,,,," -117",",,7,1800",,,,,,,,,,,,,,,,,,,,,,,,
"USC00321871","2019-01-12","48.9144","-103.2977","597.1","CROSBY, ND US","    0",",,7,1800","    0",",,7,1800",,,"  -61",",,7"," -144",",,7",,,,," -100",",,7,1800",,,,,,,,,,,,,,,,,,,,,,,,
"USC00321871","2019-01-13","48.9144","-103.2977","597.1","CROSBY, ND US","    0",",,7,1800","    0",",,7,1800",,,"  -17",",,7"," -122",",,7",,,,,"  -61",",,7,1800",,,,,,,,,,,,,,,,,,,,,,,,
"USC00321871","2019-01-14","48.9144","-103.2977","597.1","CROSBY, ND US","    0",",,7,1800","    0",",,7,1800",,,"   17",",,7","  -94",",,7",,,,,"  -61",",,7,1800",,,,,,,,,,,,,,,,,,,,,,,,
"USC00321871","2019-01-15","48.9144","-103.2977","597.1","CROSBY, ND US","    0",",,7,1800","    0",",,7,1800",,,"  -28",",,7"," -172",",,7",,,,," -156",",,7,1800",,,,,,,,,,,,,,,,,,,,,,,,
"USC00321871","2019-01-16","48.9144","-103.2977","597.1","CROSBY, ND US","    0",",,7,1800","    0",",,7,1800",,,"  -94",",,7"," -161",",,7",,,,," -111",",,7,1800",,,,,,,,,,,,,,,,,,,,,,,,
"USC00321871","2019-01-17","48.9144","-103.2977","597.1","CROSBY, ND US","    3",",,7,1800",,,,," -106",",,7"," -161",",,7",,,,," -161",",,7,1800",,,,,,,,,,,,,,,,,,,,,,,,
"USC00321871","2019-01-18","48.9144","-103.2977","597.1","CROSBY, ND US","    0",",,7,1800","    0",",,7,1800",,," -156",",,7"," -200",",,7",,,,," -161",",,7,1800",,,,,,,,,,,,,,,,,,,,,,,,
"USC00321871","2019-01-19","48.9144","-103.2977","597.1","CROSBY, ND US","    3",",,7,1800",,,,," -128",",,7"," -172",",,7",,,,," -172",",,7,1800",,,,,,,,,,,,,,,,,,,,,,,,
"USC00321871","2019-01-20","48.9144","-103.2977","597.1","CROSBY, ND US","   48",",,7,1800","  140",",,7,1800",,," -144",",,7"," -206",",,7",,,,," -150",",,7,1800",,,,,,,,,,,,,,,,,,,,,,,,
"USC00321871","2019-01-21","48.9144","-103.2977","597.1","CROSBY, ND US","    0",",,7,1800","    0",",,7,1800","  127",",,7,1800"," -122",",,7"," -194",",,7",,,,," -167",",,7,1800",,,,,,,,,,,,,,,,,,,,,,,,
"USC00321871","2019-01-22","48.9144","-103.2977","597.1","CROSBY, ND US","    0",",,7,1800","    0",",,7,1800",,,"  -28",",,7"," -172",",,7",,,,,"  -61",",,7,1800",,,,,,,,,,,,,,,,,,,,,,,,
"USC00321871","2019-01-23","48.9144","-103.2977","597.1","CROSBY, ND US","    0",",,7,1800","    0",",,7,1800",,,"  -39",",,7"," -189",",,7",,,,," -183",",,7,1800",,,,,,,,,,,,,,,,,,,,,,,,
"USC00321871","2019-01-24","48.9144","-103.2977","597.1","CROSBY, ND US","    0",",,7,1800","    0",",,7,1800",,," -156",",,7"," -272",",,7",,,,," -156",",,7,1800",,,,,,,,,,,,,,,,,,,,,,,,
"USC00321871","2019-01-25","48.9144","-103.2977","597.1","CROSBY, ND US","    0",",,7,1800","    0",",,7,1800",,," -100",",,7"," -233",",,7",,,,," -117",",,7,1800",,,,,,,,,,,,,,,,,,,,,,,,
"USC00321871","2019-01-26","48.9144","-103.2977","597.1","CROSBY, ND US","    8",",,7,1800","   13",",,7,1800",,,"  -50",",,7"," -128",",,7",,,,," -117",",,7,1800",,,,,,,,,,,,,,,,,,,,,,,,
"USC00321871","2019-01-27","48.9144","-103.2977","597.1","CROSBY, ND US","    0",",,7,1800","    0",",,7,1800",,,"   39",",,7"," -122",",,7",,,,,"  -83",",,7,1800",,,,,,,,,,,,,,,,,,,,,,,,
"USC00321871","2019-01-28","48.9144","-103.2977","597.1","CROSBY, ND US","    0",",,7,1800","    0",",,7,1800",,,"  -78",",,7"," -183",",,7",,,,," -183",",,7,1800",,,,,,,,,,,,,,,,,,,,,,,,
"USC00321871","2019-01-29","48.9144","-103.2977","597.1","CROSBY, ND US","    0",",,7,1800","    0",",,7,1800",,," -183",",,7"," -300",",,7",,,,," -289",",,7,1800",,,,,,,,,,,,,,,,,,,,,,,,
"USC00321871","2019-01-30","48.9144","-103.2977","597.1","CROSBY, ND US","    0",",,7,1800","    0",",,7,1800",,," -172",",,7"," -300",",,7",,,,," -200",",,7,1800",,,,,,,,,,,,,,,,,,,,,,,,
"USC00321871","2019-01-31","48.9144","-103.2977","597.1","CROSBY, ND US","   25",",,7,1800","   51",",,7,1800","  203",",,7,1800","  -17",",,7"," -200",",,7",,,,,"  -56",",,7,1800",,,,,,,,,,,,,,,,,,,,,,,,
"USC00321871","2019-02-01","48.9144","-103.2977","597.1","CROSBY, ND US","    0",",,7,1800","    0",",,7,1800",,,"   28",",,7"," -122",",,7",,,,," -122",",,7,1800",,,,,,,,,,,,,,,,,,,,,,,,
"USC00321871","2019-02-02","48.9144","-103.2977","597.1","CROSBY, ND US","    0",",,7,1800","    0",",,7,1800",,,"  -78",",,7"," -167",",,7",,,,," -161",",,7,1800",,,,,,,,,,,,,,,,,,,,,,,,
"USC00321871","2019-02-03","48.9144","-103.2977","597.1","CROSBY, ND US","   43",",,7,1800","  178",",,7,1800","  305",",,7,1800"," -161",",,7"," -244",",,7",,,,," -239",",,7,1800",,,,,,,,,,,,,,,,,,,,,,,,
"USC00321871","2019-02-04","48.9144","-103.2977","597.1","CROSBY, ND US","   20",",,7,1800","   64",",,7,1800","  381",",,7,1800"," -206",",,7"," -250",",,7",,,,," -250",",,7,1800",,,,,,,,,,,,,,,,,,,,,,,,
"USC00321871","2019-02-05","48.9144","-103.2977","597.1","CROSBY, ND US","   36",",,7,1800","  102",",,7,1800",,," -200",",,7"," -256",",,7",,,,," -222",",,7,1800",,,,,,,,,,,,,,,,,,,,,,,,
"USC00321871","2019-02-06","48.9144","-103.2977","597.1","CROSBY, ND US","   23",",,7,1800","   89",",,7,1800",,," -217",",,7"," -278",",,7",,,,," -278",",,7,1800",,,,,,,,,,,,,,,,,,,,,,,,
"USC00321871","2019-02-07","48.9144","-103.2977","597.1","CROSBY, ND US","    0",",,7,1800","    0",",,7,1800",,," -239",",,7"," -333",",,7",,,,," -322",",,7,1800",,,,,,,,,,,,,,,,,,,,,,,,
"USC00321871","2019-02-08","48.9144","-103.2977","597.1","CROSBY, ND US","    0",",,7,1800","    0",",,7,1800",,," -261",",,7"," -400",",,7",,,,," -333",",,7,1800",,,,,,,,,,,,,,,,,,,,,,,,
"USC00321871","2019-02-09","48.9144","-103.2977","597.1","CROSBY, ND US","    0",",,7,1800","    0",",,7,1800",,," -222",",,7"," -333",",,7",,,,," -300",",,7,1800",,,,,,,,,,,,,,,,,,,,,,,,
"USC00321871","2019-02-10","48.9144","-103.2977","597.1","CROSBY, ND US","    0",",,7,1800","    0",",,7,1800",,," -200",",,7"," -333",",,7",,,,," -261",",,7,1800",,,,,,,,,,,,,,,,,,,,,,,,
"USC00321871","2019-02-11","48.9144","-103.2977","597.1","CROSBY, ND US","   28",",,7,1800","  114",",,7,1800","  508",",,7,1800"," -167",",,7"," -278",",,7",,,,," -178",",,7,1800",,,,,,,,,,,,,,,,,,,,,,,,
"USC00321871","2019-02-12","48.9144","-103.2977","597.1","CROSBY, ND US","    0",",,7,1800","    0",",,7,1800",,," -178",",,7"," -278",",,7",,,,," -217",",,7,1800",,,,,,,,,,,,,,,,,,,,,,,,
"USC00321871","2019-02-13","48.9144","-103.2977","597.1","CROSBY, ND US","    8",",,7,1800","   13",",,7,1800",,," -172",",,7"," -228",",,7",,,,," -194",",,7,1800",,,,,,,,,,,,,,,,,,,,,,,,
"USC00321871","2019-02-14","48.9144","-103.2977","597.1","CROSBY, ND US","    3",",,7,1800","    5",",,7,1800",,," -194",",,7"," -289",",,7",,,,," -289",",,7,1800",,,,,,,,,,,,,,,,,,,,,,,,
"USC00321871","2019-02-15","48.9144","-103.2977","597.1","CROSBY, ND US","    0",",,7,1800","    0",",,7,1800",,," -167",",,7"," -344",",,7",,,,," -172",",,7,1800",,,,,,,,,,,,,,,,,,,,,,,,
"USC00321871","2019-02-16","48.9144","-103.2977","597.1","CROSBY, ND US","    5",",,7,1800","   13",",,7,1800",,," -144",",,7"," -189",",,7",,,,," -150",",,7,1800",,,,,,,,,,,,,,,,,,,,,,,,
"USC00321871","2019-02-17","48.9144","-103.2977","597.1","CROSBY, ND US","    0",",,7,1800","    0",",,7,1800",,," -139",",,7"," -172",",,7",,,,," -167",",,7,1800",,,,,,,,,,,,,,,,,,,,,,,,
"USC00321871","2019-02-18","48.9144","-103.2977","597.1","CROSBY, ND US","    0",",,7,1800","    0",",,7,1800",,," -144",",,7"," -239",",,7",,,,," -239",",,7,1800",,,,,,,,,,,,,,,,,,,,,,,,
"USC00321871","2019-02-19","48.9144","-103.2977","597.1","CROSBY, ND US","    0",",,7,1800","    0",",,7,1800",,," -144",",,7"," -283",",,7",,,,," -194",",,7,1800",,,,,,,,,,,,,,,,,,,,,,,,
"USC00321871","2019-02-20","48.9144","-103.2977","597.1","CROSBY, ND US","    0",",,7,1800","    0",",,7,1800",,," -111",",,7"," -228",",,7",,,,," -161",",,7,1800",,,,,,,,,,,,,,,,,,,,,,,,
"USC00321871","2019-02-21","48.9144","-103.2977","597.1","CROSBY, ND US","    3",",,7,1800",,,,," -139",",,7"," -206",",,7",,,,," -200",",,7,1800",,,,,,,,,,,,,,,,,,,,,,,,
"USC00321871","2019-02-22","48.9144","-103.2977","597.1","CROSBY, ND US","    0",",,7,1800","    0",",,7,1800",,," -111",",,7"," -261",",,7",,,,," -161",",,7,1800",,,,,,,,,,,,,,,,,,,,,,,,
"USC00321871","2019-02-23","48.9144","-103.2977","597.1","CROSBY, ND US","    0",",,7,1800","    0",",,7,1800",,," -128",",,7"," -222",",,7",,,,," -189",",,7,1800",,,,,,,,,,,,,,,,,,,,,,,,
"USC00321871","2019-02-24","48.9144","-103.2977","597.1","CROSBY, ND US","    0",",,7,1800","    0",",,7,1800",,," -189",",,7"," -261",",,7",,,,," -250",",,7,1800",,,,,,,,,,,,,,,,,,,,,,,,
"USC00321871","2019-02-25","48.9144","-103.2977","597.1","CROSBY, ND US","    0",",,7,1800","    0",",,7,1800",,," -211",",,7"," -322",",,7",,,,," -239",",,7,1800",,,,,,,,,,,,,,,,,,,,,,,,
"USC00321871","2019-02-26","48.9144","-103.2977","597.1","CROSBY, ND US","    5",",,7,1800",,,,," -172",",,7"," -239",",,7",,,,," -222",",,7,1800",,,,,,,,,,,,,,,,,,,,,,,,
"USC00321871","2019-02-27","48.9144","-103.2977","597.1","CROSBY, ND US","    0",",,7,1800","    0",",,7,1800",,," -128",",,7"," -256",",,7",,,,," -189",",,7,1800",,,,,,,,,,,,,,,,,,,,,,,,
"USC00321871","2019-02-28","48.9144","-103.2977","597.1","CROSBY, ND US","    0",",,7,1800","    0",",,7,1800",,,"  -89",",,7"," -189",",,7",,,,," -122",",,7,1800",,,,,,,,,,,,,,,,,,,,,,,,
"USC00321871","2019-03-01","48.9144","-103.2977","597.1","CROSBY, ND US","    0",",,7,1800",,,,," -122",",,7"," -200",",,7",,,,," -183",",,7,1800",,,,,,,,,,,,,,,,,,,,,,,,
"USC00321871","2019-03-02","48.9144","-103.2977","597.1","CROSBY, ND US","    0",",,7,1800",,,,," -122",",,7"," -294",",,7",,,,," -256",",,7,1800",,,,,,,,,,,,,,,,,,,,,,,,
"USC00321871","2019-03-03","48.9144","-103.2977","597.1","CROSBY, ND US","    0",",,7,1800",,,,," -178",",,7"," -272",",,7",,,,," -189",",,7,1800",,,,,,,,,,,,,,,,,,,,,,,,
"USC00321871","2019-03-04","48.9144","-103.2977","597.1","CROSBY, ND US","    0",",,7,1800",,,,," -122",",,7"," -217",",,7",,,,," -128",",,7,1800",,,,,,,,,,,,,,,,,,,,,,,,
"USC00321871","2019-03-05","48.9144","-103.2977","597.1","CROSBY, ND US","    0",",,7,1800",,,,,"  -50",",,7"," -183",",,7",,,,," -100",",,7,1800",,,,,,,,,,,,,,,,,,,,,,,,
"USC00321871","2019-03-06","48.9144","-103.2977","597.1","CROSBY, ND US","    0",",,7,1800",,,,,"  -94",",,7"," -222",",,7",,,,," -189",",,7,1800",,,,,,,,,,,,,,,,,,,,,,,,
"USC00321871","2019-03-07","48.9144","-103.2977","597.1","CROSBY, ND US","    0",",,7,1800",,,,,"  -78",",,7"," -233",",,7",,,,,"  -94",",,7,1800",,,,,,,,,,,,,,,,,,,,,,,,
"USC00321871","2019-03-08","48.9144","-103.2977","597.1","CROSBY, ND US","    0",",,7,1800",,,,,"    0",",,7"," -150",",,7",,,,,"  -39",",,7,1800",,,,,,,,,,,,,,,,,,,,,,,,
"USC00321871","2019-03-09","48.9144","-103.2977","597.1","CROSBY, ND US","    0",",,7,1800",,,,,"  -33",",,7"," -122",",,7",,,,,"  -89",",,7,1800",,,,,,,,,,,,,,,,,,,,,,,,
"USC00321871","2019-03-10","48.9144","-103.2977","597.1","CROSBY, ND US","    0",",,7,1800",,,,,"  -56",",,7"," -156",",,7",,,,,"  -83",",,7,1800",,,,,,,,,,,,,,,,,,,,,,,,
"USC00321871","2019-03-11","48.9144","-103.2977","597.1","CROSBY, ND US","    0",",,7,1800",,,,,"   -6",",,7"," -161",",,7",,,,,"  -28",",,7,1800",,,,,,,,,,,,,,,,,,,,,,,,
"USC00321871","2019-03-12","48.9144","-103.2977","597.1","CROSBY, ND US","    0",",,7,1800",,,,,"   39",",,7"," -100",",,7",,,,,"  -11",",,7,1800",,,,,,,,,,,,,,,,,,,,,,,,
"USC00321871","2019-03-13","48.9144","-103.2977","597.1","CROSBY, ND US","    0",",,7,1800",,,,,"   11",",,7","  -78",",,7",,,,,"    0",",,7,1800",,,,,,,,,,,,,,,,,,,,,,,,
"USC00321871","2019-03-14","48.9144","-103.2977","597.1","CROSBY, ND US","    0",",,7,1800",,,,,"   11",",,7","  -72",",,7",,,,,"   -6",",,7,1800",,,,,,,,,,,,,,,,,,,,,,,,
"USC00321871","2019-03-15","48.9144","-103.2977","597.1","CROSBY, ND US","    0",",,7,1800",,,,,"   17",",,7"," -111",",,7",,,,,"  -28",",,7,1800",,,,,,,,,,,,,,,,,,,,,,,,
"USC00321871","2019-03-16","48.9144","-103.2977","597.1","CROSBY, ND US","    0",",,7,1800",,,,,"   39",",,7"," -133",",,7",,,,,"   -6",",,7,1800",,,,,,,,,,,,,,,,,,,,,,,,
"USC00321871","2019-03-17","48.9144","-103.2977","597.1","CROSBY, ND US","    0",",,7,1800",,,,,"   17",",,7"," -128",",,7",,,,,,,,,,,,,,,,,,,,,,,,,,,,,,
"USC00321871","2019-03-18","48.9144","-103.2977","597.1","CROSBY, ND US","    0",",,7,1800",,,,,"   39",",,7","  -72",",,7",,,,,"    0",",,7,1800",,,,,,,,,,,,,,,,,,,,,,,,
"USC00321871","2019-03-19","48.9144","-103.2977","597.1","CROSBY, ND US","    0",",,7,1800",,,,,"   50",",,7","  -44",",,7",,,,,"   28",",,7,1800",,,,,,,,,,,,,,,,,,,,,,,,
"USC00321871","2019-03-20","48.9144","-103.2977","597.1","CROSBY, ND US","    0",",,7,1800",,,,,"   50",",,7","  -44",",,7",,,,,,,,,,,,,,,,,,,,,,,,,,,,,,
"USC00321871","2019-03-21","48.9144","-103.2977","597.1","CROSBY, ND US","    0",",,7,1800",,,,,"  106",",,7","  -33",",,7",,,,,"   22",",,7,1800",,,,,,,,,,,,,,,,,,,,,,,,
"USC00321871","2019-03-22","48.9144","-103.2977","597.1","CROSBY, ND US","    0",",,7,1800",,,,,"   89",",,7","  -44",",,7",,,,,"   67",",,7,1800",,,,,,,,,,,,,,,,,,,,,,,,
"USC00321871","2019-03-23","48.9144","-103.2977","597.1","CROSBY, ND US","    0",",,7,1800",,,,,"  117",",,7","  -17",",,7",,,,,"  111",",,7,1800",,,,,,,,,,,,,,,,,,,,,,,,
"USC00321871","2019-03-24","48.9144","-103.2977","597.1","CROSBY, ND US","    0",",,7,1800",,,,,"  111",",,7","  -56",",,7",,,,,"  -17",",,7,1800",,,,,,,,,,,,,,,,,,,,,,,,
"USC00321871","2019-03-25","48.9144","-103.2977","597.1","CROSBY, ND US","    0",",,7,1800",,,,,"   33",",,7","  -44",",,7",,,,,"   17",",,7,1800",,,,,,,,,,,,,,,,,,,,,,,,
"USC00321871","2019-03-26","48.9144","-103.2977","597.1","CROSBY, ND US","    0",",,7,1800",,,,,"  144",",,7","    6",",,7",,,,,"   83",",,7,1800",,,,,,,,,,,,,,,,,,,,,,,,
"USC00321871","2019-03-27","48.9144","-103.2977","597.1","CROSBY, ND US","    0",",,7,1800",,,,,"   83",",,7","   17",",,7",,,,,"   56",",,7,1800",,,,,,,,,,,,,,,,,,,,,,,,
"USC00321871","2019-03-28","48.9144","-103.2977","597.1","CROSBY, ND US","    0",",,7,1800",,,,,"   67",",,7","  -39",",,7",,,,,"   44",",,7,1800",,,,,,,,,,,,,,,,,,,,,,,,
"USC00321871","2019-03-29","48.9144","-103.2977","597.1","CROSBY, ND US","    0",",,7,1800",,,,,"   56",",,7","  -39",",,7",,,,,"  -39",",,7,1800",,,,,,,,,,,,,,,,,,,,,,,,
"USC00321871","2019-03-30","48.9144","-103.2977","597.1","CROSBY, ND US","    0",",,7,1800",,,,,"   72",",,7","  -67",",,7",,,,,,,,,,,,,,,,,,,,,,,,,,,,,,
"USC00321871","2019-03-31","48.9144","-103.2977","597.1","CROSBY, ND US","    0",",,7,1800",,,,,"   83",",,7","  -72",",,7",,,,,"   17",",,7,1800",,,,,,,,,,,,,,,,,,,,,,,,
"USC00321871","2019-04-01","48.9144","-103.2977","597.1","CROSBY, ND US","    0",",,7,1800",,,,,"   72",",,7","  -50",",,7",,,,,"   22",",,7,1800",,,,,,,,,,,,,,,,,,,,,,,,
"USC00321871","2019-04-02","48.9144","-103.2977","597.1","CROSBY, ND US","    3",",,7,1800",,,,,"   44",",,7","  -33",",,7",,,,,"    0",",,7,1800",,,,,,,,,,,,,,,,,,,,,,,,
"USC00321871","2019-04-03","48.9144","-103.2977","597.1","CROSBY, ND US","    0",",,7,1800",,,,,"   94",",,7","  -83",",,7",,,,,"   72",",,7,1800",,,,,,,,,,,,,,,,,,,,,,,,
"USC00321871","2019-04-04","48.9144","-103.2977","597.1","CROSBY, ND US","    8",",,7,1800",,,,,"  189",",,7","   22",",,7",,,,,"  122",",,7,1800",,,,,,,,,,,,,,,,,,,,,,,,
"USC00321871","2019-04-05","48.9144","-103.2977","597.1","CROSBY, ND US","    0",",,7,1800",,,,,"  122",",,7","   22",",,7",,,,,"   28",",,7,1800",,,,,,,,,,,,,,,,,,,,,,,,
"USC00321871","2019-04-06","48.9144","-103.2977","597.1","CROSBY, ND US","  155",",,7,1800",,,,,"   56",",,7","    6",",,7",,,,,"   56",",,7,1800",,,,,,,,,,,,,,,,,,,,,,,,
"USC00321871","2019-04-07","48.9144","-103.2977","597.1","CROSBY, ND US","    0",",,7,1800",,,,,"  167",",,7","   33",",,7",,,,,"  100",",,7,1800",,,,,,,,,,,,,,,,,,,,,,,,
"USC00321871","2019-04-08","48.9144","-103.2977","597.1","CROSBY, ND US","    0",",,7,1800",,,,,"  156",",,7","   39",",,7",,,,,"   67",",,7,1800",,,,,,,,,,,,,,,,,,,,,,,,
"USC00321871","2019-04-09","48.9144","-103.2977","597.1","CROSBY, ND US","    0",",,7,1800",,,,,"   72",",,7","  -28",",,7",,,,,"   28",",,7,1800",,,,,,,,,,,,,,,,,,,,,,,,
"USC00321871","2019-04-10","48.9144","-103.2977","597.1","CROSBY, ND US","    0",",,7,1800",,,,,"   28",",,7","  -72",",,7",,,,,"  -28",",,7,1800",,,,,,,,,,,,,,,,,,,,,,,,
"USC00321871","2019-04-11","48.9144","-103.2977","597.1","CROSBY, ND US","    0",",,7,1800",,,,,"   61",",,7","  -67",",,7",,,,,"   -6",",,7,1800",,,,,,,,,,,,,,,,,,,,,,,,
"USC00321871","2019-04-12","48.9144","-103.2977","597.1","CROSBY, ND US","    0",",,7,1800",,,,,"  100",",,7","  -50",",,7",,,,,"   11",",,7,1800",,,,,,,,,,,,,,,,,,,,,,,,
"USC00321871","2019-04-13","48.9144","-103.2977","597.1","CROSBY, ND US","    0",",,7,1800",,,,,"  128",",,7","  -56",",,7",,,,,"   56",",,7,1800",,,,,,,,,,,,,,,,,,,,,,,,
"USC00321871","2019-04-14","48.9144","-103.2977","597.1","CROSBY, ND US","    0",",,7,1800",,,,,"  139",",,7","   17",",,7",,,,,"  139",",,7,1800",,,,,,,,,,,,,,,,,,,,,,,,
"USC00321871","2019-04-15","48.9144","-103.2977","597.1","CROSBY, ND US","    0",",,7,1800",,,,,"  156",",,7","    6",",,7",,,,,"  133",",,7,1800",,,,,,,,,,,,,,,,,,,,,,,,
"USC00321871","2019-04-16","48.9144","-103.2977","597.1","CROSBY, ND US","    0",",,7,1800",,,,,"  150",",,7","  -11",",,7",,,,,"  139",",I,7,1800",,,,,,,,,,,,,,,,,,,,,,,,
"USC00321871","2019-04-17","48.9144","-103.2977","597.1","CROSBY, ND US","   30",",,7,1800",,,,,"  117",",I,7","  -11",",,7",,,,,"  106",",,7,1800",,,,,,,,,,,,,,,,,,,,,,,,
"USC00321871","2019-04-18","48.9144","-103.2977","597.1","CROSBY, ND US","    0",",,7,1800",,,,,"  144",",,7","    6",",,7",,,,,"  122",",,7,1800",,,,,,,,,,,,,,,,,,,,,,,,
"USC00321871","2019-04-19","48.9144","-103.2977","597.1","CROSBY, ND US","    0",",,7,1800",,,,,"  256",",,7","   39",",,7",,,,,"  217",",,7,1800",,,,,,,,,,,,,,,,,,,,,,,,
"USC00321871","2019-04-20","48.9144","-103.2977","597.1","CROSBY, ND US","    0",",,7,1800",,,,,"  217",",,7","   78",",,7",,,,,"  128",",,7,1800",,,,,,,,,,,,,,,,,,,,,,,,
"USC00321871","2019-04-21","48.9144","-103.2977","597.1","CROSBY, ND US","    0",",,7,1800",,,,,"  172",",,7","   44",",,7",,,,,"   72",",,7,1800",,,,,,,,,,,,,,,,,,,,,,,,
"USC00321871","2019-04-22","48.9144","-103.2977","597.1","CROSBY, ND US","    0",",,7,1800",,,,,"  183",",,7","  -11",",,7",,,,,"  167",",,7,1800",,,,,,,,,,,,,,,,,,,,,,,,
"USC00321871","2019-04-23","48.9144","-103.2977","597.1","CROSBY, ND US","    0",",,7,1800",,,,,"  228",",,7","   72",",,7",,,,,"  183",",,7,1800",,,,,,,,,,,,,,,,,,,,,,,,
"USC00321871","2019-04-24","48.9144","-103.2977","597.1","CROSBY, ND US","    0",",,7,1800",,,,,"  194",",,7","   39",",,7",,,,,"  144",",,7,1800",,,,,,,,,,,,,,,,,,,,,,,,
"USC00321871","2019-04-25","48.9144","-103.2977","597.1","CROSBY, ND US","    5",",,7,1800",,,,,"  144",",,7","   17",",,7",,,,,"   44",",,7,1800",,,,,,,,,,,,,,,,,,,,,,,,
"USC00321871","2019-04-26","48.9144","-103.2977","597.1","CROSBY, ND US","    0",",,7,1800",,,,,"  150",",,7","  -22",",,7",,,,,"  139",",I,7,1800",,,,,,,,,,,,,,,,,,,,,,,,
"USC00321871","2019-04-27","48.9144","-103.2977","597.1","CROSBY, ND US","    0",",,7,1800",,,,,"  106",",I,7","  -22",",,7",,,,,"   61",",,7,1800",,,,,,,,,,,,,,,,,,,,,,,,
"USC00321871","2019-04-28","48.9144","-103.2977","597.1","CROSBY, ND US","   51",",,7,1800",,,,,"   61",",,7","   -6",",,7",,,,,"    0",",,7,1800",,,,,,,,,,,,,,,,,,,,,,,,
"USC00321871","2019-04-29","48.9144","-103.2977","597.1","CROSBY, ND US","   30",",,7,1800",,,,,"   39",",,7","  -33",",,7",,,,,"   17",",,7,1800",,,,,,,,,,,,,,,,,,,,,,,,
"USC00321871","2019-04-30","48.9144","-103.2977","597.1","CROSBY, ND US","    0",",,7,1800",,,,,"  117",",,7","  -50",",,7",,,,,"  111",",,7,1800",,,,,,,,,,,,,,,,,,,,,,,,
"USC00321871","2019-05-01","48.9144","-103.2977","597.1","CROSBY, ND US","    0",",,7,1800",,,,,,,"  -61",",,7",,,,,"   83",",,7,1800",,,,,,,,,,,,,,,,,,,,,,,,
"USC00321871","2019-05-02","48.9144","-103.2977","597.1","CROSBY, ND US","    3",",,7,1800",,,,,"  167",",,7","    0",",,7",,,,,"  106",",,7,1800",,,,,,,,,,,,,,,,,,,,,,,,
"USC00321871","2019-05-03","48.9144","-103.2977","597.1","CROSBY, ND US","    0",",,7,1800",,,,,"  178",",,7","  -22",",,7",,,,,"  106",",,7,1800",,,,,,,,,,,,,,,,,,,,,,,,
"USC00321871","2019-05-04","48.9144","-103.2977","597.1","CROSBY, ND US","    0",",,7,1800",,,,,"  106",",,7","    6",",,7",,,,,"   50",",,7,1800",,,,,,,,,,,,,,,,,,,,,,,,
"USC00321871","2019-05-05","48.9144","-103.2977","597.1","CROSBY, ND US","    0",",,7,1800",,,,,"  100",",,7","  -44",",,7",,,,,"   17",",,7,1800",,,,,,,,,,,,,,,,,,,,,,,,
"USC00321871","2019-05-06","48.9144","-103.2977","597.1","CROSBY, ND US","    0",",,7,1800",,,,,"  117",",,7","  -61",",,7",,,,,"  106",",,7,1800",,,,,,,,,,,,,,,,,,,,,,,,
"USC00321871","2019-05-07","48.9144","-103.2977","597.1","CROSBY, ND US","    0",",,7,1800",,,,,"  156",",,7","  -33",",,7",,,,,"   89",",,7,1800",,,,,,,,,,,,,,,,,,,,,,,,
"USC00321871","2019-05-08","48.9144","-103.2977","597.1","CROSBY, ND US","    0",",,7,1800",,,,,"  139",",,7","  -22",",,7",,,,,"  111",",,7,1800",,,,,,,,,,,,,,,,,,,,,,,,
"USC00321871","2019-05-09","48.9144","-103.2977","597.1","CROSBY, ND US","    0",",,7,1800",,,,,"  111",",,7","  -50",",,7",,,,,"   94",",,7,1800",,,,,,,,,,,,,,,,,,,,,,,,
"USC00321871","2019-05-10","48.9144","-103.2977","597.1","CROSBY, ND US","    0",",,7,1800",,,,,"  206",",,7","   33",",,7",,,,,"  133",",,7,1800",,,,,,,,,,,,,,,,,,,,,,,,
"USC00321871","2019-05-11","48.9144","-103.2977","597.1","CROSBY, ND US","    3",",,7,1800",,,,,"  139",",,7","   61",",,7",,,,,"  106",",,7,1800",,,,,,,,,,,,,,,,,,,,,,,,
"USC00321871","2019-05-12","48.9144","-103.2977","597.1","CROSBY, ND US","    0",",,7,1800",,,,,"  206",",,7","   11",",,7",,,,,"  200",",,7,1800",,,,,,,,,,,,,,,,,,,,,,,,
"USC00321871","2019-05-13","48.9144","-103.2977","597.1","CROSBY, ND US","    0",",,7,1800",,,,,"  250",",,7","   72",",,7",,,,,"  211",",,7,1800",,,,,,,,,,,,,,,,,,,,,,,,
"USC00321871","2019-05-14","48.9144","-103.2977","597.1","CROSBY, ND US","    0",",,7,1800",,,,,"  233",",,7","   89",",,7",,,,,"  194",",,7,1800",,,,,,,,,,,,,,,,,,,,,,,,
"USC00321871","2019-05-15","48.9144","-103.2977","597.1","CROSBY, ND US","    3",",,7,1800",,,,,"  250",",,7","  117",",,7",,,,,"  200",",,7,1800",,,,,,,,,,,,,,,,,,,,,,,,
"USC00321871","2019-05-16","48.9144","-103.2977","597.1","CROSBY, ND US","    0",",,7,1800",,,,,"  200",",,7","   28",",,7",,,,,"   89",",,7,1800",,,,,,,,,,,,,,,,,,,,,,,,
"USC00321871","2019-05-17","48.9144","-103.2977","597.1","CROSBY, ND US","    0",",,7,1800",,,,,"  122",",,7","   17",",,7",,,,,,,,,,,,,,,,,,,,,,,,,,,,,,
"USC00321871","2019-05-18","48.9144","-103.2977","597.1","CROSBY, ND US","    0",",,7,1800",,,,,"  117",",,7","   22",",,7",,,,,,,,,,,,,,,,,,,,,,,,,,,,,,
"USC00321871","2019-05-19","48.9144","-103.2977","597.1","CROSBY, ND US","    0",",,7,1800",,,,,"  150",",,7","  -11",",,7",,,,,"  139",",,7,1800",,,,,,,,,,,,,,,,,,,,,,,,
"USC00321871","2019-05-20","48.9144","-103.2977","597.1","CROSBY, ND US","    0",",,7,1800",,,,,"  189",",,7","  -22",",,7",,,,,"  161",",,7,1800",,,,,,,,,,,,,,,,,,,,,,,,
"USC00321871","2019-05-21","48.9144","-103.2977","597.1","CROSBY, ND US","    0",",,7,1800",,,,,"  206",",,7","   22",",,7",,,,,"  183",",,7,1800",,,,,,,,,,,,,,,,,,,,,,,,
"USC00321871","2019-05-22","48.9144","-103.2977","597.1","CROSBY, ND US","    0",",,7,1800",,,,,"  194",",,7","   78",",,7",,,,,"  167",",,7,1800",,,,,,,,,,,,,,,,,,,,,,,,
"USC00321871","2019-05-23","48.9144","-103.2977","597.1","CROSBY, ND US","    0",",,7,1800",,,,,"  228",",,7","   28",",,7",,,,,"  200",",,7,1800",,,,,,,,,,,,,,,,,,,,,,,,
"USC00321871","2019-05-24","48.9144","-103.2977","597.1","CROSBY, ND US","    0",",,7,1800",,,,,"  200",",,7","   56",",,7",,,,,"   94",",,7,1800",,,,,,,,,,,,,,,,,,,,,,,,
"USC00321871","2019-05-25","48.9144","-103.2977","597.1","CROSBY, ND US","   53",",,7,1800",,,,,"  228",",,7","   33",",,7",,,,,"  156",",,7,1800",,,,,,,,,,,,,,,,,,,,,,,,
"USC00321871","2019-05-26","48.9144","-103.2977","597.1","CROSBY, ND US","    0",",,7,1800",,,,,"  156",",,7","   44",",,7",,,,,"   94",",,7,1800",,,,,,,,,,,,,,,,,,,,,,,,
"USC00321871","2019-05-27","48.9144","-103.2977","597.1","CROSBY, ND US","    0",",,7,1800",,,,,"  189",",,7","  -28",",,7",,,,,"  178",",,7,1800",,,,,,,,,,,,,,,,,,,,,,,,
"USC00321871","2019-05-28","48.9144","-103.2977","597.1","CROSBY, ND US","    0",",,7,1800",,,,,"  250",",,7","  -28",",,7",,,,,"  239",",,7,1800",,,,,,,,,,,,,,,,,,,,,,,,
"USC00321871","2019-05-29","48.9144","-103.2977","597.1","CROSBY, ND US","    0",",,7,1800",,,,,"  300",",,7","   89",",,7",,,,,"  283",",,7,1800",,,,,,,,,,,,,,,,,,,,,,,,
"USC00321871","2019-05-30","48.9144","-103.2977","597.1","CROSBY, ND US","    0",",,7,1800",,,,,"  306",",,7","   94",",,7",,,,,"  294",",,7,1800",,,,,,,,,,,,,,,,,,,,,,,,
"USC00321871","2019-05-31","48.9144","-103.2977","597.1","CROSBY, ND US","    0",",,7,1800",,,,,"  294",",,7","   67",",,7",,,,,"  183",",,7,1800",,,,,,,,,,,,,,,,,,,,,,,,
"USC00321871","2019-06-01","48.9144","-103.2977","597.1","CROSBY, ND US","    0",",,7,1800",,,,,"  239",",,7","   39",",,7",,,,,,,,,,,,,,,,,,,,,,,,,,,,,,
"USC00321871","2019-06-02","48.9144","-103.2977","597.1","CROSBY, ND US","    0",",,7,1800",,,,,"  289",",,7","   83",",,7",,,,,"  267",",,7,1800",,,,,,,,,,,,,,,,,,,,,,,,
"USC00321871","2019-06-03","48.9144","-103.2977","597.1","CROSBY, ND US","   69",",,7,1800",,,,,"  344",",,7","  133",",,7",,,,,"  306",",,7,1800",,,,,,,,,,,,,,,,,,,,,,,,
"USC00321871","2019-06-04","48.9144","-103.2977","597.1","CROSBY, ND US","    0",",,7,1800",,,,,"  306",",,7","  150",",,7",,,,,"  178",",,7,1800",,,,,,,,,,,,,,,,,,,,,,,,
"USC00321871","2019-06-05","48.9144","-103.2977","597.1","CROSBY, ND US","    0",",,7,1800",,,,,"  294",",,7","  111",",,7",,,,,"  217",",,7,1800",,,,,,,,,,,,,,,,,,,,,,,,
"USC00321871","2019-06-06","48.9144","-103.2977","597.1","CROSBY, ND US","    0",",,7,1800",,,,,"  306",",,7","  106",",,7",,,,,"  256",",,7,1800",,,,,,,,,,,,,,,,,,,,,,,,
"USC00321871","2019-06-07","48.9144","-103.2977","597.1","CROSBY, ND US","    3",",,7,1800",,,,,"  267",",,7","  150",",,7",,,,,"  244",",,7,1800",,,,,,,,,,,,,,,,,,,,,,,,
"USC00321871","2019-06-08","48.9144","-103.2977","597.1","CROSBY, ND US","   20",",,7,1800",,,,,"  250",",,7","   44",",,7",,,,,"  206",",,7,1800",,,,,,,,,,,,,,,,,,,,,,,,
"USC00321871","2019-06-09","48.9144","-103.2977","597.1","CROSBY, ND US","   10",",,7,1800",,,,,"  211",",,7","   50",",,7",,,,,"  167",",,7,1800",,,,,,,,,,,,,,,,,,,,,,,,
"USC00321871","2019-06-10","48.9144","-103.2977","597.1","CROSBY, ND US","    0",",,7,1800",,,,,"  244",",,7","   56",",,7",,,,,"  206",",,7,1800",,,,,,,,,,,,,,,,,,,,,,,,
"USC00321871","2019-06-11","48.9144","-103.2977","597.1","CROSBY, ND US","    3",",,7,1800",,,,,"  217",",,7","   83",",,7",,,,,"  183",",,7,1800",,,,,,,,,,,,,,,,,,,,,,,,
"USC00321871","2019-06-12","48.9144","-103.2977","597.1","CROSBY, ND US","    0",",,7,1800",,,,,"  239",",,7","   83",",,7",,,,,"  211",",,7,1800",,,,,,,,,,,,,,,,,,,,,,,,
"USC00321871","2019-06-13","48.9144","-103.2977","597.1","CROSBY, ND US","   25",",,7,1800",,,,,"  317",",,7","  122",",,7",,,,,"  178",",,7,1800",,,,,,,,,,,,,,,,,,,,,,,,
"USC00321871","2019-06-14","48.9144","-103.2977","597.1","CROSBY, ND US","   30",",,7,1800",,,,,"  272",",,7","  139",",,7",,,,,"  200",",,7,1800",,,,,,,,,,,,,,,,,,,,,,,,
"USC00321871","2019-06-15","48.9144","-103.2977","597.1","CROSBY, ND US","    0",",,7,1800",,,,,"  200",",,7","   89",",,7",,,,,,,,,,,,,,,,,,,,,,,,,,,,,,
"USC00321871","2019-06-16","48.9144","-103.2977","597.1","CROSBY, ND US","    0",",,7,1800",,,,,"  250",",,7","   89",",,7",,,,,"  139",",,7,1800",,,,,,,,,,,,,,,,,,,,,,,,
"USC00321871","2019-06-17","48.9144","-103.2977","597.1","CROSBY, ND US","    0",",,7,1800",,,,,"  167",",,7","  122",",,7",,,,,,,,,,,,,,,,,,,,,,,,,,,,,,
"USC00321871","2019-06-18","48.9144","-103.2977","597.1","CROSBY, ND US","    0",",,7,1800",,,,,"  244",",,7","   61",",,7",,,,,"  167",",,7,1800",,,,,,,,,,,,,,,,,,,,,,,,
"USC00321871","2019-06-19","48.9144","-103.2977","597.1","CROSBY, ND US","    0",",,7,1800",,,,,"  239",",,7","   94",",,7",,,,,"  167",",,7,1800",,,,,,,,,,,,,,,,,,,,,,,,
"USC00321871","2019-06-20","48.9144","-103.2977","597.1","CROSBY, ND US","  147",",,7,1800",,,,,"  200",",,7","  117",",,7",,,,,"  189",",,7,1800",,,,,,,,,,,,,,,,,,,,,,,,
"USC00321871","2019-06-21","48.9144","-103.2977","597.1","CROSBY, ND US","   69",",,7,1800",,,,,"  189",",,7","  117",",,7",,,,,"  156",",,7,1800",,,,,,,,,,,,,,,,,,,,,,,,
"USC00321871","2019-06-22","48.9144","-103.2977","597.1","CROSBY, ND US","   15",",,7,1800",,,,,"  178",",,7","   83",",,7",,,,,"  139",",,7,1800",,,,,,,,,,,,,,,,,,,,,,,,
"USC00321871","2019-06-23","48.9144","-103.2977","597.1","CROSBY, ND US","    0",",,7,1800",,,,,"  244",",,7","  100",",,7",,,,,"  217",",,7,1800",,,,,,,,,,,,,,,,,,,,,,,,
"USC00321871","2019-06-24","48.9144","-103.2977","597.1","CROSBY, ND US","   46",",,7,1800",,,,,"  228",",,7","  117",",,7",,,,,"  144",",,7,1800",,,,,,,,,,,,,,,,,,,,,,,,
"USC00321871","2019-06-25","48.9144","-103.2977","597.1","CROSBY, ND US","    3",",,7,1800",,,,,"  244",",,7","  111",",,7",,,,,"  228",",,7,1800",,,,,,,,,,,,,,,,,,,,,,,,
"USC00321871","2019-06-26","48.9144","-103.2977","597.1","CROSBY, ND US","    0",",,7,1800",,,,,"  272",",,7","   94",",,7",,,,,"  189",",,7,1800",,,,,,,,,,,,,,,,,,,,,,,,
"USC00321871","2019-06-27","48.9144","-103.2977","597.1","CROSBY, ND US","    0",",,7,1800",,,,,"  294",",,7","  139",",,7",,,,,"  211",",,7,1800",,,,,,,,,,,,,,,,,,,,,,,,
"USC00321871","2019-06-28","48.9144","-103.2977","597.1","CROSBY, ND US","   64",",,7,1800",,,,,"  294",",,7","  156",",,7",,,,,"  233",",,7,1800",,,,,,,,,,,,,,,,,,,,,,,,
"USC00321871","2019-06-29","48.9144","-103.2977","597.1","CROSBY, ND US","  165",",,7,1800",,,,,"  256",",,7","  161",",,7",,,,,"  172",",,7,1800",,,,,,,,,,,,,,,,,,,,,,,,
"USC00321871","2019-06-30","48.9144","-103.2977","597.1","CROSBY, ND US","    0",",,7,1800",,,,,"  250",",,7","  139",",,7",,,,,"  183",",,7,1800",,,,,,,,,,,,,,,,,,,,,,,,
"USC00321871","2019-07-01","48.9144","-103.2977","597.1","CROSBY, ND US","    0",",,7,1800",,,,,"  278",",,7","  128",",,7",,,,,"  222",",,7,1800",,,,,,,,,,,,,,,,,,,,,,,,
"USC00321871","2019-07-02","48.9144","-103.2977","597.1","CROSBY, ND US","   99",",,7,1800",,,,,"  222",",,7","  106",",,7",,,,,"  172",",,7,1800",,,,,,,,,,,,,,,,,,,,,,,,
"USC00321871","2019-07-03","48.9144","-103.2977","597.1","CROSBY, ND US","    3",",,7,1800",,,,,"  200",",,7","  128",",,7",,,,,"  156",",,7,1800",,,,,,,,,,,,,,,,,,,,,,,,
"USC00321871","2019-07-04","48.9144","-103.2977","597.1","CROSBY, ND US","    0",",,7,1800",,,,,"  233",",,7","  100",",,7",,,,,"  200",",,7,1800",,,,,,,,,,,,,,,,,,,,,,,,
"USC00321871","2019-07-05","48.9144","-103.2977","597.1","CROSBY, ND US","    0",",,7,1800",,,,,"  256",",,7","  100",",,7",,,,,"  194",",,7,1800",,,,,,,,,,,,,,,,,,,,,,,,
"USC00321871","2019-07-06","48.9144","-103.2977","597.1","CROSBY, ND US","    0",",,7,1800",,,,,"  267",",,7","  111",",,7",,,,,"  200",",,7,1800",,,,,,,,,,,,,,,,,,,,,,,,
"USC00321871","2019-07-07","48.9144","-103.2977","597.1","CROSBY, ND US","    0",",,7,1800",,,,,"  306",",,7","  161",",,7",,,,,"  294",",,7,1800",,,,,,,,,,,,,,,,,,,,,,,,
"USC00321871","2019-07-08","48.9144","-103.2977","597.1","CROSBY, ND US","    0",",,7,1800",,,,,"  300",",,7","  156",",,7",,,,,"  206",",,7,1800",,,,,,,,,,,,,,,,,,,,,,,,
"USC00321871","2019-07-09","48.9144","-103.2977","597.1","CROSBY, ND US","  503",",,7,1800",,,,,"  206",",,7","  150",",,7",,,,,"  172",",,7,1800",,,,,,,,,,,,,,,,,,,,,,,,
"USC00321871","2019-07-10","48.9144","-103.2977","597.1","CROSBY, ND US","    0",",,7,1800",,,,,"  256",",,7","  128",",,7",,,,,"  239",",,7,1800",,,,,,,,,,,,,,,,,,,,,,,,
"USC00321871","2019-07-11","48.9144","-103.2977","597.1","CROSBY, ND US","    0",",,7,1800",,,,,"  294",",,7","  161",",,7",,,,,"  200",",,7,1800",,,,,,,,,,,,,,,,,,,,,,,,
"USC00321871","2019-07-12","48.9144","-103.2977","597.1","CROSBY, ND US","   23",",,7,1800",,,,,"  278",",,7","  133",",,7",,,,,"  178",",,7,1800",,,,,,,,,,,,,,,,,,,,,,,,
"USC00321871","2019-07-13","48.9144","-103.2977","597.1","CROSBY, ND US","    0",",,7,1800",,,,,"  311",",,7","  178",",,7",,,,,"  294",",,7,1800",,,,,,,,,,,,,,,,,,,,,,,,
"USC00321871","2019-07-14","48.9144","-103.2977","597.1","CROSBY, ND US","    0",",,7,1800",,,,,"  311",",,7","  200",",,7",,,,,"  300",",,7,1800",,,,,,,,,,,,,,,,,,,,,,,,
"USC00321871","2019-07-15","48.9144","-103.2977","597.1","CROSBY, ND US","    0",",,7,1800",,,,,"  300",",,7","  167",",,7",,,,,"  250",",,7,1800",,,,,,,,,,,,,,,,,,,,,,,,
"USC00321871","2019-07-16","48.9144","-103.2977","597.1","CROSBY, ND US","    0",",,7,1800",,,,,"  250",",,7","  139",",,7",,,,,"  217",",,7,1800",,,,,,,,,,,,,,,,,,,,,,,,
"USC00321871","2019-07-17","48.9144","-103.2977","597.1","CROSBY, ND US","    0",",,7,1800",,,,,"  272",",,7","  122",",,7",,,,,"  217",",,7,1800",,,,,,,,,,,,,,,,,,,,,,,,
"USC00321871","2019-07-18","48.9144","-103.2977","597.1","CROSBY, ND US","    0",",,7,1800",,,,,"  283",",,7","  161",",,7",,,,,"  200",",,7,1800",,,,,,,,,,,,,,,,,,,,,,,,
"USC00321871","2019-07-19","48.9144","-103.2977","597.1","CROSBY, ND US","    0",",,7,1800",,,,,"  250",",,7","  122",",,7",,,,,"  183",",,7,1800",,,,,,,,,,,,,,,,,,,,,,,,
"USC00321871","2019-07-20","48.9144","-103.2977","597.1","CROSBY, ND US","    0",",,7,1800",,,,,"  239",",,7","  100",",,7",,,,,"  167",",,7,1800",,,,,,,,,,,,,,,,,,,,,,,,
"USC00321871","2019-07-21","48.9144","-103.2977","597.1","CROSBY, ND US","    0",",,7,1800",,,,,"  261",",,7","   89",",,7",,,,,"  189",",,7,1800",,,,,,,,,,,,,,,,,,,,,,,,
"USC00321871","2019-07-22","48.9144","-103.2977","597.1","CROSBY, ND US","    0",",,7,1800",,,,,"  283",",,7","  122",",,7",,,,,"  278",",,7,1800",,,,,,,,,,,,,,,,,,,,,,,,
"USC00321871","2019-07-23","48.9144","-103.2977","597.1","CROSBY, ND US","    0",",,7,1800",,,,,"  317",",,7","  106",",,7",,,,,"  300",",,7,1800",,,,,,,,,,,,,,,,,,,,,,,,
"USC00321871","2019-07-24","48.9144","-103.2977","597.1","CROSBY, ND US","    3",",,7,1800",,,,,"  300",",,7","  133",",,7",,,,,"  278",",,7,1800",,,,,,,,,,,,,,,,,,,,,,,,
"USC00321871","2019-07-25","48.9144","-103.2977","597.1","CROSBY, ND US","    0",",,7,1800",,,,,"  278",",,7","  133",",,7",,,,,"  217",",,7,1800",,,,,,,,,,,,,,,,,,,,,,,,
"USC00321871","2019-07-26","48.9144","-103.2977","597.1","CROSBY, ND US","    0",",,7,1800",,,,,"  267",",,7","  122",",,7",,,,,"  189",",,7,1800",,,,,,,,,,,,,,,,,,,,,,,,
"USC00321871","2019-07-27","48.9144","-103.2977","597.1","CROSBY, ND US","    0",",,7,1800",,,,,"  328",",,7","  111",",,7",,,,,"  222",",,7,1800",,,,,,,,,,,,,,,,,,,,,,,,
"USC00321871","2019-07-28","48.9144","-103.2977","597.1","CROSBY, ND US","    0",",,7,1800",,,,,"  261",",,7","  150",",,7",,,,,"  233",",,7,1800",,,,,,,,,,,,,,,,,,,,,,,,
"USC00321871","2019-07-29","48.9144","-103.2977","597.1","CROSBY, ND US","    0",",,7,1800",,,,,"  244",",,7","   72",",,7",,,,,"  156",",,7,1800",,,,,,,,,,,,,,,,,,,,,,,,
"USC00321871","2019-07-30","48.9144","-103.2977","597.1","CROSBY, ND US","    0",",,7,1800",,,,,"  289",",,7","  100",",,7",,,,,"  222",",,7,1800",,,,,,,,,,,,,,,,,,,,,,,,
"USC00321871","2019-07-31","48.9144","-103.2977","597.1","CROSBY, ND US","    0",",,7,1800",,,,,"  344",",,7","  167",",,7",,,,,"  272",",,7,1800",,,,,,,,,,,,,,,,,,,,,,,,
"USC00321871","2019-08-01","48.9144","-103.2977","597.1","CROSBY, ND US","    0",",,7,1800",,,,,"  311",",,7","  144",",,7",,,,,"  222",",,7,1800",,,,,,,,,,,,,,,,,,,,,,,,
"USC00321871","2019-08-02","48.9144","-103.2977","597.1","CROSBY, ND US","    0",",,7,1800",,,,,"  328",",,7","  133",",,7",,,,,"  250",",,7,1800",,,,,,,,,,,,,,,,,,,,,,,,
"USC00321871","2019-08-03","48.9144","-103.2977","597.1","CROSBY, ND US","    0",",,7,1800",,,,,"  344",",,7","  183",",,7",,,,,"  239",",,7,1800",,,,,,,,,,,,,,,,,,,,,,,,
"USC00321871","2019-08-04","48.9144","-103.2977","597.1","CROSBY, ND US","    0",",,7,1800",,,,,"  294",",,7","  144",",,7",,,,,"  200",",,7,1800",,,,,,,,,,,,,,,,,,,,,,,,
"USC00321871","2019-08-05","48.9144","-103.2977","597.1","CROSBY, ND US","    0",",,7,1800",,,,,"  283",",,7","  128",",,7",,,,,"  233",",,7,1800",,,,,,,,,,,,,,,,,,,,,,,,
"USC00321871","2019-08-06","48.9144","-103.2977","597.1","CROSBY, ND US","    0",",,7,1800",,,,,"  300",",,7","  150",",,7",,,,,"  178",",,7,1800",,,,,,,,,,,,,,,,,,,,,,,,
"USC00321871","2019-08-07","48.9144","-103.2977","597.1","CROSBY, ND US","    0",",,7,1800",,,,,"  228",",,7","  106",",,7",,,,,"  217",",,7,1800",,,,,,,,,,,,,,,,,,,,,,,,
"USC00321871","2019-08-08","48.9144","-103.2977","597.1","CROSBY, ND US","    0",",,7,1800",,,,,"  233",",,7","   83",",,7",,,,,"  200",",,7,1800",,,,,,,,,,,,,,,,,,,,,,,,
"USC00321871","2019-08-09","48.9144","-103.2977","597.1","CROSBY, ND US","    0",",,7,1800",,,,,"  300",",,7","  144",",,7",,,,,"  233",",,7,1800",,,,,,,,,,,,,,,,,,,,,,,,
"USC00321871","2019-08-10","48.9144","-103.2977","597.1","CROSBY, ND US","  241",",,7,1800",,,,,"  233",",,7","  144",",,7",,,,,"  167",",,7,1800",,,,,,,,,,,,,,,,,,,,,,,,
"USC00321871","2019-08-11","48.9144","-103.2977","597.1","CROSBY, ND US","    0",",,7,1800",,,,,"  244",",,7","  106",",,7",,,,,"  222",",,7,1800",,,,,,,,,,,,,,,,,,,,,,,,
"USC00321871","2019-08-12","48.9144","-103.2977","597.1","CROSBY, ND US","  279",",,7,1800",,,,,"  222",",,7","  111",",,7",,,,,"  111",",,7,1800",,,,,,,,,,,,,,,,,,,,,,,,
"USC00321871","2019-08-13","48.9144","-103.2977","597.1","CROSBY, ND US","    0",",,7,1800",,,,,"  217",",,7","  111",",,7",,,,,"  144",",,7,1800",,,,,,,,,,,,,,,,,,,,,,,,
"USC00321871","2019-08-14","48.9144","-103.2977","597.1","CROSBY, ND US","    3",",,7,1800",,,,,"  261",",,7","  106",",,7",,,,,"  161",",,7,1800",,,,,,,,,,,,,,,,,,,,,,,,
"USC00321871","2019-08-15","48.9144","-103.2977","597.1","CROSBY, ND US","    5",",,7,1800",,,,,"  256",",,7","  122",",,7",,,,,"  167",",,7,1800",,,,,,,,,,,,,,,,,,,,,,,,
"USC00321871","2019-08-16","48.9144","-103.2977","597.1","CROSBY, ND US","    0",",,7,1800",,,,,"  294",",,7","  100",",,7",,,,,,,,,,,,,,,,,,,,,,,,,,,,,,
"USC00321871","2019-08-17","48.9144","-103.2977","597.1","CROSBY, ND US","    0",",,7,1800",,,,,"  189",",,7","  100",",,7",,,,,"  139",",,7,1800",,,,,,,,,,,,,,,,,,,,,,,,
"USC00321871","2019-08-18","48.9144","-103.2977","597.1","CROSBY, ND US","    0",",,7,1800",,,,,"  256",",,7","   78",",,7",,,,,"  228",",,7,1800",,,,,,,,,,,,,,,,,,,,,,,,
"USC00321871","2019-08-19","48.9144","-103.2977","597.1","CROSBY, ND US","    0",",,7,1800",,,,,"  328",",,7","   83",",,7",,,,,"  283",",,7,1800",,,,,,,,,,,,,,,,,,,,,,,,
"USC00321871","2019-08-20","48.9144","-103.2977","597.1","CROSBY, ND US","    0",",,7,1800",,,,,"  283",",,7","   67",",,7",,,,,"  217",",,7,1800",,,,,,,,,,,,,,,,,,,,,,,,
"USC00321871","2019-08-21","48.9144","-103.2977","597.1","CROSBY, ND US","    0",",,7,1800",,,,,"  272",",,7","   67",",,7",,,,,"  200",",,7,1800",,,,,,,,,,,,,,,,,,,,,,,,
"USC00321871","2019-08-22","48.9144","-103.2977","597.1","CROSBY, ND US","    0",",,7,1800",,,,,"  289",",,7","   83",",,7",,,,,"  233",",,7,1800",,,,,,,,,,,,,,,,,,,,,,,,
"USC00321871","2019-08-23","48.9144","-103.2977","597.1","CROSBY, ND US","    0",",,7,1800",,,,,"  278",",,7","  156",",,7",,,,,"  228",",,7,1800",,,,,,,,,,,,,,,,,,,,,,,,
"USC00321871","2019-08-24","48.9144","-103.2977","597.1","CROSBY, ND US","  198",",,7,1800",,,,,"  283",",,7","  178",",,7",,,,,"  228",",,7,1800",,,,,,,,,,,,,,,,,,,,,,,,
"USC00321871","2019-08-25","48.9144","-103.2977","597.1","CROSBY, ND US","   48",",,7,1800",,,,,"  261",",,7","  139",",,7",,,,,"  183",",,7,1800",,,,,,,,,,,,,,,,,,,,,,,,
"USC00321871","2019-08-26","48.9144","-103.2977","597.1","CROSBY, ND US","    0",",,7,1800",,,,,"  211",",,7","  106",",,7",,,,,,,,,,,,,,,,,,,,,,,,,,,,,,
"USC00321871","2019-08-27","48.9144","-103.2977","597.1","CROSBY, ND US","    3",",,7,1800",,,,,"  217",",,7","   94",",,7",,,,,"  122",",,7,1800",,,,,,,,,,,,,,,,,,,,,,,,
"USC00321871","2019-08-28","48.9144","-103.2977","597.1","CROSBY, ND US","    0",",,7,1800",,,,,"  278",",,7","   72",",,7",,,,,"  139",",,7,1800",,,,,,,,,,,,,,,,,,,,,,,,
"USC00321871","2019-08-29","48.9144","-103.2977","597.1","CROSBY, ND US","    0",",,7,1800",,,,,"  206",",,7","   78",",,7",,,,,"  111",",,7,1800",,,,,,,,,,,,,,,,,,,,,,,,
"USC00321871","2019-08-30","48.9144","-103.2977","597.1","CROSBY, ND US","   10",",,7,1800",,,,,"  178",",,7","   56",",,7",,,,,"  139",",,7,1800",,,,,,,,,,,,,,,,,,,,,,,,
"USC00321871","2019-08-31","48.9144","-103.2977","597.1","CROSBY, ND US","    0",",,7,1800",,,,,"  261",",,7","  100",",,7",,,,,"  183",",,7,1800",,,,,,,,,,,,,,,,,,,,,,,,
"USC00321871","2019-09-01","48.9144","-103.2977","597.1","CROSBY, ND US","    0",",,7,1800",,,,,"  206",",,7","  106",",,7",,,,,"  144",",,7,1800",,,,,,,,,,,,,,,,,,,,,,,,
"USC00321871","2019-09-02","48.9144","-103.2977","597.1","CROSBY, ND US","  191",",,7,1800",,,,,"  200",",,7","   94",",,7",,,,,"  194",",,7,1800",,,,,,,,,,,,,,,,,,,,,,,,
"USC00321871","2019-09-03","48.9144","-103.2977","597.1","CROSBY, ND US","    0",",,7,1800",,,,,"  206",",,7","   94",",,7",,,,,"  139",",,7,1800",,,,,,,,,,,,,,,,,,,,,,,,
"USC00321871","2019-09-04","48.9144","-103.2977","597.1","CROSBY, ND US","    0",",,7,1800",,,,,"  278",",,7","   94",",,7",,,,,"  239",",,7,1800",,,,,,,,,,,,,,,,,,,,,,,,
"USC00321871","2019-09-05","48.9144","-103.2977","597.1","CROSBY, ND US","    0",",,7,1800",,,,,"  256",",,7","  100",",,7",,,,,"  161",",,7,1800",,,,,,,,,,,,,,,,,,,,,,,,
"USC00321871","2019-09-06","48.9144","-103.2977","597.1","CROSBY, ND US","    0",",,7,1800",,,,,"  239",",,7","   83",",,7",,,,,"  178",",,7,1800",,,,,,,,,,,,,,,,,,,,,,,,
"USC00321871","2019-09-07","48.9144","-103.2977","597.1","CROSBY, ND US","  173",",,7,1800",,,,,"  178",",,7","   94",",,7",,,,,"   94",",,7,1800",,,,,,,,,,,,,,,,,,,,,,,,
"USC00321871","2019-09-08","48.9144","-103.2977","597.1","CROSBY, ND US","    0",",,7,1800",,,,,"  194",",,7","   22",",,7",,,,,"  128",",,7,1800",,,,,,,,,,,,,,,,,,,,,,,,
"USC00321871","2019-09-09","48.9144","-103.2977","597.1","CROSBY, ND US","   71",",,7,1800",,,,,"  128",",,7","  100",",,7",,,,,"  117",",,7,1800",,,,,,,,,,,,,,,,,,,,,,,,
"USC00321871","2019-09-10","48.9144","-103.2977","597.1","CROSBY, ND US","   76",",,7,1800",,,,,"  183",",,7","  106",",,7",,,,,"  172",",,7,1800",,,,,,,,,,,,,,,,,,,,,,,,
"USC00321871","2019-09-11","48.9144","-103.2977","597.1","CROSBY, ND US","   25",",,7,1800",,,,,"  172",",,7","  100",",,7",,,,,"  111",",,7,1800",,,,,,,,,,,,,,,,,,,,,,,,
"USC00321871","2019-09-12","48.9144","-103.2977","597.1","CROSBY, ND US","  447",",,7,1800",,,,,"  111",",,7","   89",",,7",,,,,"   94",",,7,1800",,,,,,,,,,,,,,,,,,,,,,,,
"USC00321871","2019-09-13","48.9144","-103.2977","597.1","CROSBY, ND US","   13",",,7,1800",,,,,"  211",",,7","   61",",,7",,,,,"  183",",,7,1800",,,,,,,,,,,,,,,,,,,,,,,,
"USC00321871","2019-09-14","48.9144","-103.2977","597.1","CROSBY, ND US","    0",",,7,1800",,,,,"  239",",,7","   89",",,7",,,,,,,,,,,,,,,,,,,,,,,,,,,,,,
"USC00321871","2019-09-15","48.9144","-103.2977","597.1","CROSBY, ND US","    0",",,7,1800",,,,,"  311",",,7","   89",",,7",,,,,,,,,,,,,,,,,,,,,,,,,,,,,,
"USC00321871","2019-09-16","48.9144","-103.2977","597.1","CROSBY, ND US","    0",",,7,1800",,,,,"  339",",,7","  106",",,7",,,,,,,,,,,,,,,,,,,,,,,,,,,,,,
"USC00321871","2019-09-17","48.9144","-103.2977","597.1","CROSBY, ND US","    0",",,7,1800",,,,,"  333",",,7","   94",",,7",,,,,"  194",",,7,1800",,,,,,,,,,,,,,,,,,,,,,,,
"USC00321871","2019-09-18","48.9144","-103.2977","597.1","CROSBY, ND US","  114",",,7,1800",,,,,"  239",",,7","  150",",,7",,,,,"  194",",,7,1800",,,,,,,,,,,,,,,,,,,,,,,,
"USC00321871","2019-09-19","48.9144","-103.2977","597.1","CROSBY, ND US","    0",",,7,1800",,,,,"  261",",,7","   83",",,7",,,,,"  239",",,7,1800",,,,,,,,,,,,,,,,,,,,,,,,
"USC00321871","2019-09-20","48.9144","-103.2977","597.1","CROSBY, ND US","   43",",,7,1800",,,,,"  239",",,7","  128",",,7",,,,,"  172",",,7,1800",,,,,,,,,,,,,,,,,,,,,,,,
"USC00321871","2019-09-21","48.9144","-103.2977","597.1","CROSBY, ND US","   86",",,7,1800",,,,,"  172",",,7","   61",",,7",,,,,,,,,,,,,,,,,,,,,,,,,,,,,,
"USC00321871","2019-09-22","48.9144","-103.2977","597.1","CROSBY, ND US","    3",",,7,1800",,,,,"  217",",,7","   44",",,7",,,,,,,,,,,,,,,,,,,,,,,,,,,,,,
"USC00321871","2019-09-23","48.9144","-103.2977","597.1","CROSBY, ND US","    0",",,7,1800",,,,,"  267",",,7","   78",",,7",,,,,,,,,,,,,,,,,,,,,,,,,,,,,,
"USC00321871","2019-09-24","48.9144","-103.2977","597.1","CROSBY, ND US","    3",",,7,1800",,,,,"  183",",,7","   78",",,7",,,,,,,,,,,,,,,,,,,,,,,,,,,,,,
"USC00321871","2019-09-25","48.9144","-103.2977","597.1","CROSBY, ND US","   25",",,7,1800",,,,,"  150",",,7","   39",",,7",,,,,,,,,,,,,,,,,,,,,,,,,,,,,,
"USC00321871","2019-09-26","48.9144","-103.2977","597.1","CROSBY, ND US","   13",",,7,1800",,,,,"  117",",,7","   39",",,7",,,,,,,,,,,,,,,,,,,,,,,,,,,,,,
"USC00321871","2019-09-27","48.9144","-103.2977","597.1","CROSBY, ND US","   25",",,7,1800",,,,,"   67",",,7","   33",",,7",,,,,,,,,,,,,,,,,,,,,,,,,,,,,,
"USC00321871","2019-09-28","48.9144","-103.2977","597.1","CROSBY, ND US","   53",",,7,1800",,,,,"   83",",,7","   -6",",,7",,,,,,,,,,,,,,,,,,,,,,,,,,,,,,
"USC00321871","2019-09-29","48.9144","-103.2977","597.1","CROSBY, ND US","  249",",,7,1800",,,,,"   50",",,7","   22",",,7",,,,,"   33",",,7,1800",,,,,,,,,,,,,,,,,,,,,,,,
"USC00321871","2019-09-30","48.9144","-103.2977","597.1","CROSBY, ND US","   76",",,7,1800",,,,,"   44",",,7","   17",",,7",,,,,"   39",",,7,1800",,,,,,,,,,,,,,,,,,,,,,,,
"USC00321871","2019-10-01","48.9144","-103.2977","597.1","CROSBY, ND US","    0",",,7,1800","    0",",,7,1800",,,"   61",",,7","   11",",,7",,,,,"   33",",,7,1800",,,,,,,,,,,,,,,,,,,,,,,,
"USC00321871","2019-10-02","48.9144","-103.2977","597.1","CROSBY, ND US","   15",",,7,1800","    0",",,7,1800",,,"   44",",,7","    0",",,7",,,,,"   28",",,7,1800",,,,,,,,,,,,,,,,,,,,,,,,
"USC00321871","2019-10-03","48.9144","-103.2977","597.1","CROSBY, ND US","    0",",,7,1800","    0",",,7,1800",,,"   50",",,7","  -17",",,7",,,,,"   33",",,7,1800",,,,,,,,,,,,,,,,,,,,,,,,
"USC00321871","2019-10-04","48.9144","-103.2977","597.1","CROSBY, ND US","    5",",,7,1800","    0",",,7,1800",,,"   78",",,7","   22",",,7",,,,,"   72",",,7,1800",,,,,,,,,,,,,,,,,,,,,,,,
"USC00321871","2019-10-05","48.9144","-103.2977","597.1","CROSBY, ND US","    0",",,7,1800","    0",",,7,1800",,,"  156",",,7","   44",",,7",,,,,"   94",",,7,1800",,,,,,,,,,,,,,,,,,,,,,,,
"USC00321871","2019-10-06","48.9144","-103.2977","597.1","CROSBY, ND US","    0",",,7,1800","    0",",,7,1800",,,"  139",",,7","   67",",,7",,,,,"  111",",,7,1800",,,,,,,,,,,,,,,,,,,,,,,,
"USC00321871","2019-10-07","48.9144","-103.2977","597.1","CROSBY, ND US","    0",",,7,1800","    0",",,7,1800",,,"  183",",,7","   17",",,7",,,,,"  100",",,7,1800",,,,,,,,,,,,,,,,,,,,,,,,
"USC00321871","2019-10-08","48.9144","-103.2977","597.1","CROSBY, ND US","    0",",,7,1800","    0",",,7,1800",,,"  183",",,7","   56",",,7",,,,,"   61",",,7,1800",,,,,,,,,,,,,,,,,,,,,,,,
"USC00321871","2019-10-09","48.9144","-103.2977","597.1","CROSBY, ND US","   64",",,7,1800","   64",",,7,1800",,,"   61",",,7","  -28",",,7",,,,,"  -28",",,7,1800",,,,,,,,,,,,,,,,,,,,,,,,
"USC00321871","2019-10-10","48.9144","-103.2977","597.1","CROSBY, ND US","    0",",,7,1800","    0",",,7,1800",,,"    6",",,7","  -44",",,7",,,,,"  -17",",,7,1800",,,,,,,,,,,,,,,,,,,,,,,,
"USC00321871","2019-10-11","48.9144","-103.2977","597.1","CROSBY, ND US","    0",",,7,1800","    0",",,7,1800",,,"   39",",,7","  -56",",,7",,,,,"    6",",,7,1800",,,,,,,,,,,,,,,,,,,,,,,,
"USC00321871","2019-10-12","48.9144","-103.2977","597.1","CROSBY, ND US","    0",",,7,1800","    0",",,7,1800",,,"   22",",,7","  -22",",,7",,,,,"    0",",,7,1800",,,,,,,,,,,,,,,,,,,,,,,,
"USC00321871","2019-10-13","48.9144","-103.2977","597.1","CROSBY, ND US","    0",",,7,1800","    0",",,7,1800",,,"   89",",,7","  -50",",,7",,,,,"   22",",,7,1800",,,,,,,,,,,,,,,,,,,,,,,,
"USC00321871","2019-10-14","48.9144","-103.2977","597.1","CROSBY, ND US","    0",",,7,1800","    0",",,7,1800",,,"  128",",,7","  -28",",,7",,,,,"   67",",,7,1800",,,,,,,,,,,,,,,,,,,,,,,,
"USC00321871","2019-10-15","48.9144","-103.2977","597.1","CROSBY, ND US","    0",",,7,1800","    0",",,7,1800",,,"   67",",,7","  -50",",,7",,,,,"   28",",,7,1800",,,,,,,,,,,,,,,,,,,,,,,,
"USC00321871","2019-10-16","48.9144","-103.2977","597.1","CROSBY, ND US","    0",",,7,1800","    0",",,7,1800",,,"  167",",,7","  -33",",,7",,,,,"   94",",,7,1800",,,,,,,,,,,,,,,,,,,,,,,,
"USC00321871","2019-10-17","48.9144","-103.2977","597.1","CROSBY, ND US","    0",",,7,1800","    0",",,7,1800",,,"  194",",,7","   17",",,7",,,,,"  150",",,7,1800",,,,,,,,,,,,,,,,,,,,,,,,
"USC00321871","2019-10-18","48.9144","-103.2977","597.1","CROSBY, ND US","    0",",,7,1800","    0",",,7,1800",,,"  194",",,7","   17",",,7",,,,,,,,,,,,,,,,,,,,,,,,,,,,,,
"USC00321871","2019-10-19","48.9144","-103.2977","597.1","CROSBY, ND US","    0",",,7,1800","    0",",,7,1800",,,"  139",",,7","   11",",,7",,,,,"   17",",,7,1800",,,,,,,,,,,,,,,,,,,,,,,,
"USC00321871","2019-10-20","48.9144","-103.2977","597.1","CROSBY, ND US","    0",",,7,1800","    0",",,7,1800",,,"  106",",,7","   -6",",,7",,,,,"   50",",,7,1800",,,,,,,,,,,,,,,,,,,,,,,,
"USC00321871","2019-10-21","48.9144","-103.2977","597.1","CROSBY, ND US","    0",",,7,1800","    0",",,7,1800",,,"   94",",,7","  -61",",,7",,,,,"    0",",,7,1800",,,,,,,,,,,,,,,,,,,,,,,,
"USC00321871","2019-10-22","48.9144","-103.2977","597.1","CROSBY, ND US","    0",",,7,1800","    0",",,7,1800",,,"   83",",,7","  -44",",,7",,,,,"   28",",,7,1800",,,,,,,,,,,,,,,,,,,,,,,,
"USC00321871","2019-10-23","48.9144","-103.2977","597.1","CROSBY, ND US","    0",",,7,1800","    0",",,7,1800",,,"   72",",,7","  -61",",,7",,,,,"   33",",,7,1800",,,,,,,,,,,,,,,,,,,,,,,,
"USC00321871","2019-10-24","48.9144","-103.2977","597.1","CROSBY, ND US","    0",",,7,1800","    0",",,7,1800",,,"   72",",,7","    0",",,7",,,,,"   22",",,7,1800",,,,,,,,,,,,,,,,,,,,,,,,
"USC00321871","2019-10-25","48.9144","-103.2977","597.1","CROSBY, ND US","    0",",,7,1800","    0",",,7,1800",,,"  189",",,7","  -17",",,7",,,,,"  117",",,7,1800",,,,,,,,,,,,,,,,,,,,,,,,
"USC00321871","2019-10-26","48.9144","-103.2977","597.1","CROSBY, ND US","    0",",,7,1800","    0",",,7,1800",,,"  122",",,7","   -6",",,7",,,,,"   -6",",,7,1800",,,,,,,,,,,,,,,,,,,,,,,,
"USC00321871","2019-10-27","48.9144","-103.2977","597.1","CROSBY, ND US","    3",",,7,1800","    0",",,7,1800",,,"   -6",",,7","  -72",",,7",,,,,"  -67",",,7,1800",,,,,,,,,,,,,,,,,,,,,,,,
"USC00321871","2019-10-28","48.9144","-103.2977","597.1","CROSBY, ND US","    5",",,7,1800","   13",",,7,1800",,,"  -39",",,7"," -106",",,7",,,,,"  -67",",,7,1800",,,,,,,,,,,,,,,,,,,,,,,,
"USC00321871","2019-10-29","48.9144","-103.2977","597.1","CROSBY, ND US","   13",",,7,1800","   25",",,7,1800",,,"  -67",",,7"," -100",",,7",,,,,"  -83",",,7,1800",,,,,,,,,,,,,,,,,,,,,,,,
"USC00321871","2019-10-30","48.9144","-103.2977","597.1","CROSBY, ND US","    0",",,7,1800","    0",",,7,1800",,,"   -6",",,7"," -100",",,7",,,,,"  -67",",,7,1800",,,,,,,,,,,,,,,,,,,,,,,,
"USC00321871","2019-10-31","48.9144","-103.2977","597.1","CROSBY, ND US","    0",",,7,1800","    0",",,7,1800",,,"   33",",,7","  -89",",,7",,,,,"   11",",,7,1800",,,,,,,,,,,,,,,,,,,,,,,,
"USC00321871","2019-11-01","48.9144","-103.2977","597.1","CROSBY, ND US","    0",",,7,1800","    0",",,7,1800",,,"   22",",,7","  -22",",,7",,,,,"  -17",",,7,1800",,,,,,,,,,,,,,,,,,,,,,,,
"USC00321871","2019-11-02","48.9144","-103.2977","597.1","CROSBY, ND US","    3",",,7,1800","    0",",,7,1800",,,"   56",",,7","  -61",",,7",,,,,"    6",",,7,1800",,,,,,,,,,,,,,,,,,,,,,,,
"USC00321871","2019-11-03","48.9144","-103.2977","597.1","CROSBY, ND US","    8",",,7,1800","   13",",,7,1800",,,"    6",",,7","  -39",",,7",,,,,"    0",",,7,1800",,,,,,,,,,,,,,,,,,,,,,,,
"USC00321871","2019-11-04","48.9144","-103.2977","597.1","CROSBY, ND US","    0",",,7,1800","    0",",,7,1800",,,"    0",",,7"," -111",",,7",,,,," -111",",,7,1800",,,,,,,,,,,,,,,,,,,,,,,,
"USC00321871","2019-11-05","48.9144","-103.2977","597.1","CROSBY, ND US","    0",",,7,1800","    0",",,7,1800",,,"   -6",",,7"," -144",",,7",,,,,"  -50",",,7,1800",,,,,,,,,,,,,,,,,,,,,,,,
"USC00321871","2019-11-06","48.9144","-103.2977","597.1","CROSBY, ND US","    0",",,7,1800","    0",",,7,1800",,,"  -50",",,7"," -167",",,7",,,,," -167",",,7,1800",,,,,,,,,,,,,,,,,,,,,,,,
"USC00321871","2019-11-07","48.9144","-103.2977","597.1","CROSBY, ND US","    0",",,7,1800","    0",",,7,1800",,,"  -44",",,7"," -183",",,7",,,,," -111",",,7,1800",,,,,,,,,,,,,,,,,,,,,,,,
"USC00321871","2019-11-08","48.9144","-103.2977","597.1","CROSBY, ND US","    0",",,7,1800","    0",",,7,1800",,,"   83",",,7"," -122",",,7",,,,,"   33",",,7,1800",,,,,,,,,,,,,,,,,,,,,,,,
"USC00321871","2019-11-09","48.9144","-103.2977","597.1","CROSBY, ND US","   56",",,7,1800","    0",",,7,1800",,,"   33",",,7","  -83",",,7",,,,,"  -83",",,7,1800",,,,,,,,,,,,,,,,,,,,,,,,
"USC00321871","2019-11-10","48.9144","-103.2977","597.1","CROSBY, ND US","  127",",,7,1800","   38",",,7,1800",,,"  -83",",,7"," -167",",,7",,,,," -167",",,7,1800",,,,,,,,,,,,,,,,,,,,,,,,
"USC00321871","2019-11-11","48.9144","-103.2977","597.1","CROSBY, ND US","    0",",,7,1800","    0",",,7,1800",,," -117",",,7"," -189",",,7",,,,," -150",",,7,1800",,,,,,,,,,,,,,,,,,,,,,,,
"USC00321871","2019-11-12","48.9144","-103.2977","597.1","CROSBY, ND US","    0",",,7,1800","    0",",,7,1800",,,"  -11",",,7"," -161",",,7",,,,,"  -28",",,7,1800",,,,,,,,,,,,,,,,,,,,,,,,
"USC00321871","2019-11-13","48.9144","-103.2977","597.1","CROSBY, ND US","    0",",,7,1800","    0",",,7,1800",,,"  -17",",,7"," -106",",,7",,,,,"  -33",",,7,1800",,,,,,,,,,,,,,,,,,,,,,,,
"USC00321871","2019-11-14","48.9144","-103.2977","597.1","CROSBY, ND US","    0",",,7,1800","    0",",,7,1800",,,"   50",",,7","  -33",",,7",,,,,"  -11",",,7,1800",,,"    1",",,7",,,,,,,,,,,,,,,,,,,,
"USC00321871","2019-11-15","48.9144","-103.2977","597.1","CROSBY, ND US","    0",",,7,1800","    0",",,7,1800",,,"   83",",,7","  -28",",,7",,,,,"   39",",,7,1800",,,,,,,,,,,,,,,,,,,,,,,,
"USC00321871","2019-11-16","48.9144","-103.2977","597.1","CROSBY, ND US","    0",",,7,1800","    0",",,7,1800",,,"   39",",,7","    6",",,7",,,,,"    6",",,7,1800",,,,,,,,,,,,,,,,,,,,,,,,
"USC00321871","2019-11-17","48.9144","-103.2977","597.1","CROSBY, ND US","    0",",,7,1800","    0",",,7,1800",,,"   56",",,7","  -17",",,7",,,,,"   17",",,7,1800",,,,,,,,,,,,,,,,,,,,,,,,
"USC00321871","2019-11-18","48.9144","-103.2977","597.1","CROSBY, ND US","    5",",,7,1800","    0",",,7,1800",,,"  100",",,7","   17",",,7",,,,,"   50",",,7,1800",,,,,,,,,,,,,,,,,,,,,,,,
"USC00321871","2019-11-19","48.9144","-103.2977","597.1","CROSBY, ND US","    0",",,7,1800","    0",",,7,1800",,,"   61",",,7","  -44",",,7",,,,,"   11",",,7,1800",,,,,,,,,,,,,,,,,,,,,,,,
"USC00321871","2019-11-20","48.9144","-103.2977","597.1","CROSBY, ND US","  152",",,7,1800","  229",",,7,1800",,,"   11",",,7","  -83",",,7",,,,,"  -83",",,7,1800",,,,,,,,,,,,,,,,,,,,,,,,
"USC00321871","2019-11-21","48.9144","-103.2977","597.1","CROSBY, ND US","    0",",,7,1800","    0",",,7,1800",,,"  -33",",,7"," -167",",,7",,,,,"  -78",",,7,1800",,,,,,,,,,,,,,,,,,,,,,,,
"USC00321871","2019-11-22","48.9144","-103.2977","597.1","CROSBY, ND US","    0",",,7,1800","    0",",,7,1800",,,"    6",",,7"," -100",",,7",,,,,"   -6",",,7,1800",,,,,,,,,,,,,,,,,,,,,,,,
"USC00321871","2019-11-23","48.9144","-103.2977","597.1","CROSBY, ND US","    0",",,7,1800","    0",",,7,1800",,,"   39",",,7","  -22",",,7",,,,,"   11",",,7,1800",,,,,,,,,,,,,,,,,,,,,,,,
"USC00321871","2019-11-24","48.9144","-103.2977","597.1","CROSBY, ND US","    0",",,7,1800","    0",",,7,1800",,,"   61",",,7","   -6",",,7",,,,,"   17",",,7,1800",,,,,,,,,,,,,,,,,,,,,,,,
"USC00321871","2019-11-25","48.9144","-103.2977","597.1","CROSBY, ND US","    3",",,7,1800","    0",",,7,1800",,,"   17",",,7","  -17",",,7",,,,,"  -17",",,7,1800",,,,,,,,,,,,,,,,,,,,,,,,
"USC00321871","2019-11-26","48.9144","-103.2977","597.1","CROSBY, ND US","    0",",,7,1800","    0",",,7,1800",,,"    0",",,7","  -56",",,7",,,,,"  -56",",,7,1800",,,,,,,,,,,,,,,,,,,,,,,,
"USC00321871","2019-11-27","48.9144","-103.2977","597.1","CROSBY, ND US","    0",",,7,1800","    0",",,7,1800",,,"  -17",",,7","  -83",",,7",,,,,"  -72",",,7,1800",,,,,,,,,,,,,,,,,,,,,,,,
"USC00321871","2019-11-28","48.9144","-103.2977","597.1","CROSBY, ND US","    0",",,7,1800","    0",",,7,1800",,,"  -56",",,7","  -83",",,7",,,,,"  -67",",,7,1800",,,,,,,,,,,,,,,,,,,,,,,,
"USC00321871","2019-11-29","48.9144","-103.2977","597.1","CROSBY, ND US","    0",",,7,1800","    0",",,7,1800",,,"  -17",",,7","  -67",",,7",,,,,"  -39",",,7,1800",,,,,,,,,,,,,,,,,,,,,,,,
"USC00321871","2019-11-30","48.9144","-103.2977","597.1","CROSBY, ND US","    8",",,7,1800","    0",",,7,1800",,,"  -33",",,7","  -61",",,7",,,,,"  -61",",,7,1800",,,"    1",",,7",,,,,,,"    1",",,7",,,,,,,,,,,,
"USC00321871","2019-12-01","48.9144","-103.2977","597.1","CROSBY, ND US","    3",",,7,1800",,,,,"  -44",",,7"," -111",",,7",,,,,"  -50",",,7,1800",,,,,,,,,,,,,,,,,,,,,,,,
"USC00321871","2019-12-02","48.9144","-103.2977","597.1","CROSBY, ND US","    0",",,7,1800",,,,,"   28",",,7","  -78",",,7",,,,,"  -11",",,7,1800",,,,,,,,,,,,,,,,,,,,,,,,
"USC00321871","2019-12-03","48.9144","-103.2977","597.1","CROSBY, ND US","    0",",,7,1800",,,,,"   44",",,7","  -56",",,7",,,,,"    6",",,7,1800",,,,,,,,,,,,,,,,,,,,,,,,
"USC00321871","2019-12-04","48.9144","-103.2977","597.1","CROSBY, ND US","    0",",,7,1800",,,,,"   44",",,7","  -78",",,7",,,,,"  -17",",,7,1800",,,,,,,,,,,,,,,,,,,,,,,,
"USC00321871","2019-12-05","48.9144","-103.2977","597.1","CROSBY, ND US","    0",",,7,1800",,,,,"  -17",",,7"," -111",",,7",,,,," -106",",,7,1800",,,,,,,,,,,,,,,,,,,,,,,,
"USC00321871","2019-12-06","48.9144","-103.2977","597.1","CROSBY, ND US","    0",",,7,1800",,,,,"  -33",",,7"," -122",",,7",,,,,"  -39",",,7,1800",,,,,,,,,,,,,,,,,,,,,,,,
"USC00321871","2019-12-07","48.9144","-103.2977","597.1","CROSBY, ND US","    0",",,7,1800",,,,,"   39",",,7","  -56",",,7",,,,,"  -39",",,7,1800",,,,,,,,,,,,,,,,,,,,,,,,
"USC00321871","2019-12-08","48.9144","-103.2977","597.1","CROSBY, ND US","   30",",,7,1800","   76",",,7,1800",,,"  -39",",,7"," -172",",,7",,,,," -172",",,7,1800",,,,,,,,,,,,,,,,,,,,,,,,
"USC00321871","2019-12-09","48.9144","-103.2977","597.1","CROSBY, ND US","    3",",,7,1800",,,,,"  -89",",,7"," -233",",,7",,,,," -189",",,7,1800",,,,,,,,,,,,,,,,,,,,,,,,
"USC00321871","2019-12-10","48.9144","-103.2977","597.1","CROSBY, ND US","    0",",,7,1800",,,,," -144",",,7"," -267",",,7",,,,," -200",",,7,1800",,,,,,,,,,,,,,,,,,,,,,,,
"USC00321871","2019-12-11","48.9144","-103.2977","597.1","CROSBY, ND US","   13",",,7,1800","   25",",,7,1800",,," -144",",,7"," -256",",,7",,,,," -156",",,7,1800",,,,,,,,,,,,,,,,,,,,,,,,
"USC00321871","2019-12-12","48.9144","-103.2977","597.1","CROSBY, ND US","    3",",,7,1800",,,,,"  -94",",,7"," -217",",,7",,,,,"  -94",",,7,1800",,,,,,,,,,,,,,,,,,,,,,,,
"USC00321871","2019-12-13","48.9144","-103.2977","597.1","CROSBY, ND US","    0",",,7,1800",,,,,"  -61",",,7"," -222",",,7",,,,,,,,,,,,,,,,,,,,,,,,,,,,,,
"USC00321871","2019-12-14","48.9144","-103.2977","597.1","CROSBY, ND US","    0",",,7,1800",,,,,"  -72",",,7"," -244",",,7",,,,," -150",",,7,1800",,,,,,,,,,,,,,,,,,,,,,,,
"USC00321871","2019-12-15","48.9144","-103.2977","597.1","CROSBY, ND US","    0",",,7,1800",,,,,"  -67",",,7"," -150",",,7",,,,," -111",",,7,1800",,,,,,,,,,,,,,,,,,,,,,,,
"USC00321871","2019-12-16","48.9144","-103.2977","597.1","CROSBY, ND US","    0",",,7,1800",,,,,"  -28",",,7"," -156",",,7",,,,,"  -89",",,7,1800",,,,,,,,,,,,,,,,,,,,,,,,
"USC00321871","2019-12-17","48.9144","-103.2977","597.1","CROSBY, ND US","    0",",,7,1800",,,,,"  -67",",,7"," -150",",,7",,,,," -106",",,7,1800",,,,,,,,,,,,,,,,,,,,,,,,
"USC00321871","2019-12-18","48.9144","-103.2977","597.1","CROSBY, ND US","    0",",,7,1800",,,,,"   22",",,7"," -117",",,7",,,,,"  -44",",,7,1800",,,,,,,,,,,,,,,,,,,,,,,,
"USC00321871","2019-12-19","48.9144","-103.2977","597.1","CROSBY, ND US","    0",",,7,1800",,,,,"  -28",",,7","  -94",",,7",,,,,"  -78",",,7,1800",,,,,,,,,,,,,,,,,,,,,,,,
"USC00321871","2019-12-20","48.9144","-103.2977","597.1","CROSBY, ND US","    0",",,7,1800",,,,,"    6",",,7"," -133",",,7",,,,,"    0",",,7,1800",,,,,,,,,,,,,,,,,,,,,,,,
"USC00321871","2019-12-21","48.9144","-103.2977","597.1","CROSBY, ND US","    0",",,7,1800",,,,,"   28",",,7","  -22",",,7",,,,,"  -11",",,7,1800",,,,,,,,,,,,,,,,,,,,,,,,
"USC00321871","2019-12-22","48.9144","-103.2977","597.1","CROSBY, ND US","    0",",,7,1800",,,,,"   50",",,7","  -39",",,7",,,,,"  -39",",,7,1800",,,,,,,,,,,,,,,,,,,,,,,,
"USC00321871","2019-12-24","48.9144","-103.2977","597.1","CROSBY, ND US",,,,,,,"  -28",",,7","  -67",",,7","    2",",,7","    0",",,7","  -44",",,7,1800",,,,,,,,,,,,,,,,,,,,,,,,
"USC00321871","2019-12-25","48.9144","-103.2977","597.1","CROSBY, ND US","    0",",,7,1800",,,,,"  -44",",,7","  -78",",,7",,,,,"  -61",",,7,1800",,,,,,,,,,,,,,,,,,,,,,,,
"USC00321871","2019-12-26","48.9144","-103.2977","597.1","CROSBY, ND US","    0",",,7,1800",,,,,"  -39",",,7"," -100",",,7",,,,," -100",",,7,1800",,,,,,,,,,,,,,,,,,,,,,,,
"USC00321871","2019-12-27","48.9144","-103.2977","597.1","CROSBY, ND US","    0",",,7,1800",,,,,"  -17",",,7"," -133",",,7",,,,,"  -89",",,7,1800",,,,,,,,,,,,,,,,,,,,,,,,
"USC00321871","2019-12-28","48.9144","-103.2977","597.1","CROSBY, ND US","    0",",,7,1800",,,,,"  -61",",,7"," -156",",,7",,,,," -100",",,7,1800",,,,,,,,,,,,,,,,,,,,,,,,
"USC00321871","2019-12-29","48.9144","-103.2977","597.1","CROSBY, ND US","    3",",,7,1800",,,,," -100",",,7"," -139",",,7",,,,," -100",",,7,1800",,,,,,,,,,,,,,,,,,,,,,,,
"USC00321871","2019-12-30","48.9144","-103.2977","597.1","CROSBY, ND US","    0",",,7,1800",,,,,"  -67",",,7"," -128",",,7",,,,," -128",",,7,1800",,,,,,,,,,,,,,,,,,,,,,,,
"USC00321871","2019-12-31","48.9144","-103.2977","597.1","CROSBY, ND US","    0",",,7,1800",,,,,"  -11",",,7"," -150",",,7",,,,,"  -44",",,7,1800",,,,,,,,,,,,,,,,,,,,,,,,
"USC00321871","2020-01-01","48.9144","-103.2977","597.1","CROSBY, ND US","    0",",,7,1800","    0",",,7,1800",,,"   22",",,7","  -61",",,7",,,,,"  -28",",,7,1800",,,,,,,,,,,,,,,,,,,,,,,,
"USC00321871","2020-01-02","48.9144","-103.2977","597.1","CROSBY, ND US","    0",",,7,1800","    0",",,7,1800",,,"    6",",,7","  -39",",,7",,,,,"  -22",",,7,1800",,,,,,,,,,,,,,,,,,,,,,,,
"USC00321871","2020-01-03","48.9144","-103.2977","597.1","CROSBY, ND US","   23",",,7,1800","   25",",,7,1800",,,"  -22",",,7"," -106",",,7",,,,," -106",",,7,1800",,,,,,,,,,,,,,,,,,,,,,,,
"USC00321871","2020-01-04","48.9144","-103.2977","597.1","CROSBY, ND US","    0",",,7,1800","    0",",,7,1800",,,"   50",",,7"," -133",",,7",,,,,"   28",",,7,1800",,,,,,,,,,,,,,,,,,,,,,,,
"USC00321871","2020-01-05","48.9144","-103.2977","597.1","CROSBY, ND US","    0",",,7,1800","    0",",,7,1800",,,"   28",",,7","  -67",",,7",,,,,"  -67",",,7,1800",,,,,,,,,,,,,,,,,,,,,,,,
"USC00321871","2020-01-06","48.9144","-103.2977","597.1","CROSBY, ND US","    0",",,7,1800","    0",",,7,1800",,,"  -17",",,7"," -106",",,7",,,,,"  -39",",,7,1800",,,,,,,,,,,,,,,,,,,,,,,,
"USC00321871","2020-01-07","48.9144","-103.2977","597.1","CROSBY, ND US","    0",",,7,1800","    0",",,7,1800",,,"  -39",",,7"," -194",",,7",,,,," -189",",,7,1800",,,,,,,,,,,,,,,,,,,,,,,,
"USC00321871","2020-01-08","48.9144","-103.2977","597.1","CROSBY, ND US","    0",",,7,1800","    0",",,7,1800",,,"  -83",",,7"," -206",",,7",,,,,"  -89",",,7,1800",,,,,,,,,,,,,,,,,,,,,,,,
"USC00321871","2020-01-09","48.9144","-103.2977","597.1","CROSBY, ND US","    0",",,7,1800","    0",",,7,1800",,,"  -61",",,7"," -189",",,7",,,,," -189",",,7,1800",,,,,,,,,,,,,,,,,,,,,,,,
"USC00321871","2020-01-10","48.9144","-103.2977","597.1","CROSBY, ND US","    0",",,7,1800","    0",",,7,1800",,," -189",",,7"," -261",",,7",,,,," -244",",,7,1800",,,,,,,,,,,,,,,,,,,,,,,,
"USC00321871","2020-01-11","48.9144","-103.2977","597.1","CROSBY, ND US","    3",",,7,1800",,,,," -117",",,7"," -244",",,7",,,,," -117",",,7,1800",,,,,,,,,,,,,,,,,,,,,,,,
"USC00321871","2020-01-12","48.9144","-103.2977","597.1","CROSBY, ND US","    5",",,7,1800","   13",",,7,1800",,,"  -78",",,7"," -150",",,7",,,,," -150",",,7,1800",,,,,,,,,,,,,,,,,,,,,,,,
"USC00321871","2020-01-13","48.9144","-103.2977","597.1","CROSBY, ND US","   20",",,7,1800","   64",",,7,1800",,," -150",",,7"," -233",",,7",,,,," -233",",,7,1800",,,,,,,,,,,,,,,,,,,,,,,,
"USC00321871","2020-01-14","48.9144","-103.2977","597.1","CROSBY, ND US","    0",",,7,1800","    0",",,7,1800",,," -233",",,7"," -289",",,7",,,,," -256",",,7,1800",,,,,,,,,,,,,,,,,,,,,,,,
"USC00321871","2020-01-15","48.9144","-103.2977","597.1","CROSBY, ND US","    3",",,7,1800",,,,," -256",",,7"," -300",",,7",,,,," -300",",,7,1800",,,,,,,,,,,,,,,,,,,,,,,,
"USC00321871","2020-01-16","48.9144","-103.2977","597.1","CROSBY, ND US","    0",",,7,1800","    0",",,7,1800",,," -172",",,7"," -322",",,7",,,,," -200",",,7,1800",,,,,,,,,,,,,,,,,,,,,,,,
"USC00321871","2020-01-17","48.9144","-103.2977","597.1","CROSBY, ND US","    0",",,7,1800","    0",",,7,1800",,," -194",",,7"," -239",",,7",,,,," -194",",,7,1800",,,,,,,,,,,,,,,,,,,,,,,,
"USC00321871","2020-01-18","48.9144","-103.2977","597.1","CROSBY, ND US","    0",",,7,1800","    0",",,7,1800",,," -189",",,7"," -261",",,7",,,,," -250",",,7,1800",,,,,,,,,,,,,,,,,,,,,,,,
"USC00321871","2020-01-19","48.9144","-103.2977","597.1","CROSBY, ND US","    0",",,7,1800","    0",",,7,1800",,," -189",",,7"," -272",",,7",,,,," -222",",,7,1800",,,,,,,,,,,,,,,,,,,,,,,,
"USC00321871","2020-01-20","48.9144","-103.2977","597.1","CROSBY, ND US","    0",",,7,1800","    0",",,7,1800",,,"  -44",",,7"," -244",",,7",,,,,"  -61",",,7,1800",,,,,,,,,,,,,,,,,,,,,,,,
"USC00321871","2020-01-21","48.9144","-103.2977","597.1","CROSBY, ND US","    0",",,7,1800","    0",",,7,1800",,,"   17",",,7","  -89",",,7",,,,,,,,,,,,,,,,,,,,,,,,,,,,,,
"USC00321871","2020-01-22","48.9144","-103.2977","597.1","CROSBY, ND US","    0",",,7,1800","    0",",,7,1800",,,"   33",",,7"," -133",",,7",,,,,"  -61",",,7,1800",,,,,,,,,,,,,,,,,,,,,,,,
"USC00321871","2020-01-23","48.9144","-103.2977","597.1","CROSBY, ND US","    0",",,7,1800","    0",",,7,1800",,,"  -44",",,7"," -122",",,7",,,,,"  -56",",,7,1800",,,,,,,,,,,,,,,,,,,,,,,,
"USC00321871","2020-01-24","48.9144","-103.2977","597.1","CROSBY, ND US","    0",",,7,1800","    0",",,7,1800",,,"  -33",",,7","  -94",",,7",,,,,"  -33",",,7,1800",,,,,,,,,,,,,,,,,,,,,,,,
"USC00321871","2020-01-25","48.9144","-103.2977","597.1","CROSBY, ND US","    0",",,7,1800","    0",",,7,1800",,,"   39",",,7","  -67",",,7",,,,,"   11",",,7,1800",,,,,,,,,,,,,,,,,,,,,,,,
"USC00321871","2020-01-26","48.9144","-103.2977","597.1","CROSBY, ND US","   13",",,7,1800","   25",",,7,1800",,,"   11",",,7","  -44",",,7",,,,,"  -44",",,7,1800",,,,,,,,,,,,,,,,,,,,,,,,
"USC00321871","2020-01-27","48.9144","-103.2977","597.1","CROSBY, ND US","    3",",,7,1800",,,,,"  -17",",,7","  -56",",,7",,,,,"  -17",",,7,1800",,,,,,,,,,,,,,,,,,,,,,,,
"USC00321871","2020-01-28","48.9144","-103.2977","597.1","CROSBY, ND US","    0",",,7,1800","    0",",,7,1800",,,"  -11",",,7","  -72",",,7",,,,,"  -17",",,7,1800",,,,,,,,,,,,,,,,,,,,,,,,
"USC00321871","2020-01-29","48.9144","-103.2977","597.1","CROSBY, ND US","    0",",,7,1800","    0",",,7,1800",,,"  -17",",,7","  -39",",,7",,,,,"  -39",",,7,1800",,,,,,,,,,,,,,,,,,,,,,,,
"USC00321871","2020-01-30","48.9144","-103.2977","597.1","CROSBY, ND US","   20",",,7,1800","   38",",,7,1800",,,"  -28",",,7","  -78",",,7",,,,,"  -61",",,7,1800",,,,,,,,,,,,,,,,,,,,,,,,
"USC00321871","2020-01-31","48.9144","-103.2977","597.1","CROSBY, ND US","    0",",,7,1800","    0",",,7,1800",,,"   28",",,7"," -133",",,7",,,,,"  -72",",,7,1800",,,,,,,,,,,,,,,,,,,,,,,,
"USC00321871","2020-02-01","48.9144","-103.2977","597.1","CROSBY, ND US","    0",",,7,1800","    0",",,7,1800",,,"   83",",,7","  -72",",,7",,,,,"   50",",,7,1800",,,,,,,,,,,,,,,,,,,,,,,,
"USC00321871","2020-02-02","48.9144","-103.2977","597.1","CROSBY, ND US","    0",",,7,1800","    0",",,7,1800",,,"   50",",,7","  -94",",,7",,,,,"  -39",",,7,1800",,,,,,,,,,,,,,,,,,,,,,,,
"USC00321871","2020-02-03","48.9144","-103.2977","597.1","CROSBY, ND US","    0",",,7,1800","    0",",,7,1800",,,"  -39",",,7"," -150",",,7",,,,,"  -89",",,7,1800",,,,,,,,,,,,,,,,,,,,,,,,
"USC00321871","2020-02-04","48.9144","-103.2977","597.1","CROSBY, ND US","    0",",,7,1800","    0",",,7,1800",,,"  -39",",,7"," -194",",,7",,,,,"  -78",",,7,1800",,,,,,,,,,,,,,,,,,,,,,,,
"USC00321871","2020-02-05","48.9144","-103.2977","597.1","CROSBY, ND US","    0",",,7,1800","    0",",,7,1800",,,"  -17",",,7"," -122",",,7",,,,,"  -39",",,7,1800",,,,,,,,,,,,,,,,,,,,,,,,
"USC00321871","2020-02-06","48.9144","-103.2977","597.1","CROSBY, ND US","    0","T,,7,1800",,,,,"  -39",",,7"," -150",",,7",,,,," -139",",,7,1800",,,,,,,,,,,,,,,,,,,,,,,,
"USC00321871","2020-02-07","48.9144","-103.2977","597.1","CROSBY, ND US","    0",",,7,1800","    0",",,7,1800",,,"  -39",",,7"," -167",",,7",,,,,,,,,,,,,,,,,,,,,,,,,,,,,,
"USC00321871","2020-02-08","48.9144","-103.2977","597.1","CROSBY, ND US","    0",",,7,1800","    0",",,7,1800",,,"  -17",",,7"," -117",",,7",,,,,,,,,,,,,,,,,,,,,,,,,,,,,,
"USC00321871","2020-02-09","48.9144","-103.2977","597.1","CROSBY, ND US","    0",",,7,1800","    0",",,7,1800",,,"  -17",",,7"," -139",",,7",,,,,,,,,,,,,,,,,,,,,,,,,,,,,,
"USC00321871","2020-02-10","48.9144","-103.2977","597.1","CROSBY, ND US","    0",",,7,1800","    0",",,7,1800",,,"  -44",",,7"," -122",",,7",,,,,,,,,,,,,,,,,,,,,,,,,,,,,,
"USC00321871","2020-02-11","48.9144","-103.2977","597.1","CROSBY, ND US","    0",",,7,1800","    0",",,7,1800",,,"   -6",",,7"," -139",",,7",,,,,,,,,,,,,,,,,,,,,,,,,,,,,,
"USC00321871","2020-02-12","48.9144","-103.2977","597.1","CROSBY, ND US","   76",",,7,1800","   38",",,7,1800",,,"  -61",",,7"," -294",",,7",,,,," -256",",,7,1800",,,,,,,,,,,,,,,,,,,,,,,,
"USC00321871","2020-02-13","48.9144","-103.2977","597.1","CROSBY, ND US","    0",",,7,1800","    0",",,7,1800",,," -117",",,7"," -294",",,7",,,,," -139",",,7,1800",,,,,,,,,,,,,,,,,,,,,,,,
"USC00321871","2020-02-14","48.9144","-103.2977","597.1","CROSBY, ND US","  127",",,7,1800","   13",",,7,1800",,,"   17",",,7"," -139",",,7",,,,,"  -17",",,7,1800",,,,,,,,,,,,,,,,,,,,,,,,
"USC00321871","2020-02-15","48.9144","-103.2977","597.1","CROSBY, ND US","    0",",,7,1800","    0",",,7,1800",,,"   17",",,7"," -139",",,7",,,,," -133",",,7,1800",,,,,,,,,,,,,,,,,,,,,,,,
"USC00321871","2020-02-16","48.9144","-103.2977","597.1","CROSBY, ND US","    0",",,7,1800","    0",",,7,1800",,,"    6",",,7"," -139",",,7",,,,,"  -67",",,7,1800",,,,,,,,,,,,,,,,,,,,,,,,
"USC00321871","2020-02-17","48.9144","-103.2977","597.1","CROSBY, ND US","    0",",,7,1800","    0",",,7,1800",,,"  -56",",,7"," -111",",,7",,,,," -100",",,7,1800",,,,,,,,,,,,,,,,,,,,,,,,
"USC00321871","2020-02-18","48.9144","-103.2977","597.1","CROSBY, ND US","   51",",,7,1800","   13",",,7,1800",,," -100",",,7"," -250",",,7",,,,," -217",",,7,1800",,,,,,,,,,,,,,,,,,,,,,,,
"USC00321871","2020-02-19","48.9144","-103.2977","597.1","CROSBY, ND US","    0",",,7,1800","    0",",,7,1800",,," -122",",,7"," -300",",,7",,,,," -161",",,7,1800",,,,,,,,,,,,,,,,,,,,,,,,
"USC00321871","2020-02-20","48.9144","-103.2977","597.1","CROSBY, ND US","    0",",,7,1800","    0",",,7,1800",,,"    6",",,7"," -194",",,7",,,,,"  -44",",,7,1800",,,,,,,,,,,,,,,,,,,,,,,,
"USC00321871","2020-02-21","48.9144","-103.2977","597.1","CROSBY, ND US","    0",",,7,1800","    0",",,7,1800",,,"   33",",,7"," -106",",,7",,,,,"  -22",",,7,1800",,,,,,,,,,,,,,,,,,,,,,,,
"USC00321871","2020-02-22","48.9144","-103.2977","597.1","CROSBY, ND US","    0",",,7,1800","    0",",,7,1800",,,"   50",",,7"," -100",",,7",,,,,"    6",",,7,1800",,,,,,,,,,,,,,,,,,,,,,,,
"USC00321871","2020-02-23","48.9144","-103.2977","597.1","CROSBY, ND US","    0",",,7,1800","    0",",,7,1800",,,"   22",",,7","  -78",",,7",,,,,"  -78",",,7,1800",,,,,,,,,,,,,,,,,,,,,,,,
"USC00321871","2020-02-24","48.9144","-103.2977","597.1","CROSBY, ND US","    0",",,7,1800","    0",",,7,1800",,,"    6",",,7","  -78",",,7",,,,,"  -17",",,7,1800",,,,,,,,,,,,,,,,,,,,,,,,
"USC00321871","2020-02-25","48.9144","-103.2977","597.1","CROSBY, ND US","    0",",,7,1800","    0",",,7,1800",,,"  -17",",,7"," -117",",,7",,,,," -106",",,7,1800",,,,,,,,,,,,,,,,,,,,,,,,
"USC00321871","2020-02-26","48.9144","-103.2977","597.1","CROSBY, ND US","    0",",,7,1800","    0",",,7,1800",,,"    0",",,7"," -156",",,7",,,,,"  -61",",,7,1800",,,,,,,,,,,,,,,,,,,,,,,,
"USC00321871","2020-02-27","48.9144","-103.2977","597.1","CROSBY, ND US","    0",",,7,1800","    0",",,7,1800",,,"   17",",,7"," -106",",,7",,,,,,,,,,,,,,,,,,,,,,,,,,,,,,
"USC00321871","2020-02-28","48.9144","-103.2977","597.1","CROSBY, ND US","    0",",,7,1800","    0",",,7,1800",,,"   61",",,7","  -44",",,7",,,,,"    6",",,7,1800",,,,,,,,,,,,,,,,,,,,,,,,
"USC00321871","2020-02-29","48.9144","-103.2977","597.1","CROSBY, ND US","    0",",,7,1800","    0",",,7,1800",,,"   83",",,7","  -22",",,7",,,,,"   17",",,7,1800",,,,,,,,,,,,,,,,,,,,,,,,
"USC00321871","2020-03-01","48.9144","-103.2977","597.1","CROSBY, ND US","    0",",,7,1800","    0",",,7,1800",,,"   39",",,7","  -94",",,7",,,,,"  -11",",,7,1800",,,,,,,,,,,,,,,,,,,,,,,,
"USC00321871","2020-03-02","48.9144","-103.2977","597.1","CROSBY, ND US","    5",",,7,1800","    0",",,7,1800",,,"   39",",,7","  -44",",,7",,,,,"    6",",,7,1800",,,,,,,,,,,,,,,,,,,,,,,,
"USC00321871","2020-03-03","48.9144","-103.2977","597.1","CROSBY, ND US","    0",",,7,1800","    0",",,7,1800",,,"   56",",,7","  -50",",,7",,,,,"   11",",,7,1800",,,,,,,,,,,,,,,,,,,,,,,,
"USC00321871","2020-03-04","48.9144","-103.2977","597.1","CROSBY, ND US","    5",",,7,1800","    0",",,7,1800",,,"   72",",,7","  -33",",,7",,,,,"   11",",,7,1800",,,,,,,,,,,,,,,,,,,,,,,,
"USC00321871","2020-03-05","48.9144","-103.2977","597.1","CROSBY, ND US","    0",",,7,1800","    0",",,7,1800",,,"   44",",,7","  -17",",,7",,,,,"    6",",,7,1800",,,,,,,,,,,,,,,,,,,,,,,,
"USC00321871","2020-03-06","48.9144","-103.2977","597.1","CROSBY, ND US","    0",",,7,1800","    0",",,7,1800",,,"  133",",,7","  -11",",,7",,,,,"   83",",,7,1800",,,,,,,,,,,,,,,,,,,,,,,,
"USC00321871","2020-03-07","48.9144","-103.2977","597.1","CROSBY, ND US","    0",",,7,1800","    0",",,7,1800",,,"  100",",,7","  -11",",,7",,,,,"    0",",,7,1800",,,,,,,,,,,,,,,,,,,,,,,,
"USC00321871","2020-03-08","48.9144","-103.2977","597.1","CROSBY, ND US","    3",",,7,1800","    0",",,7,1800",,,"    0",",,7","  -94",",,7",,,,,"  -94",",,7,1800",,,,,,,,,,,,,,,,,,,,,,,,
"USC00321871","2020-03-09","48.9144","-103.2977","597.1","CROSBY, ND US","    5",",,7,1800","    0",",,7,1800",,,"  -11",",,7"," -122",",,7",,,,,"  -22",",,7,1800",,,,,,,,,,,,,,,,,,,,,,,,
"USC00321871","2020-03-10","48.9144","-103.2977","597.1","CROSBY, ND US","    0",",,7,1800","    0",",,7,1800",,,"   72",",,7","  -83",",,7",,,,,"   33",",,7,1800",,,,,,,,,,,,,,,,,,,,,,,,
"USC00321871","2020-03-11","48.9144","-103.2977","597.1","CROSBY, ND US","    0",",,7,1800","    0",",,7,1800",,,"  100",",,7","    0",",,7",,,,,"   17",",,7,1800",,,,,,,,,,,,,,,,,,,,,,,,
"USC00321871","2020-03-12","48.9144","-103.2977","597.1","CROSBY, ND US","    0",",,7,1800","    0",",,7,1800",,,"   17",",,7","  -39",",,7",,,,,"  -28",",,7,1800",,,,,,,,,,,,,,,,,,,,,,,,
"USC00321871","2020-03-13","48.9144","-103.2977","597.1","CROSBY, ND US","    0",",,7,1800","    0",",,7,1800",,,"  -28",",,7"," -106",",,7",,,,,"  -72",",,7,1800",,,,,,,,,,,,,,,,,,,,,,,,
"USC00321871","2020-03-14","48.9144","-103.2977","597.1","CROSBY, ND US","    0",",,7,1800","    0",",,7,1800",,,"  -33",",,7"," -128",",,7",,,,,"  -56",",,7,1800",,,,,,,,,,,,,,,,,,,,,,,,
"USC00321871","2020-03-15","48.9144","-103.2977","597.1","CROSBY, ND US","   43",",,7,1800","   64",",,7,1800",,,"  -33",",,7","  -94",",,7",,,,,"  -78",",,7,1800",,,,,,,,,,,,,,,,,,,,,,,,
"USC00321871","2020-03-16","48.9144","-103.2977","597.1","CROSBY, ND US","    3",",,7,1800","    0",",,7,1800",,,"  -33",",,7"," -100",",,7",,,,,"  -67",",,7,1800",,,,,,,,,,,,,,,,,,,,,,,,
"USC00321871","2020-03-17","48.9144","-103.2977","597.1","CROSBY, ND US","    0",",,7,1800","    0",",,7,1800",,,"   39",",,7"," -150",",,7",,,,,"  -11",",,7,1800",,,,,,,,,,,,,,,,,,,,,,,,
"USC00321871","2020-03-18","48.9144","-103.2977","597.1","CROSBY, ND US","    0",",,7,1800","    0",",,7,1800",,,"  -11",",,7","  -83",",,7",,,,,"  -83",",,7,1800",,,,,,,,,,,,,,,,,,,,,,,,
"USC00321871","2020-03-19","48.9144","-103.2977","597.1","CROSBY, ND US","    0",",,7,1800","    0",",,7,1800",,,"  -56",",,7"," -128",",,7",,,,," -111",",,7,1800",,,,,,,,,,,,,,,,,,,,,,,,
"USC00321871","2020-03-20","48.9144","-103.2977","597.1","CROSBY, ND US","    5",",,7,1800","    0",",,7,1800",,,"  -33",",,7"," -194",",,7",,,,,"  -67",",,7,1800",,,,,,,,,,,,,,,,,,,,,,,,
"USC00321871","2020-03-21","48.9144","-103.2977","597.1","CROSBY, ND US","    0",",,7,1800","    0",",,7,1800",,,"    0",",,7","  -83",",,7",,,,,"  -11",",,7,1800",,,,,,,,,,,,,,,,,,,,,,,,
"USC00321871","2020-03-22","48.9144","-103.2977","597.1","CROSBY, ND US","    0",",,7,1800","    0",",,7,1800",,,"   44",",,7"," -106",",,7",,,,,"   28",",,7,1800",,,,,,,,,,,,,,,,,,,,,,,,
"USC00321871","2020-03-23","48.9144","-103.2977","597.1","CROSBY, ND US","    0",",,7,1800","    0",",,7,1800",,,"  133",",,7","  -61",",,7",,,,,"   89",",,7,1800",,,,,,,,,,,,,,,,,,,,,,,,
"USC00321871","2020-03-24","48.9144","-103.2977","597.1","CROSBY, ND US","    0",",,7,1800","    0",",,7,1800",,,"   89",",,7","  -22",",,7",,,,,"  -22",",,7,1800",,,,,,,,,,,,,,,,,,,,,,,,
"USC00321871","2020-03-25","48.9144","-103.2977","597.1","CROSBY, ND US","    0",",,7,1800","    0",",,7,1800",,,"   28",",,7","  -72",",,7",,,,,"    6",",,7,1800",,,,,,,,,,,,,,,,,,,,,,,,
"USC00321871","2020-03-26","48.9144","-103.2977","597.1","CROSBY, ND US","    0",",,7,1800","    0",",,7,1800",,,"   83",",,7","  -50",",,7",,,,,"    0",",,7,1800",,,,,,,,,,,,,,,,,,,,,,,,
"USC00321871","2020-03-27","48.9144","-103.2977","597.1","CROSBY, ND US","    0",",,7,1800","    0",",,7,1800",,,"  106",",,7","  -22",",,7",,,,,"   89",",,7,1800",,,,,,,,,,,,,,,,,,,,,,,,
"USC00321871","2020-03-28","48.9144","-103.2977","597.1","CROSBY, ND US","    0",",,7,1800","    0",",,7,1800",,,"  144",",,7","  -28",",,7",,,,,"   67",",,7,1800",,,,,,,,,,,,,,,,,,,,,,,,
"USC00321871","2020-03-29","48.9144","-103.2977","597.1","CROSBY, ND US","    0",",,7,1800","    0",",,7,1800",,,"  167",",,7","  -44",",,7",,,,,"   83",",,7,1800",,,,,,,,,,,,,,,,,,,,,,,,
"USC00321871","2020-03-30","48.9144","-103.2977","597.1","CROSBY, ND US","    0",",,7,1800","    0",",,7,1800",,,"  194",",,7","    6",",,7",,,,,"  161",",,7,1800",,,,,,,,,,,,,,,,,,,,,,,,
"USC00321871","2020-03-31","48.9144","-103.2977","597.1","CROSBY, ND US","    8",",,7,1800","   13",",,7,1800",,,"  161",",,7","  -33",",,7",,,,,"  -33",",,7,1800",,,,,,,,,,,,,,,,,,,,,,,,
"USC00321871","2020-04-01","48.9144","-103.2977","597.1","CROSBY, ND US","   10",",,7,1800","   13",",,7,1800",,,"  -33",",,7"," -111",",,7",,,,," -111",",,7,1800",,,,,,,,,,,,,,,,,,,,,,,,
"USC00321871","2020-04-02","48.9144","-103.2977","597.1","CROSBY, ND US","    0",",,7,1800","    0",",,7,1800",,,"  -83",",,7"," -156",",,7",,,,,"  -89",",,7,1800",,,,,,,,,,,,,,,,,,,,,,,,
"USC00321871","2020-04-03","48.9144","-103.2977","597.1","CROSBY, ND US","    0",",,7,1800","    0",",,7,1800",,,"  -11",",,7"," -172",",,7",,,,,"  -50",",,7,1800",,,,,,,,,,,,,,,,,,,,,,,,
"USC00321871","2020-04-04","48.9144","-103.2977","597.1","CROSBY, ND US","    0",",,7,1800","    0",",,7,1800",,,"   44",",,7","  -94",",,7",,,,,"   28",",,7,1800",,,,,,,,,,,,,,,,,,,,,,,,
"USC00321871","2020-04-05","48.9144","-103.2977","597.1","CROSBY, ND US","    0",",,7,1800","    0",",,7,1800",,,"   50",",,7","  -83",",,7",,,,,"    0",",,7,1800",,,,,,,,,,,,,,,,,,,,,,,,
"USC00321871","2020-04-06","48.9144","-103.2977","597.1","CROSBY, ND US","    0",",,7,1800","    0",",,7,1800",,,"  144",",,7","  -22",",,7",,,,,"   11",",,7,1800",,,,,,,,,,,,,,,,,,,,,,,,
"USC00321871","2020-04-07","48.9144","-103.2977","597.1","CROSBY, ND US","    0",",,7,1800","    0",",,7,1800",,,"  139",",,7","  -44",",,7",,,,,"   78",",,7,1800",,,,,,,,,,,,,,,,,,,,,,,,
"USC00321871","2020-04-08","48.9144","-103.2977","597.1","CROSBY, ND US","    0",",,7,1800","    0",",,7,1800",,,"   83",",,7","  -22",",,7",,,,,"   22",",,7,1800",,,,,,,,,,,,,,,,,,,,,,,,
"USC00321871","2020-04-09","48.9144","-103.2977","597.1","CROSBY, ND US","    0",",,7,1800","    0",",,7,1800",,,"   50",",,7","  -94",",,7",,,,,"   28",",,7,1800",,,,,,,,,,,,,,,,,,,,,,,,
"USC00321871","2020-04-10","48.9144","-103.2977","597.1","CROSBY, ND US","    0",",,7,1800","    0",",,7,1800",,,"  144",",,7","  -28",",,7",,,,,"   89",",,7,1800",,,,,,,,,,,,,,,,,,,,,,,,
"USC00321871","2020-04-11","48.9144","-103.2977","597.1","CROSBY, ND US","    0",",,7,1800","    0",",,7,1800",,,"   89",",,7","  -33",",,7",,,,,"  -11",",,7,1800",,,,,,,,,,,,,,,,,,,,,,,,
"USC00321871","2020-04-12","48.9144","-103.2977","597.1","CROSBY, ND US","    5",",,7,1800","   13",",,7,1800",,,"   89",",,7"," -100",",,7",,,,,"  -28",",,7,1800",,,,,,,,,,,,,,,,,,,,,,,,
"USC00321871","2020-04-13","48.9144","-103.2977","597.1","CROSBY, ND US","    0",",,7,1800","    0",",,7,1800",,,"  -28",",,7"," -122",",,7",,,,,"  -83",",,7,1800",,,,,,,,,,,,,,,,,,,,,,,,
"USC00321871","2020-04-14","48.9144","-103.2977","597.1","CROSBY, ND US","    0",",,7,1800","    0",",,7,1800",,,"   17",",,7"," -144",",,7",,,,,"  -22",",,7,1800",,,,,,,,,,,,,,,,,,,,,,,,
"USC00321871","2020-04-15","48.9144","-103.2977","597.1","CROSBY, ND US","    0",",,7,1800","    0",",,7,1800",,,"   50",",,7"," -122",",,7",,,,,"    0",",,7,1800",,,,,,,,,,,,,,,,,,,,,,,,
"USC00321871","2020-04-16","48.9144","-103.2977","597.1","CROSBY, ND US","    0",",,7,1800","    0",",,7,1800",,,"   44",",,7","  -94",",,7",,,,,"   17",",,7,1800",,,,,,,,,,,,,,,,,,,,,,,,
"USC00321871","2020-04-17","48.9144","-103.2977","597.1","CROSBY, ND US","    0",",,7,1800","    0",",,7,1800",,,"  150",",,7","  -61",",,7",,,,,"  128",",,7,1800",,,,,,,,,,,,,,,,,,,,,,,,
"USC00321871","2020-04-18","48.9144","-103.2977","597.1","CROSBY, ND US","    0",",,7,1800","    0",",,7,1800",,,"  128",",,7","  -11",",,7",,,,,"   -6",",,7,1800",,,,,,,,,,,,,,,,,,,,,,,,
"USC00321871","2020-04-19","48.9144","-103.2977","597.1","CROSBY, ND US","    0",",,7,1800","    0",",,7,1800",,,"  144",",,7","  -78",",,7",,,,,"  128",",,7,1800",,,,,,,,,,,,,,,,,,,,,,,,
"USC00321871","2020-04-20","48.9144","-103.2977","597.1","CROSBY, ND US","    0",",,7,1800","    0",",,7,1800",,,"  133",",,7","   17",",,7",,,,,"   22",",,7,1800",,,,,,,,,,,,,,,,,,,,,,,,
"USC00321871","2020-04-21","48.9144","-103.2977","597.1","CROSBY, ND US","    0",",,7,1800","    0",",,7,1800",,,"  239",",,7","    6",",,7",,,,,"  217",",,7,1800",,,,,,,,,,,,,,,,,,,,,,,,
"USC00321871","2020-04-22","48.9144","-103.2977","597.1","CROSBY, ND US","    0",",,7,1800","    0",",,7,1800",,,"  217",",,7","   44",",,7",,,,,"  156",",,7,1800",,,,,,,,,,,,,,,,,,,,,,,,
"USC00321871","2020-04-23","48.9144","-103.2977","597.1","CROSBY, ND US","    0",",,7,1800","    0",",,7,1800",,,"  178",",,7","   44",",,7",,,,,"   72",",,7,1800",,,,,,,,,,,,,,,,,,,,,,,,
"USC00321871","2020-04-24","48.9144","-103.2977","597.1","CROSBY, ND US","   91",",,7,1800","    0",",,7,1800",,,"  178",",,7","   17",",,7",,,,,"  106",",,7,1800",,,,,,,,,,,,,,,,,,,,,,,,
"USC00321871","2020-04-25","48.9144","-103.2977","597.1","CROSBY, ND US","    0",",,7,1800","    0",",,7,1800",,,"  172",",,7","    0",",,7",,,,,"  161",",,7,1800",,,,,,,,,,,,,,,,,,,,,,,,
"USC00321871","2020-04-26","48.9144","-103.2977","597.1","CROSBY, ND US","    0",",,7,1800","    0",",,7,1800",,,"  194",",,7","   72",",,7",,,,,"  161",",,7,1800",,,,,,,,,,,,,,,,,,,,,,,,
"USC00321871","2020-04-27","48.9144","-103.2977","597.1","CROSBY, ND US","    0",",,7,1800","    0",",,7,1800",,,"  222",",,7","   11",",,7",,,,,"  156",",,7,1800",,,,,,,,,,,,,,,,,,,,,,,,
"USC00321871","2020-04-28","48.9144","-103.2977","597.1","CROSBY, ND US","    0",",,7,1800","    0",",,7,1800",,,"  156",",,7","   44",",,7",,,,,"   72",",,7,1800",,,,,,,,,,,,,,,,,,,,,,,,
"USC00321871","2020-04-29","48.9144","-103.2977","597.1","CROSBY, ND US","    0",",,7,1800","    0",",,7,1800",,,"  222",",,7","  -22",",,7",,,,,"  211",",,7,1800",,,,,,,,,,,,,,,,,,,,,,,,
"USC00321871","2020-04-30","48.9144","-103.2977","597.1","CROSBY, ND US","    0",",,7,1800","    0",",,7,1800",,,"  239",",,7","   78",",,7",,,,,"  222",",,7,1800",,,,,,,,,,,,,,,,,,,,,,,,
"USC00321871","2020-05-01","48.9144","-103.2977","597.1","CROSBY, ND US","   36",",,H,1800",,,,,"  222",",,H","   94",",,H",,,,,"  106",",,H,1800",,,,,,,,,,,,,,,,,,,,,,,,
"USC00321871","2020-05-02","48.9144","-103.2977","597.1","CROSBY, ND US","    0",",,H,1800",,,,,"  200",",,H","   39",",,H",,,,,"  161",",,H,1800",,,,,,,,,,,,,,,,,,,,,,,,
"USC00321871","2020-05-03","48.9144","-103.2977","597.1","CROSBY, ND US","    0",",,H,1800",,,,,"  172",",,H","   -6",",,H",,,,,,,,,,,,,,,,,,,,,,,,,,,,,,
"USC00321871","2020-05-04","48.9144","-103.2977","597.1","CROSBY, ND US","   43",",,H,1800",,,,,"  172",",,H","  -11",",,H",,,,,"   94",",,H,1800",,,,,,,,,,,,,,,,,,,,,,,,
"USC00321871","2020-05-05","48.9144","-103.2977","597.1","CROSBY, ND US","    8",",,H,1800",,,,,"  150",",,H","    6",",,H",,,,,"  117",",,H,1800",,,,,,,,,,,,,,,,,,,,,,,,
"USC00321871","2020-05-06","48.9144","-103.2977","597.1","CROSBY, ND US","    0",",,H,1800",,,,,"  206",",,H","   17",",,H",,,,,"  167",",,H,1800",,,,,,,,,,,,,,,,,,,,,,,,
"USC00321871","2020-05-07","48.9144","-103.2977","597.1","CROSBY, ND US","    0",",,H,1800",,,,,"  167",",,H","   22",",,H",,,,,"  106",",,H,1800",,,,,,,,,,,,,,,,,,,,,,,,
"USC00321871","2020-05-08","48.9144","-103.2977","597.1","CROSBY, ND US","    0",",,H,1800",,,,,"  200",",,H","    6",",,H",,,,,"  128",",,H,1800",,,,,,,,,,,,,,,,,,,,,,,,
"USC00321871","2020-05-09","48.9144","-103.2977","597.1","CROSBY, ND US","   36",",,H,1800",,,,,"  128",",,H","   -6",",,H",,,,,"   44",",,H,1800",,,,,,,,,,,,,,,,,,,,,,,,
"USC00321871","2020-05-10","48.9144","-103.2977","597.1","CROSBY, ND US","    0",",,H,1800",,,,,"  100",",,H","  -56",",,H",,,,,"   94",",,H,1800",,,,,,,,,,,,,,,,,,,,,,,,
"USC00321871","2020-05-11","48.9144","-103.2977","597.1","CROSBY, ND US","    0",",,H,1800",,,,,"  117",",,H","  -72",",,H",,,,,"   89",",,H,1800",,,,,,,,,,,,,,,,,,,,,,,,
"USC00321871","2020-05-12","48.9144","-103.2977","597.1","CROSBY, ND US","    0",",,H,1800",,,,,"  128",",,H","  -11",",,H",,,,,"   89",",,H,1800",,,,,,,,,,,,,,,,,,,,,,,,
"USC00321871","2020-05-13","48.9144","-103.2977","597.1","CROSBY, ND US","   10",",,H,1800",,,,,"  122",",,H","   33",",,H",,,,,"  122",",,H,1800",,,,,,,,,,,,,,,,,,,,,,,,
"USC00321871","2020-05-14","48.9144","-103.2977","597.1","CROSBY, ND US","   25",",,H,1800",,,,,"  144",",,H","   33",",,H",,,,,"  122",",,H,1800",,,,,,,,,,,,,,,,,,,,,,,,
"USC00321871","2020-05-15","48.9144","-103.2977","597.1","CROSBY, ND US","    0",",,H,1800",,,,,"  222",",,H","   22",",,H",,,,,"  133",",,H,1800",,,,,,,,,,,,,,,,,,,,,,,,
"USC00321871","2020-05-16","48.9144","-103.2977","597.1","CROSBY, ND US","    0",",,H,1800",,,,,"  239",",,H","   39",",,H",,,,,"  161",",,H,1800",,,,,,,,,,,,,,,,,,,,,,,,
"USC00321871","2020-05-17","48.9144","-103.2977","597.1","CROSBY, ND US","    0",",,H,1800",,,,,"  233",",,H","   72",",,H",,,,,"  211",",,H,1800",,,,,,,,,,,,,,,,,,,,,,,,
"USC00321871","2020-05-18","48.9144","-103.2977","597.1","CROSBY, ND US","    0",",,H,1800",,,,,"  233",",,H","  122",",,H",,,,,"  167",",,H,1800",,,,,,,,,,,,,,,,,,,,,,,,
"USC00321871","2020-05-19","48.9144","-103.2977","597.1","CROSBY, ND US","    0",",,H,1800",,,,,"  289",",,H","  128",",,H",,,,,"  278",",,H,1800",,,,,,,,,,,,,,,,,,,,,,,,
"USC00321871","2020-05-20","48.9144","-103.2977","597.1","CROSBY, ND US","    0",",,H,1800",,,,,"  294",",,H","  144",",,H",,,,,"  239",",,H,1800",,,,,,,,,,,,,,,,,,,,,,,,
"USC00321871","2020-05-21","48.9144","-103.2977","597.1","CROSBY, ND US","    3",",,H,1800",,,,,"  267",",,H","  133",",,H",,,,,"  167",",,H,1800",,,,,,,,,,,,,,,,,,,,,,,,
"USC00321871","2020-05-22","48.9144","-103.2977","597.1","CROSBY, ND US","    0",",,H,1800",,,,,"  283",",,H","   78",",,H",,,,,"  256",",,H,1800",,,,,,,,,,,,,,,,,,,,,,,,
"USC00321871","2020-05-23","48.9144","-103.2977","597.1","CROSBY, ND US","    5",",,H,1800",,,,,"  256",",,H","  106",",,H",,,,,"  106",",,H,1800",,,,,,,,,,,,,,,,,,,,,,,,
"USC00321871","2020-05-24","48.9144","-103.2977","597.1","CROSBY, ND US",,,,,,,"  133",",,H","   89",",,H",,,,,"  100",",,H,1800",,,,,,,,,,,,,,,,,,,,,,,,
"USC00321871","2020-05-25","48.9144","-103.2977","597.1","CROSBY, ND US","    0",",,H,1800",,,,,"  222",",,H","   94",",,H",,,,,"  200",",,H,1800",,,,,,,,,,,,,,,,,,,,,,,,
"USC00321871","2020-05-26","48.9144","-103.2977","597.1","CROSBY, ND US","    0",",,H,1800",,,,,"  233",",,H","   83",",,H",,,,,"  217",",,H,1800",,,,,,,,,,,,,,,,,,,,,,,,
"USC00321871","2020-05-27","48.9144","-103.2977","597.1","CROSBY, ND US","   30",",,H,1800",,,,,"  217",",,H","   94",",,H",,,,,"  156",",,H,1800",,,,,,,,,,,,,,,,,,,,,,,,
"USC00321871","2020-05-28","48.9144","-103.2977","597.1","CROSBY, ND US","    0",",,H,1800",,,,,"  200",",,H","   67",",,H",,,,,"  128",",,H,1800",,,,,,,,,,,,,,,,,,,,,,,,
"USC00321871","2020-05-29","48.9144","-103.2977","597.1","CROSBY, ND US","    0",",,H,1800",,,,,"  200",",,H","   22",",,H",,,,,"  183",",,H,1800",,,,,,,,,,,,,,,,,,,,,,,,
"USC00321871","2020-05-30","48.9144","-103.2977","597.1","CROSBY, ND US","    0",",,H,1800",,,,,"  228",",,H","   28",",,H",,,,,"  206",",,H,1800",,,,,,,,,,,,,,,,,,,,,,,,
"USC00321871","2020-05-31","48.9144","-103.2977","597.1","CROSBY, ND US","    0",",,H,1800",,,,,"  289",",,H","  117",",,H",,,,,"  272",",,H,1800",,,,,,,,,,,,,,,,,,,,,,,,
"USC00321871","2020-06-01","48.9144","-103.2977","597.1","CROSBY, ND US","    0",",,H,1800",,,,,"  278",",,H","  133",",,H",,,,,"  267",",,H,1800",,,,,,,,,,,,,,,,,,,,,,,,
"USC00321871","2020-06-02","48.9144","-103.2977","597.1","CROSBY, ND US","    8",",,H,1800",,,,,"  272",",,H","  133",",,H",,,,,"  239",",,H,1800",,,,,,,,,,,,,,,,,,,,,,,,
