"STATION","DATE","LATITUDE","LONGITUDE","ELEVATION","NAME","PRCP","PRCP_ATTRIBUTES","SNOW","SNOW_ATTRIBUTES","SNWD","SNWD_ATTRIBUTES","TMAX","TMAX_ATTRIBUTES","TMIN","TMIN_ATTRIBUTES","DAPR","DAPR_ATTRIBUTES","DASF","DASF_ATTRIBUTES","MDPR","MDPR_ATTRIBUTES","MDSF","MDSF_ATTRIBUTES","TOBS","TOBS_ATTRIBUTES","WESD","WESD_ATTRIBUTES","WT01","WT01_ATTRIBUTES","WT03","WT03_ATTRIBUTES","WT04","WT04_ATTRIBUTES","WT05","WT05_ATTRIBUTES","WT06","WT06_ATTRIBUTES","WT11","WT11_ATTRIBUTES"
"USC00211840","2018-03-02","47.1687","-92.4629","403.3","COTTON, MN US","    0",",,7,0700","    0",",,7,0700","  356",",,7,0700","   44",",,7"," -217",",,7",,,,,,,,," -200",",,7,0700",,,,,,,,,,,,,,
"USC00211840","2018-03-04","47.1687","-92.4629","403.3","COTTON, MN US",,,"    0",",,7,0700","  279",",,7,0700","   61",",,7"," -200",",,7","    2",",,7",,,"    0",",,7",,,"    0",",,7,0700",,,,,,,,,,,,,,
"USC00211840","2018-03-05","47.1687","-92.4629","403.3","COTTON, MN US","    0",",,7,0700","    0",",,7,0700","  279",",,7,0700","   28",",,7","  -11",",,7",,,,,,,,,"  -11",",,7,0700",,,,,,,,,,,,,,
"USC00211840","2018-03-06","47.1687","-92.4629","403.3","COTTON, MN US","    0",",,7,0700","    0",",,7,0700","  279",",,7,0700","   11",",,7","  -56",",,7",,,,,,,,,"  -56",",,7,0700",,,,,,,,,,,,,,
"USC00211840","2018-03-07","47.1687","-92.4629","403.3","COTTON, MN US","    0",",,7,0700","    0",",,7,0700","  254",",,7,0700","    6",",,7"," -167",",,7",,,,,,,,," -139",",,7,0700",,,,,,,,,,,,,,
"USC00211840","2018-03-08","47.1687","-92.4629","403.3","COTTON, MN US","    0",",,7,0700","    0",",,7,0700","  254",",,7,0700","  -50",",,7"," -222",",,7",,,,,,,,," -222",",,7,0700",,,,,,,,,,,,,,
"USC00211840","2018-03-09","47.1687","-92.4629","403.3","COTTON, MN US","    0",",,7,0700","    0",",,7,0700","  254",",,7,0700","  -17",",,7"," -228",",,7",,,,,,,,," -189",",,7,0700",,,,,,,,,,,,,,
"USC00211840","2018-03-10","47.1687","-92.4629","403.3","COTTON, MN US","    0",",,7,0700","    0",",,7,0700","  229",",,7,0700","  -11",",,7"," -233",",,7",,,,,,,,,"  -89",",,7,0700",,,,,,,,,,,,,,
"USC00211840","2018-03-12","47.1687","-92.4629","403.3","COTTON, MN US",,,"    0","T,,7,0700","  254",",,7,0700","   11",",,7"," -111",",,7","    2",",,7",,,"    0","T,,7",,," -111",",,7,0700",,,,,,,,,,,,,,
"USC00211840","2018-03-13","47.1687","-92.4629","403.3","COTTON, MN US","    0",",,7,0700","    0",",,7,0700","  229",",,7,0700","   17",",,7"," -167",",,7",,,,,,,,," -167",",,7,0700",,,,,,,,,,,,,,
"USC00211840","2018-03-14","47.1687","-92.4629","403.3","COTTON, MN US","    0",",,7,0700","    0",",,7,0700","  203",",,7,0700","   11",",,7"," -172",",,7",,,,,,,,," -100",",,7,0700",,,,,,,,,,,,,,
"USC00211840","2018-03-15","47.1687","-92.4629","403.3","COTTON, MN US","    0",",,7,0700","    0",",,7,0700","  203",",,7,0700","   72",",,7"," -122",",,7",,,,,,,,," -122",",,7,0700",,,,,,,,,,,,,,
"USC00211840","2018-03-20","47.1687","-92.4629","403.3","COTTON, MN US",,,"    0",",,7,0700","  152",",,7,0700","   89",",,7"," -211",",,7","    4",",,7",,,"    0",",,7",,," -100",",,7,0700",,,,,,,,,,,,,,
"USC00211840","2018-03-21","47.1687","-92.4629","403.3","COTTON, MN US","    0",",,7,0700","    0",",,7,0700","  152",",,7,0700","  -17",",,7"," -144",",,7",,,,,,,,," -100",",,7,0700",,,,,,,,,,,,,,
"USC00211840","2018-03-22","47.1687","-92.4629","403.3","COTTON, MN US","    0",",,7,0700","    0",",,7,0700","  152",",,7,0700","   17",",,7"," -128",",,7",,,,,,,,,"  -89",",,7,0700",,,,,,,,,,,,,,
"USC00211840","2018-03-24","47.1687","-92.4629","403.3","COTTON, MN US",,,"    0",",,7,0700","  152",",,7,0700","   44",",,7"," -150",",,7","    2",",,7",,,"    0",",,7",,,"  -44",",,7,0700",,,,,,,,,,,,,,
"USC00211840","2018-03-26","47.1687","-92.4629","403.3","COTTON, MN US",,,"    0",",,7,0700","  127",",,7,0700","   44",",,7","  -78",",,7","    2",",,7",,,"    0",",,7",,,"   -6",",,7,0700",,,,,,,,,,,,,,
"USC00211840","2018-03-27","47.1687","-92.4629","403.3","COTTON, MN US","   10",",,7,0700","   64",",,7,0700","  178",",,7,0700","    0",",,7","  -28",",,7",,,,,,,,,"  -22",",,7,0700",,,,,,,,,,,,,,
"USC00211840","2018-03-28","47.1687","-92.4629","403.3","COTTON, MN US","    0",",,7,0700","    0",",,7,0700","  127",",,7,0700","   78",",,7","  -22",",,7",,,,,,,,,"   11",",,7,0700",,,,,,,,,,,,,,
"USC00211840","2018-03-29","47.1687","-92.4629","403.3","COTTON, MN US","    0",",,7,0700","    0",",,7,0700","  102",",,7,0700","   83",",,7"," -111",",,7",,,,,,,,," -106",",,7,0700",,,,,,,,,,,,,,
"USC00211840","2018-03-30","47.1687","-92.4629","403.3","COTTON, MN US","    0","T,,7,0700","    0","T,,7,0700","  102",",,7,0700","   -6",",,7"," -128",",,7",,,,,,,,," -128",",,7,0700",,,,,,,,,,,,,,
"USC00211840","2018-03-31","47.1687","-92.4629","403.3","COTTON, MN US","    3",",,7,0700","   13",",,7,0700","  127",",,7,0700","  -33",",,7"," -128",",,7",,,,,,,,," -122",",,7,0700",,,,,,,,,,,,,,
"USC00211840","2018-04-01","47.1687","-92.4629","403.3","COTTON, MN US","    0",",,7,0700","    0",",,7,0700","  127",",,7,0700","  -67",",,7"," -178",",,7",,,,,,,,," -156",",,7,0700",,,,,,,,,,,,,,
"USC00211840","2018-04-02","47.1687","-92.4629","403.3","COTTON, MN US","    0",",,7,0700","    0",",,7,0700","  102",",,7,0700","  -11",",,7"," -156",",,7",,,,,,,,," -139",",,7,0700",,,,,,,,,,,,,,
"USC00211840","2018-04-03","47.1687","-92.4629","403.3","COTTON, MN US","    0","T,,7,0700","    0","T,,7,0700","  102",",,7,0700","  -22",",,7"," -139",",,7",,,,,,,,,"  -67",",,7,0700",,,,,,,,,,,,,,
"USC00211840","2018-04-04","47.1687","-92.4629","403.3","COTTON, MN US","    0",",,7,0700","    0",",,7,0700","  102",",,7,0700","  -22",",,7"," -167",",,7",,,,,,,,," -167",",,7,0700",,,,,,,,,,,,,,
"USC00211840","2018-04-05","47.1687","-92.4629","403.3","COTTON, MN US","    0",",,7,0700","    0",",,7,0700","  102",",,7,0700","   -6",",,7"," -167",",,7",,,,,,,,," -122",",,7,0700",,,,,,,,,,,,,,
"USC00211840","2018-04-06","47.1687","-92.4629","403.3","COTTON, MN US","    5",",,7,0700","   13",",,7,0700","  102",",,7,0700","  -28",",,7"," -133",",,7",,,,,,,,," -133",",,7,0700",,,,,,,,,,,,,,
"USC00211840","2018-04-07","47.1687","-92.4629","403.3","COTTON, MN US","    0",",,7,0700","    0",",,7,0700","  102",",,7,0700","  -83",",,7"," -167",",,7",,,,,,,,," -139",",,7,0700",,,,,,,,,,,,,,
"USC00211840","2018-04-08","47.1687","-92.4629","403.3","COTTON, MN US","    0",",,7,0700","    0",",,7,0700","  102",",,7,0700","  -28",",,7"," -222",",,7",,,,,,,,,"  -94",",,7,0700",,,,,,,,,,,,,,
"USC00211840","2018-04-09","47.1687","-92.4629","403.3","COTTON, MN US","    0",",,7,0700","    0",",,7,0700","   76",",,7,0700","    6",",,7"," -150",",,7",,,,,,,,," -128",",,7,0700",,,,,,,,,,,,,,
"USC00211840","2018-04-10","47.1687","-92.4629","403.3","COTTON, MN US","    0",",,7,0700","    0",",,7,0700","   76",",,7,0700","   33",",,7"," -133",",,7",,,,,,,,," -128",",,7,0700",,,,,,,,,,,,,,
"USC00211840","2018-04-11","47.1687","-92.4629","403.3","COTTON, MN US","    0","T,,7,0700","    0","T,,7,0700","   76",",,7,0700","    0",",,7"," -128",",,7",,,,,,,,,"  -56",",,7,0700",,,,,,,,,,,,,,
"USC00211840","2018-04-12","47.1687","-92.4629","403.3","COTTON, MN US","   71",",,7,0700","   51",",,7,0700","   51",",,7,0700","   83",",,7","  -61",",,7",,,,,,,,,"   -6",",,7,0700",,,,,,,,,,,,,,
"USC00211840","2018-04-13","47.1687","-92.4629","403.3","COTTON, MN US","    0",",,7,0700","    0",",,7,0700","   25",",,7,0700","   56",",,7","  -44",",,7",,,,,,,,,"  -44",",,7,0700",,,,,,,,,,,,,,
"USC00211840","2018-04-14","47.1687","-92.4629","403.3","COTTON, MN US","    0",",,7,0700","    0",",,7,0700","   25",",,7,0700","   67",",,7","  -61",",,7",,,,,,,,,"  -61",",,7,0700",,,,,,,,,,,,,,
"USC00211840","2018-04-16","47.1687","-92.4629","403.3","COTTON, MN US",,,"  254",",,7,0700","  254",",,7,0700","  -22",",,7","  -89",",,7","    2",",,7",,,"  356",",,7",,,"  -89",",,7,0700",,,,,,,,,,,,,,
"USC00211840","2018-04-17","47.1687","-92.4629","403.3","COTTON, MN US","    0",",,7,0700","    0",",,7,0700","  203",",,7,0700","  -17",",,7","  -89",",,7",,,,,,,,,"  -67",",,7,0700",,,,,,,,,,,,,,
"USC00211840","2018-04-18","47.1687","-92.4629","403.3","COTTON, MN US","    0",",,7,0700","    0",",,7,0700","   76",",,7,0700","   78",",,7","  -72",",,7",,,,,,,,,"  -22",",,7,0700",,,,,,,,,,,,,,
"USC00211840","2018-04-19","47.1687","-92.4629","403.3","COTTON, MN US","    0",",,7,0700","    0",",,7,0700","   25",",,7,0700","   89",",,7"," -111",",,7",,,,,,,,,"  -89",",,7,0700",,,,,,,,,,,,,,
"USC00211840","2018-04-20","47.1687","-92.4629","403.3","COTTON, MN US","    0",",,7,0700","    0",",,7,0700","    0","T,,7,0700","  122",",,7","  -89",",,7",,,,,,,,,"  -72",",,7,0700",,,,,,,,,,,,,,
"USC00211840","2018-04-21","47.1687","-92.4629","403.3","COTTON, MN US","    0",",,7,0700","    0",",,7,0700","    0",",,7,0700","  139",",,7","  -72",",,7",,,,,,,,,"  -33",",,7,0700",,,,,,,,,,,,,,
"USC00211840","2018-04-22","47.1687","-92.4629","403.3","COTTON, MN US","    0",",,7,0700","    0",",,7,0700","    0",",,7,0700","  144",",,7","  -67",",,7",,,,,,,,,"  -39",",,7,0700",,,,,,,,,,,,,,
"USC00211840","2018-04-23","47.1687","-92.4629","403.3","COTTON, MN US","    0",",,7,0700","    0",",,7,0700","    0",",,7,0700","  161",",,7","  -39",",,7",,,,,,,,,"   -6",",,7,0700",,,,,,,,,,,,,,
"USC00211840","2018-04-24","47.1687","-92.4629","403.3","COTTON, MN US","    0",",,7,0700","    0",",,7,0700","    0",",,7,0700","  194",",,7","  -28",",,7",,,,,,,,,"    0",",,7,0700",,,,,,,,,,,,,,
"USC00211840","2018-04-25","47.1687","-92.4629","403.3","COTTON, MN US","    0",",,7,0700","    0",",,7,0700","    0",",,7,0700","  122",",,7","  -83",",,7",,,,,,,,,"  -83",",,7,0700",,,,,,,,,,,,,,
"USC00211840","2018-04-26","47.1687","-92.4629","403.3","COTTON, MN US","    0",",,7,0700","    0",",,7,0700","    0",",,7,0700","  144",",,7","  -83",",,7",,,,,,,,,"   11",",,7,0700",,,,,,,,,,,,,,
"USC00211840","2018-04-27","47.1687","-92.4629","403.3","COTTON, MN US","    5",",,7,0700","    0",",,7,0700","    0",",,7,0700","  133",",,7","  -39",",,7",,,,,,,,,"   22",",,7,0700",,,,,,,,,,,,,,
"USC00211840","2018-04-29","47.1687","-92.4629","403.3","COTTON, MN US",,,"    0",",,7,0700","    0",",,7,0700","  106",",,7","  -67",",,7","    2",",,7",,,"   41",",,7",,,"   72",",,7,0700",,,,,,,,,,,,,,
"USC00211840","2018-05-01","47.1687","-92.4629","403.3","COTTON, MN US",,,"    0",",,7,0700","    0",",,7,0700","  211",",,7","   61",",,7","    2",",,7",,,"   10",",,7",,,"  150",",,7,0700",,,,,,,,,,,,,,
"USC00211840","2018-05-03","47.1687","-92.4629","403.3","COTTON, MN US","    0","T,,7,0700","    0",",,7,0700","    0",",,7,0700","  178",",,7","  -11",",,7",,,,,,,,,"   61",",,7,0700",,,,,,,,,,,,,,
"USC00211840","2018-05-10","47.1687","-92.4629","403.3","COTTON, MN US",,,"    0",",,7,0700","    0",",,7,0700","  272",",S,7","  -22",",,7","    5",",,7",,,"  117",",,7",,,"   -6",",,7,0700",,,,,,,,,,,,,,
"USC00211840","2018-05-11","47.1687","-92.4629","403.3","COTTON, MN US","    0",",,7,0700","    0",",,7,0700","    0",",,7,0700","  117",",,7","  -61",",,7",,,,,,,,,"  -39",",,7,0700",,,,,,,,,,,,,,
"USC00211840","2018-05-12","47.1687","-92.4629","403.3","COTTON, MN US","    0",",,7,0700","    0",",,7,0700","    0",",,7,0700","  133",",,7","  -50",",,7",,,,,,,,,"   -6",",,7,0700",,,,,,,,,,,,,,
"USC00211840","2018-05-14","47.1687","-92.4629","403.3","COTTON, MN US","    0",",,7,0700","    0",",,7,0700","    0",",,7,0700","  233",",,7","  -17",",,7",,,,,,,,,"   72",",,7,0700",,,,,,,,,,,,,,
"USC00211840","2018-05-15","47.1687","-92.4629","403.3","COTTON, MN US","    0",",,7,0700","    0",",,7,0700","    0",",,7,0700","  256",",,7","    6",",,7",,,,,,,,,"   50",",,7,0700",,,,,,,,,,,,,,
"USC00211840","2018-05-17","47.1687","-92.4629","403.3","COTTON, MN US",,,"    0",",,7,0700","    0",",,7,0700","  289",",,7","   50",",,7","    2",",,7",,,"   30",",,7",,,"   56",",,7,0700",,,,,,,,,,,,,,
"USC00211840","2018-05-18","47.1687","-92.4629","403.3","COTTON, MN US","    0",",,7,0700","    0",",,7,0700","    0",",,7,0700","  139",",,7","   56",",,7",,,,,,,,,"   67",",,7,0700",,,,,,,,,,,,,,
"USC00211840","2018-05-19","47.1687","-92.4629","403.3","COTTON, MN US","    5",",,7,0700","    0",",,7,0700","    0",",,7,0700","  239",",,7","   67",",,7",,,,,,,,,"   78",",,7,0700",,,,,,,,,,,,,,
"USC00211840","2018-05-21","47.1687","-92.4629","403.3","COTTON, MN US",,,"    0",",,7,0700","    0",",,7,0700","  211",",,7","  -39",",,7","    2",",,7",,,"    0",",,7",,,"    6",",,7,0700",,,,,,,,,,,,,,
"USC00211840","2018-05-22","47.1687","-92.4629","403.3","COTTON, MN US","    0",",,7,0700",,,"    0",",,7,0700","  228",",,7","    6",",,7",,,,,,,,,"  100",",,7,0700",,,,,,,,,,,,,,
"USC00211840","2018-05-23","47.1687","-92.4629","403.3","COTTON, MN US","    0",",,7,0700",,,"    0",",,7,0700","  250",",,7","   67",",,7",,,,,,,,,"  117",",,7,0700",,,,,,,,,,,,,,
"USC00211840","2018-05-24","47.1687","-92.4629","403.3","COTTON, MN US","    3",",,7,0700",,,,,"  272",",,7","  117",",,7",,,,,,,,,"  172",",,7,0700",,,,,,,,,,,,,,
"USC00211840","2018-05-25","47.1687","-92.4629","403.3","COTTON, MN US","   46",",,7,0700",,,,,"  267",",,7","  172",",,7",,,,,,,,,"  183",",,7,0700",,,,,,,,,,,,,,
"USC00211840","2018-05-30","47.1687","-92.4629","403.3","COTTON, MN US",,,,,,,"  306",",,7","   89",",,7","    5",",,7",,,"  102",",,7",,,"  167",",,7,0700",,,,,,,,,,,,,,
"USC00211840","2018-05-31","47.1687","-92.4629","403.3","COTTON, MN US","   86",",,7,0700",,,,,"  200",",,7","  144",",,7",,,,,,,,,"  172",",,7,0700",,,,,,,,,,,,,,
"USC00211840","2018-06-01","47.1687","-92.4629","403.3","COTTON, MN US",,,"    0",",,7,0700","    0",",,7,0700",,,,,,,,,,,,,,,,,,,,,,,,,,,,
"USC00211840","2018-06-02","47.1687","-92.4629","403.3","COTTON, MN US",,,"    0",",,7,0700","    0",",,7,0700",,,,,,,,,,,,,,,,,,,,,,,,,,,,
"USC00211840","2018-06-03","47.1687","-92.4629","403.3","COTTON, MN US",,,"    0",",,7,0700","    0",",,7,0700","  233",",,7","   61",",,7","    2",",,7",,,"  305",",,7",,,"  111",",,7,0700",,,,,,,,,,,,,,
"USC00211840","2018-06-04","47.1687","-92.4629","403.3","COTTON, MN US","    5",",,7,0700","    0",",,7,0700","    0",",,7,0700","  161",",,7","   61",",,7",,,,,,,,,"   83",",,7,0700",,,,,,,,,,,,,,
"USC00211840","2018-06-05","47.1687","-92.4629","403.3","COTTON, MN US","    0",",,7,0700","    0",",,7,0700","    0",",,7,0700","  222",",,7","   11",",,7",,,,,,,,,"   61",",,7,0700",,,,,,,,,,,,,,
"USC00211840","2018-06-06","47.1687","-92.4629","403.3","COTTON, MN US",,,"    0",",,7,0700","    0",",,7,0700",,,,,,,,,,,,,,,,,,,,,,,,,,,,
"USC00211840","2018-06-07","47.1687","-92.4629","403.3","COTTON, MN US",,,"    0",",,7,0700","    0",",,7,0700","  239",",,7","   44",",,7","    2",",,7",,,"  107",",,7",,,"   56",",,7,0700",,,,,,,,,,,,,,
"USC00211840","2018-06-08","47.1687","-92.4629","403.3","COTTON, MN US","    0",",,7,0700","    0",",,7,0700","    0",",,7,0700","  222",",,7","   50",",,7",,,,,,,,,"  106",",,7,0700",,,,,,,,,,,,,,
"USC00211840","2018-06-09","47.1687","-92.4629","403.3","COTTON, MN US",,,"    0",",,7,0700","    0",",,7,0700",,,,,,,,,,,,,,,,,,,,,,,,,,,,
"USC00211840","2018-06-10","47.1687","-92.4629","403.3","COTTON, MN US",,,"    0",",,7,0700","    0",",,7,0700",,,,,,,,,,,,,,,,,,,,,,,,,,,,
"USC00211840","2018-06-11","47.1687","-92.4629","403.3","COTTON, MN US",,,"    0",",,7,0700","    0",",,7,0700","  239",",,7","  106",",,7","    3",",,7",,,"  152",",,7",,,"  144",",,7,0700",,,,,,,,,,,,,,
"USC00211840","2018-06-12","47.1687","-92.4629","403.3","COTTON, MN US","   15",",,7,0700","    0",",,7,0700","    0",",,7,0700","  211",",,7","  133",",,7",,,,,,,,,"  133",",,7,0700",,,,,,,,,,,,,,
"USC00211840","2018-06-13","47.1687","-92.4629","403.3","COTTON, MN US","    3",",,7,0700","    0",",,7,0700","    0",",,7,0700","  228",",,7","   61",",,7",,,,,,,,,"  111",",,7,0700",,,,,,,,,,,,,,
"USC00211840","2018-06-14","47.1687","-92.4629","403.3","COTTON, MN US","    0",",,7,0700","    0",",,7,0700","    0",",,7,0700","  244",",,7","   67",",,7",,,,,,,,,"  100",",,7,0700",,,,,,,,,,,,,,
"USC00211840","2018-06-15","47.1687","-92.4629","403.3","COTTON, MN US","    5",",,7,0700","    0",",,7,0700","    0",",,7,0700","  256",",,7","  100",",,7",,,,,,,,,"  144",",,7,0700",,,,,,,,,,,,,,
"USC00211840","2018-06-16","47.1687","-92.4629","403.3","COTTON, MN US",,,"    0",",,7,0700","    0",",,7,0700",,,,,,,,,,,,,,,,,,,,,,,,,,,,
"USC00211840","2018-06-17","47.1687","-92.4629","403.3","COTTON, MN US",,,"    0",",,7,0700","    0",",,7,0700",,,,,,,,,,,,,,,,,,,,,,,,,,,,
"USC00211840","2018-06-18","47.1687","-92.4629","403.3","COTTON, MN US",,,"    0",",,7,0700","    0",",,7,0700",,,,,,,,,,,,,,,,,,,,,,,,,,,,
"USC00211840","2018-06-19","47.1687","-92.4629","403.3","COTTON, MN US",,,"    0",",,7,0700","    0",",,7,0700","  256",",,7","   94",",,7","    4",",,7",,,"  495",",,7",,,"  228",",,7,0700",,,,,,,,,,,,,,
"USC00211840","2018-06-20","47.1687","-92.4629","403.3","COTTON, MN US",,,"    0",",,7,0700","    0",",,7,0700",,,,,,,,,,,,,,,,,,,,,,,,,,,,
"USC00211840","2018-06-21","47.1687","-92.4629","403.3","COTTON, MN US",,,"    0",",,7,0700","    0",",,7,0700",,,,,,,,,,,,,,,,,,,,,,,,,,,,
"USC00211840","2018-06-22","47.1687","-92.4629","403.3","COTTON, MN US",,,"    0",",,7,0700","    0",",,7,0700",,,,,,,,,,,,,,,,,,,,,,,,,,,,
"USC00211840","2018-06-23","47.1687","-92.4629","403.3","COTTON, MN US",,,"    0",",,7,0700","    0",",,7,0700",,,,,,,,,,,,,,,,,,,,,,,,,,,,
"USC00211840","2018-06-24","47.1687","-92.4629","403.3","COTTON, MN US",,,"    0",",,7,0700","    0",",,7,0700",,,,,,,,,,,,,,,,,,,,,,,,,,,,
"USC00211840","2018-06-25","47.1687","-92.4629","403.3","COTTON, MN US",,,"    0",",,7,0700","    0",",,7,0700",,,,,,,,,,,,,,,,,,,,,,,,,,,,
"USC00211840","2018-06-26","47.1687","-92.4629","403.3","COTTON, MN US",,,"    0",",,7,0700","    0",",,7,0700","  278",",,7","   78",",,7","    7",",,7",,,"    0",",,7",,,"  117",",,7,0700",,,,,,,,,,,,,,
"USC00211840","2018-06-27","47.1687","-92.4629","403.3","COTTON, MN US","    0",",,7,0700","    0",",,7,0700","    0",",,7,0700","  228",",,7","   94",",,7",,,,,,,,,"  117",",,7,0700",,,,,,,,,,,,,,
"USC00211840","2018-06-28","47.1687","-92.4629","403.3","COTTON, MN US","    0","T,,7,0700","    0",",,7,0700","    0",",,7,0700","  261",",,7","  117",",,7",,,,,,,,,"  156",",,7,0700",,,,,,,,,,,,,,
"USC00211840","2018-06-29","47.1687","-92.4629","403.3","COTTON, MN US","    3",",,7,0700","    0",",,7,0700","    0",",,7,0700","  250",",,7","  128",",,7",,,,,,,,,"  189",",,7,0700",,,,,,,,,,,,,,
"USC00211840","2018-06-30","47.1687","-92.4629","403.3","COTTON, MN US",,,"    0",",,7,0700","    0",",,7,0700",,,,,,,,,,,,,,,,,,,,,,,,,,,,
"USC00211840","2018-07-01","47.1687","-92.4629","403.3","COTTON, MN US",,,"    0",",,7,0700","    0",",,7,0700",,,,,,,,,,,,,,,,,,,,,,,,,,,,
"USC00211840","2018-07-02","47.1687","-92.4629","403.3","COTTON, MN US",,,"    0",",,7,0700","    0",",,7,0700","  289",",,7","  128",",,7","    3",",,7",,,"  406",",,7",,,"  144",",,7,0700",,,,,,,,,,,,,,
"USC00211840","2018-07-03","47.1687","-92.4629","403.3","COTTON, MN US","    5",",,7,0700","    0",",,7,0700","    0",",,7,0700","  267",",,7","  144",",,7",,,,,,,,,"  194",",,7,0700",,,,,,,,,,,,,,
"USC00211840","2018-07-04","47.1687","-92.4629","403.3","COTTON, MN US","    0",",,7,0700","    0",",,7,0700","    0",",,7,0700","  261",",,7","  194",",,7",,,,,,,,,"  211",",,7,0700",,,,,,,,,,,,,,
"USC00211840","2018-07-05","47.1687","-92.4629","403.3","COTTON, MN US","   61",",,7,0700","    0",",,7,0700","    0",",,7,0700","  278",",,7","  150",",,7",,,,,,,,,"  172",",,7,0700",,,,,,,,,,,,,,
"USC00211840","2018-07-06","47.1687","-92.4629","403.3","COTTON, MN US","    0",",,7,0700","    0",",,7,0700","    0",",,7,0700","  233",",,7","   72",",,7",,,,,,,,,"  117",",,7,0700",,,,,,,,,,,,,,
"USC00211840","2018-07-07","47.1687","-92.4629","403.3","COTTON, MN US",,,"    0",",,7,0700","    0",",,7,0700",,,,,,,,,,,,,,,,,,,,,,,,,,,,
"USC00211840","2018-07-08","47.1687","-92.4629","403.3","COTTON, MN US",,,"    0",",,7,0700","    0",",,7,0700",,,,,,,,,,,,,,,,,,,,,,,,,,,,
"USC00211840","2018-07-09","47.1687","-92.4629","403.3","COTTON, MN US",,,"    0",",,7,0700","    0",",,7,0700","  294",",,7","   72",",,7","    3",",,7",,,"  584",",,7",,,"  189",",,7,0700",,,,,,,,,,,,,,
"USC00211840","2018-07-10","47.1687","-92.4629","403.3","COTTON, MN US","    0",",,7,0700","    0",",,7,0700","    0",",,7,0700","  272",",,7","   94",",,7",,,,,,,,,"  111",",,7,0700",,,,,,,,,,,,,,
"USC00211840","2018-07-11","47.1687","-92.4629","403.3","COTTON, MN US","    0",",,7,0700","    0",",,7,0700","    0",",,7,0700","  267",",,7","  111",",,7",,,,,,,,,"  178",",,7,0700",,,,,,,,,,,,,,
"USC00211840","2018-07-12","47.1687","-92.4629","403.3","COTTON, MN US","   51",",,7,0700","    0",",,7,0700","    0",",,7,0700","  244",",,7","  167",",,7",,,,,,,,,"  194",",,7,0700",,,,,,,,,,,,,,
"USC00211840","2018-07-13","47.1687","-92.4629","403.3","COTTON, MN US","    0",",,7,0700","    0",",,7,0700","    0",",,7,0700","  278",",,7","  150",",,7",,,,,,,,,"  156",",,7,0700",,,,,,,,,,,,,,
"USC00211840","2018-07-14","47.1687","-92.4629","403.3","COTTON, MN US","    0",",,7,0700","    0",",,7,0700","    0",",,7,0700","  289",",,7","  133",",,7",,,,,,,,,"  139",",,7,0700",,,,,,,,,,,,,,
"USC00211840","2018-07-15","47.1687","-92.4629","403.3","COTTON, MN US",,,"    0",",,7,0700","    0",",,7,0700",,,,,,,,,,,,,,,,,,,,,,,,,,,,
"USC00211840","2018-07-16","47.1687","-92.4629","403.3","COTTON, MN US",,,"    0",",,7,0700","    0",",,7,0700",,,,,,,,,,,,,,,,,,,,,,,,,,,,
"USC00211840","2018-07-17","47.1687","-92.4629","403.3","COTTON, MN US",,,"    0",",,7,0700","    0",",,7,0700",,,,,,,,,,,,,,,,,,,,,,,,,,,,
"USC00211840","2018-07-18","47.1687","-92.4629","403.3","COTTON, MN US",,,"    0",",,7,0700","    0",",,7,0700",,,,,,,,,,,,,,,,,,,,,,,,,,,,
"USC00211840","2018-07-19","47.1687","-92.4629","403.3","COTTON, MN US",,,"    0",",,7,0700","    0",",,7,0700",,,,,,,,,,,,,,,,,,,,,,,,,,,,
"USC00211840","2018-07-20","47.1687","-92.4629","403.3","COTTON, MN US",,,"    0",",,7,0700","    0",",,7,0700",,,,,,,,,,,,,,,,,,,,,,,,,,,,
"USC00211840","2018-07-21","47.1687","-92.4629","403.3","COTTON, MN US",,,"    0",",,7,0700","    0",",,7,0700",,,,,,,,,,,,,,,,,,,,,,,,,,,,
"USC00211840","2018-07-22","47.1687","-92.4629","403.3","COTTON, MN US",,,"    0",",,7,0700","    0",",,7,0700",,,,,,,,,,,,,,,,,,,,,,,,,,,,
"USC00211840","2018-07-23","47.1687","-92.4629","403.3","COTTON, MN US",,,"    0",",,7,0700","    0",",,7,0700","  300",",,7","   78",",,7","    8",",,7",,,"   71",",,7",,,"  122",",,7,0700",,,,,,,,,,,,,,
"USC00211840","2018-07-24","47.1687","-92.4629","403.3","COTTON, MN US","    0",",,7,0700","    0",",,7,0700","    0",",,7,0700","  267",",,7","  100",",,7",,,,,,,,,"  144",",,7,0700",,,,,,,,,,,,,,
"USC00211840","2018-07-25","47.1687","-92.4629","403.3","COTTON, MN US",,,"    0",",,7,0700","    0",",,7,0700",,,,,,,,,,,,,,,,,,,,,,,,,,,,
"USC00211840","2018-07-26","47.1687","-92.4629","403.3","COTTON, MN US",,,"    0",",,7,0700","    0",",,7,0700",,,,,,,,,,,,,,,,,,,,,,,,,,,,
"USC00211840","2018-07-27","47.1687","-92.4629","403.3","COTTON, MN US",,,"    0",",,7,0700","    0",",,7,0700","  250",",,7","   61",",,7","    3",",,7",,,"    0",",,7",,,"   67",",,7,0700",,,,,,,,,,,,,,
"USC00211840","2018-07-28","47.1687","-92.4629","403.3","COTTON, MN US","    0",",,7,0700","    0",",,7,0700","    0",",,7,0700","  222",",,7","   61",",,7",,,,,,,,,"   72",",,7,0700",,,,,,,,,,,,,,
"USC00211840","2018-07-29","47.1687","-92.4629","403.3","COTTON, MN US","    3",",,7,0700","    0",",,7,0700","    0",",,7,0700","  250",",,7","   72",",,7",,,,,,,,,"  211",",,7,0700",,,,,,,,,,,,,,
"USC00211840","2018-07-30","47.1687","-92.4629","403.3","COTTON, MN US",,,"    0",",,7,0700","    0",",,7,0700",,,,,,,,,,,,,,,,,,,,,,,,,,,,
"USC00211840","2018-07-31","47.1687","-92.4629","403.3","COTTON, MN US",,,"    0",",,7,0700","    0",",,7,0700",,,,,,,,,,,,,,,,,,,,,,,,,,,,
"USC00211840","2018-08-01","47.1687","-92.4629","403.3","COTTON, MN US",,,"    0",",,7,0700","    0",",,7,0700","  278",",,7","   78",",,7","    3",",,7",,,"    8",",,7",,,"  156",",,7,0700",,,,,,,,,,,,,,
"USC00211840","2018-08-02","47.1687","-92.4629","403.3","COTTON, MN US",,,"    0",",,7,0700","    0",",,7,0700",,,,,,,,,,,,,,,,,,,,,,,,,,,,
"USC00211840","2018-08-03","47.1687","-92.4629","403.3","COTTON, MN US",,,"    0",",,7,0700","    0",",,7,0700",,,,,,,,,,,,,,,,,,,,,,,,,,,,
"USC00211840","2018-08-04","47.1687","-92.4629","403.3","COTTON, MN US",,,"    0",",,7,0700","    0",",,7,0700",,,,,,,,,,,,,,,,,,,,,,,,,,,,
"USC00211840","2018-08-05","47.1687","-92.4629","403.3","COTTON, MN US",,,"    0",",,7,0700","    0",",,7,0700",,,,,,,,,,,,,,,,,,,,,,,,,,,,
"USC00211840","2018-08-06","47.1687","-92.4629","403.3","COTTON, MN US",,,"    0",",,7,0700","    0",",,7,0700","  289",",,7","   89",",,7","    5",",,7",,,"  381",",,7",,,"  139",",,7,0700",,,,,,,,,,,,,,
"USC00211840","2018-08-07","47.1687","-92.4629","403.3","COTTON, MN US","    0",",,7,0700","    0",",,7,0700","    0",",,7,0700","  222",",,7","   61",",,7",,,,,,,,,"   72",",,7,0700",,,,,,,,,,,,,,
"USC00211840","2018-08-08","47.1687","-92.4629","403.3","COTTON, MN US","    0",",,7,0700","    0",",,7,0700","    0",",,7,0700","  250",",,7","   72",",,7",,,,,,,,,"  161",",,7,0700",,,,,,,,,,,,,,
"USC00211840","2018-08-09","47.1687","-92.4629","403.3","COTTON, MN US","    0",",,7,0700","    0",",,7,0700","    0",",,7,0700","  283",",,7","  122",",,7",,,,,,,,,"  144",",,7,0700",,,,,,,,,,,,,,
"USC00211840","2018-08-10","47.1687","-92.4629","403.3","COTTON, MN US","    0",",,7,0700","    0",",,7,0700","    0",",,7,0700","  278",",,7","   89",",,7",,,,,,,,,"  106",",,7,0700",,,,,,,,,,,,,,
"USC00211840","2018-08-11","47.1687","-92.4629","403.3","COTTON, MN US",,,"    0",",,7,0700","    0",",,7,0700",,,,,,,,,,,,,,,,,,,,,,,,,,,,
"USC00211840","2018-08-12","47.1687","-92.4629","403.3","COTTON, MN US",,,"    0",",,7,0700","    0",",,7,0700","  294",",,7","  106",",,7","    2",",,7",,,"    0",",,7",,,"  222",",,7,0700",,,,,,,,,,,,,,
"USC00211840","2018-08-13","47.1687","-92.4629","403.3","COTTON, MN US","    0",",,7,0700","    0",",,7,0700","    0",",,7,0700","  294",",,7","  183",",,7",,,,,,,,,"  189",",,7,0700",,,,,,,,,,,,,,
"USC00211840","2018-08-14","47.1687","-92.4629","403.3","COTTON, MN US",,,"    0",",,7,0700","    0",",,7,0700",,,,,,,,,,,,,,,,,,,,,,,,,,,,
"USC00211840","2018-08-15","47.1687","-92.4629","403.3","COTTON, MN US",,,"    0",",,7,0700","    0",",,7,0700",,,,,,,,,,,,,,,,,,,,,,,,,,,,
"USC00211840","2018-08-16","47.1687","-92.4629","403.3","COTTON, MN US",,,"    0",",,7,0700","    0",",,7,0700",,,,,,,,,,,,,,,,,,,,,,,,,,,,
"USC00211840","2018-08-17","47.1687","-92.4629","403.3","COTTON, MN US",,,"    0",",,7,0700","    0",",,7,0700",,,,,,,,,,,,,,,,,,,,,,,,,,,,
"USC00211840","2018-08-18","47.1687","-92.4629","403.3","COTTON, MN US",,,"    0",",,7,0700","    0",",,7,0700","  300",",,7","   83",",,7","    4",",,7",,,"    0",",,7",,,"  167",",,7,0700",,,,,,,,,,,,,,
"USC00211840","2018-08-19","47.1687","-92.4629","403.3","COTTON, MN US",,,"    0",",,7,0700","    0",",,7,0700",,,,,,,,,,,,,,,,,,,,,,,,,,,,
"USC00211840","2018-08-20","47.1687","-92.4629","403.3","COTTON, MN US",,,"    0",",,7,0700","    0",",,7,0700","  250",",,7","  150",",,7","    2",",,7",,,"    0",",,7",,,"  167",",,7,0700",,,,,,,,,,,,,,
"USC00211840","2018-08-21","47.1687","-92.4629","403.3","COTTON, MN US","    0",",,7,0700","    0",",,7,0700","    0",",,7,0700","  228",",,7","   78",",,7",,,,,,,,,"   78",",,7,0700",,,,,,,,,,,,,,
"USC00211840","2018-08-22","47.1687","-92.4629","403.3","COTTON, MN US","    0",",,7,0700","    0",",,7,0700","    0",",,7,0700","  211",",,7","   56",",,7",,,,,,,,,"   56",",,7,0700",,,,,,,,,,,,,,
"USC00211840","2018-08-23","47.1687","-92.4629","403.3","COTTON, MN US","    0",",,7,0700","    0",",,7,0700","    0",",,7,0700","  250",",,7","   56",",,7",,,,,,,,,"  111",",,7,0700",,,,,,,,,,,,,,
"USC00211840","2018-08-24","47.1687","-92.4629","403.3","COTTON, MN US","   30",",,7,0700","    0",",,7,0700","    0",",,7,0700","  250",",,7","  111",",,7",,,,,,,,,"  167",",,7,0700",,,,,,,,,,,,,,
"USC00211840","2018-08-25","47.1687","-92.4629","403.3","COTTON, MN US","    0","T,,7,0700","    0",",,7,0700","    0",",,7,0700","  211",",,7","  161",",,7",,,,,,,,,"  172",",,7,0700",,,,,,,,,,,,,,
"USC00211840","2018-08-26","47.1687","-92.4629","403.3","COTTON, MN US",,,"    0",",,7,0700","    0",",,7,0700",,,,,,,,,,,,,,,,,,,,,,,,,,,,
"USC00211840","2018-08-27","47.1687","-92.4629","403.3","COTTON, MN US",,,"    0",",,7,0700","    0",",,7,0700","  239",",,7","  117",",,7","    2",",,7",,,"  305",",,7",,,"  217",",,7,0700",,,,,,,,,,,,,,
"USC00211840","2018-08-28","47.1687","-92.4629","403.3","COTTON, MN US","   76",",,7,0700","    0",",,7,0700","    0",",,7,0700","  244",",,7","  106",",,7",,,,,,,,,"  106",",,7,0700",,,,,,,,,,,,,,
"USC00211840","2018-08-29","47.1687","-92.4629","403.3","COTTON, MN US","   25",",,7,0700","    0",",,7,0700","    0",",,7,0700","  128",",,7","   67",",,7",,,,,,,,,"   89",",,7,0700",,,,,,,,,,,,,,
"USC00211840","2018-08-30","47.1687","-92.4629","403.3","COTTON, MN US","    0",",,7,0700","    0",",,7,0700","    0",",,7,0700","  189",",,7","   67",",,7",,,,,,,,,"  111",",,7,0700",,,,,,,,,,,,,,
"USC00211840","2018-08-31","47.1687","-92.4629","403.3","COTTON, MN US",,,"    0",",,7,0700","    0",",,7,0700",,,,,,,,,,,,,,,,,,,,,,,,,,,,
"USC00211840","2018-09-01","47.1687","-92.4629","403.3","COTTON, MN US",,,"    0",",,7,0700","    0",",,7,0700",,,,,,,,,,,,,,,,,,,,,,,,,,,,
"USC00211840","2018-09-02","47.1687","-92.4629","403.3","COTTON, MN US",,,"    0",",,7,0700","    0",",,7,0700",,,,,,,,,,,,,,,,,,,,,,,,,,,,
"USC00211840","2018-09-03","47.1687","-92.4629","403.3","COTTON, MN US",,,"    0",",,7,0700","    0",",,7,0700",,,,,,,,,,,,,,,,,,,,,,,,,,,,
"USC00211840","2018-09-04","47.1687","-92.4629","403.3","COTTON, MN US",,,"    0",",,7,0700","    0",",,7,0700","  256",",,7","   50",",,7","    4",",,7",,,"  229",",,7",,,"  172",",,7,0700",,,,,,,,,,,,,,
"USC00211840","2018-09-05","47.1687","-92.4629","403.3","COTTON, MN US","    0",",,7,0700","    0",",,7,0700","    0",",,7,0700","  217",",,7","  122",",,7",,,,,,,,,"  122",",,7,0700",,,,,,,,,,,,,,
"USC00211840","2018-09-06","47.1687","-92.4629","403.3","COTTON, MN US","    0",",,7,0700","    0",",,7,0700","    0",",,7,0700","  189",",,7","  -11",",,7",,,,,,,,,"   -6",",,7,0700",,,,,,,,,,,,,,
"USC00211840","2018-09-07","47.1687","-92.4629","403.3","COTTON, MN US","    0",",,7,0700","    0",",,7,0700","    0",",,7,0700","  194",",,7","  -11",",,7",,,,,,,,,"   94",",,7,0700",,,,,,,,,,,,,,
"USC00211840","2018-09-08","47.1687","-92.4629","403.3","COTTON, MN US","    0",",,7,0700","    0",",,7,0700","    0",",,7,0700","  217",",,7","   94",",,7",,,,,,,,,"  111",",,7,0700",,,,,,,,,,,,,,
"USC00211840","2018-09-09","47.1687","-92.4629","403.3","COTTON, MN US","    0",",,7,0700","    0",",,7,0700","    0",",,7,0700","  200",",,7","   94",",,7",,,,,,,,,"   94",",,7,0700",,,,,,,,,,,,,,
"USC00211840","2018-09-10","47.1687","-92.4629","403.3","COTTON, MN US","    0","T,,7,0700","    0",",,7,0700","    0",",,7,0700","  200",",,7","   94",",,7",,,,,,,,,"  111",",,7,0700",,,,,,,,,,,,,,
"USC00211840","2018-09-11","47.1687","-92.4629","403.3","COTTON, MN US","    0",",,7,0700","    0",",,7,0700","    0",",,7,0700","  217",",,7","  111",",,7",,,,,,,,,"  139",",,7,0700",,,,,,,,,,,,,,
"USC00211840","2018-09-12","47.1687","-92.4629","403.3","COTTON, MN US","    0",",,7,0700","    0",",,7,0700","    0",",,7,0700","  256",",,7","  139",",,7",,,,,,,,,"  172",",,7,0700",,,,,,,,,,,,,,
"USC00211840","2018-09-13","47.1687","-92.4629","403.3","COTTON, MN US",,,"    0",",,7,0700","    0",",,7,0700",,,,,,,,,,,,,,,,,,,,,,,,,,,,
"USC00211840","2018-09-14","47.1687","-92.4629","403.3","COTTON, MN US",,,"    0",",,7,0700","    0",",,7,0700","  261",",,7","  167",",,7","    2",",,7",,,"    0",",,7",,,"  200",",,7,0700",,,,,,,,,,,,,,
"USC00211840","2018-09-15","47.1687","-92.4629","403.3","COTTON, MN US","  279",",,7,0700","    0",",,7,0700","    0",",,7,0700","  250",",,7","  178",",,7",,,,,,,,,"  178",",,7,0700",,,,,,,,,,,,,,
"USC00211840","2018-09-16","47.1687","-92.4629","403.3","COTTON, MN US",,,"    0",",,7,0700","    0",",,7,0700",,,,,,,,,,,,,,,,,,,,,,,,,,,,
"USC00211840","2018-09-17","47.1687","-92.4629","403.3","COTTON, MN US",,,"    0",",,7,0700","    0",",,7,0700","  289",",,7","  117",",,7","    2",",,7",,,"    0","T,,7",,,"  117",",,7,0700",,,,,,,,,,,,,,
"USC00211840","2018-09-18","47.1687","-92.4629","403.3","COTTON, MN US","    0",",,7,0700","    0",",,7,0700","    0",",,7,0700","  156",",,7","   78",",,7",,,,,,,,,"  111",",,7,0700",,,,,,,,,,,,,,
"USC00211840","2018-09-19","47.1687","-92.4629","403.3","COTTON, MN US",,,"    0",",,7,0700","    0",",,7,0700",,,,,,,,,,,,,,,,,,,,,,,,,,,,
"USC00211840","2018-09-20","47.1687","-92.4629","403.3","COTTON, MN US",,,"    0",",,7,0700","    0",",,7,0700","  156",",,7","   61",",,7","    2",",,7",,,"    0","T,,7",,,"   83",",,7,0700",,,,,,,,,,,,,,
"USC00211840","2018-09-21","47.1687","-92.4629","403.3","COTTON, MN US","  203",",,7,0700","    0",",,7,0700","    0",",,7,0700","  122",",,7","   83",",,7",,,,,,,,,"   89",",,7,0700",,,,,,,,,,,,,,
"USC00211840","2018-09-22","47.1687","-92.4629","403.3","COTTON, MN US",,,"    0",",,7,0700","    0",",,7,0700",,,,,,,,,,,,,,,,,,,,,,,,,,,,
"USC00211840","2018-09-23","47.1687","-92.4629","403.3","COTTON, MN US",,,"    0",",,7,0700","    0",",,7,0700",,,,,,,,,,,,,,,,,,,,,,,,,,,,
"USC00211840","2018-09-24","47.1687","-92.4629","403.3","COTTON, MN US",,,"    0",",,7,0700","    0",",,7,0700",,,,,,,,,,,,,,,,,,,,,,,,,,,,
"USC00211840","2018-09-25","47.1687","-92.4629","403.3","COTTON, MN US",,,"    0",",,7,0700","    0",",,7,0700","  189",",,7","   -6",",,7","    4",",,7",,,"  102",",,7",,,"   67",",,7,0700",,,,,,,,,,,,,,
"USC00211840","2018-09-26","47.1687","-92.4629","403.3","COTTON, MN US","   30",",,7,0700","    0",",,7,0700","    0",",,7,0700","   94",",,7","   33",",,7",,,,,,,,,"   33",",,7,0700",,,,,,,,,,,,,,
"USC00211840","2018-09-27","47.1687","-92.4629","403.3","COTTON, MN US",,,"    0",",,7,0700","    0",",,7,0700",,,,,,,,,,,,,,,,,,,,,,,,,,,,
"USC00211840","2018-09-28","47.1687","-92.4629","403.3","COTTON, MN US",,,"    0",",,7,0700","    0",",,7,0700",,,,,,,,,,,,,,,,,,,,,,,,,,,,
"USC00211840","2018-09-29","47.1687","-92.4629","403.3","COTTON, MN US",,,"    0",",,7,0700","    0",",,7,0700",,,,,,,,,,,,,,,,,,,,,,,,,,,,
"USC00211840","2018-09-30","47.1687","-92.4629","403.3","COTTON, MN US",,,"    0",",,7,0700","    0",",,7,0700",,,,,,,,,,,,,,,,,,,,,,,,,,,,
"USC00211840","2018-10-01","47.1687","-92.4629","403.3","COTTON, MN US",,,"    0",",,7,0700","    0",",,7,0700",,,,,,,,,,,,,,,,,,,,,,,,,,,,
"USC00211840","2018-10-02","47.1687","-92.4629","403.3","COTTON, MN US",,,"    0",",,7,0700","    0",",,7,0700","  117",",,7","  -33",",,7","    6",",,7",,,"  140",",,7",,,"   67",",,7,0700",,,,,,,,,,,,,,
"USC00211840","2018-10-03","47.1687","-92.4629","403.3","COTTON, MN US",,,"    0",",,7,0700","    0",",,7,0700",,,,,,,,,,,,,,,,,,,,,,,,,,,,
"USC00211840","2018-10-04","47.1687","-92.4629","403.3","COTTON, MN US",,,"    0",",,7,0700","    0",",,7,0700",,,,,,,,,,,,,,,,,,,,,,,,,,,,
"USC00211840","2018-10-05","47.1687","-92.4629","403.3","COTTON, MN US",,,"    0",",,7,0700","    0",",,7,0700",,,,,,,,,,,,,,,,,,,,,,,,,,,,
"USC00211840","2018-10-06","47.1687","-92.4629","403.3","COTTON, MN US",,,"   76",",,7,0700","    0",",,7,0700","  133",",,7","  -33",",,7","    4",",,7",,,"  279",",,7",,,"   28",",,7,0700",,,,,,,,,,,,,,
"USC00211840","2018-10-07","47.1687","-92.4629","403.3","COTTON, MN US",,,"    0",",,7,0700","    0",",,7,0700",,,,,,,,,,,,,,,,,,,,,,,,,,,,
"USC00211840","2018-10-08","47.1687","-92.4629","403.3","COTTON, MN US",,,"    0",",,7,0700","    0",",,7,0700","   61",",,7","   28",",,7","    2",",,7",,,"  114",",,7",,,"   50",",,7,0700",,,,,,,,,,,,,,
"USC00211840","2018-10-09","47.1687","-92.4629","403.3","COTTON, MN US","  107",",,7,0700","    0",",,7,0700","    0",",,7,0700","   67",",,7","   44",",,7",,,,,,,,,"   50",",,7,0700",,,,,,,,,,,,,,
"USC00211840","2018-10-10","47.1687","-92.4629","403.3","COTTON, MN US","  381",",,7,0700","    0",",,7,0700","    0",",,7,0700","   61",",,7","   28",",,7",,,,,,,,,"   28",",,7,0700",,,,,,,,,,,,,,
"USC00211840","2018-10-11","47.1687","-92.4629","403.3","COTTON, MN US","  114",",,7,0700","   25",",,7,0700","   25",",,7,0700","   50",",,7","  -22",",,7",,,,,,,,,"  -22",",,7,0700",,,,,,,,,,,,,,
"USC00211840","2018-10-12","47.1687","-92.4629","403.3","COTTON, MN US","   13",",,7,0700","    0","T,,7,0700","    0",",,7,0700","   17",",,7","  -39",",,7",,,,,,,,,"  -39",",,7,0700",,,,,,,,,,,,,,
"USC00211840","2018-10-13","47.1687","-92.4629","403.3","COTTON, MN US","    0",",,7,0700","    0",",,7,0700","    0",",,7,0700","   28",",,7","  -67",",,7",,,,,,,,,"   11",",,7,0700",,,,,,,,,,,,,,
"USC00211840","2018-10-14","47.1687","-92.4629","403.3","COTTON, MN US",,,"    0",",,7,0700","    0",",,7,0700",,,,,,,,,,,,,,,,,,,,,,,,,,,,
"USC00211840","2018-10-15","47.1687","-92.4629","403.3","COTTON, MN US",,,"    0","T,,7,0700","    0","T,,7,0700","   72",",,7","  -28",",,7","    2",",,7",,,"    0","T,,7",,,"  -28",",,7,0700",,,,,,,,,,,,,,
"USC00211840","2018-10-16","47.1687","-92.4629","403.3","COTTON, MN US","    0",",,7,0700","    0",",,7,0700","    0",",,7,0700","   56",",,7","  -28",",,7",,,,,,,,,"    6",",,7,0700",,,,,,,,,,,,,,
"USC00211840","2018-10-17","47.1687","-92.4629","403.3","COTTON, MN US","    0",",,7,0700","    0",",,7,0700","    0",",,7,0700","   56",",,7","  -28",",,7",,,,,,,,,"   -6",",,7,0700",,,,,,,,,,,,,,
"USC00211840","2018-10-18","47.1687","-92.4629","403.3","COTTON, MN US","    0",",,7,0700","    0",",,7,0700","    0",",,7,0700","   44",",,7","  -61",",,7",,,,,,,,,"    0",",,7,0700",,,,,,,,,,,,,,
"USC00211840","2018-10-19","47.1687","-92.4629","403.3","COTTON, MN US","    0",",,7,0700","    0",",,7,0700","    0",",,7,0700","  194",",,7","   -6",",,7",,,,,,,,,"  106",",,7,0700",,,,,,,,,,,,,,
"USC00211840","2018-10-20","47.1687","-92.4629","403.3","COTTON, MN US","    0","T,,7,0700","    0","T,,7,0700","    0","T,,7,0700","  139",",,7","  -39",",,7",,,,,,,,,"  -33",",,7,0700",,,,,,,,,,,,,,
"USC00211840","2018-10-21","47.1687","-92.4629","403.3","COTTON, MN US","    0","T,,7,0700","    0","T,,7,0700","    0",",,7,0700","   17",",,7","  -67",",,7",,,,,,,,,"  -11",",,7,0700",,,,,,,,,,,,,,
"USC00211840","2018-10-22","47.1687","-92.4629","403.3","COTTON, MN US","    0",",,7,0700","    0",",,7,0700","    0",",,7,0700","   94",",,7","  -56",",,7",,,,,,,,,"   -6",",,7,0700",,,,,,,,,,,,,,
"USC00211840","2018-10-23","47.1687","-92.4629","403.3","COTTON, MN US","    0","T,,7,0700","    0",",,7,0700","    0",",,7,0700","  106",",,7","  -22",",,7",,,,,,,,,"   -6",",,7,0700",,,,,,,,,,,,,,
"USC00211840","2018-10-24","47.1687","-92.4629","403.3","COTTON, MN US","    0",",,7,0700","    0",",,7,0700","    0",",,7,0700","   61",",,7","  -83",",,7",,,,,,,,,"  -83",",,7,0700",,,,,,,,,,,,,,
"USC00211840","2018-10-25","47.1687","-92.4629","403.3","COTTON, MN US","    0",",,7,0700","    0",",,7,0700","    0",",,7,0700","  100",",,7","  -89",",,7",,,,,,,,,"   50",",,7,0700",,,,,,,,,,,,,,
"USC00211840","2018-10-26","47.1687","-92.4629","403.3","COTTON, MN US","    0",",,7,0700","    0",",,7,0700","    0",",,7,0700",,,,,,,,,,,,,,,,,,,,,,,,,,,,
"USC00211840","2018-10-27","47.1687","-92.4629","403.3","COTTON, MN US","   64",",,7,0700","    0",",,7,0700","    0",",,7,0700","   78",",,7","   50",",,7",,,,,,,,,"   56",",,7,0700",,,,,,,,,,,,,,
"USC00211840","2018-10-28","47.1687","-92.4629","403.3","COTTON, MN US",,,"    0",",,7,0700","    0",",,7,0700",,,,,,,,,,,,,,,,,,,,,,,,,,,,
"USC00211840","2018-10-29","47.1687","-92.4629","403.3","COTTON, MN US",,,"    0",",,7,0700","    0",",,7,0700","   83",",,7","   22",",,7","    2",",,7",,,"   89",",,7",,,"   22",",,7,0700",,,,,,,,,,,,,,
"USC00211840","2018-10-30","47.1687","-92.4629","403.3","COTTON, MN US","    5",",,7,0700","    0",",,7,0700","    0",",,7,0700","   44",",,7","   17",",,7",,,,,,,,,"   39",",,7,0700",,,,,,,,,,,,,,
"USC00211840","2018-10-31","47.1687","-92.4629","403.3","COTTON, MN US","    0",",,7,0700","    0",",,7,0700","    0",",,7,0700","   72",",,7","  -22",",,7",,,,,,,,,"   22",",,7,0700",,,,,,,,,,,,,,
"USC00211840","2018-11-01","47.1687","-92.4629","403.3","COTTON, MN US","    0",",,7,0700","    0",",,7,0700","    0",",,7,0700","   39",",,7","  -17",",,7",,,,,,,,,"   -6",",,7,0700",,,,,,,,,,,,,,
"USC00211840","2018-11-02","47.1687","-92.4629","403.3","COTTON, MN US","    0",",,7,0700","    0",",,7,0700","    0",",,7,0700","   44",",,7","  -22",",,7",,,,,,,,,"  -22",",,7,0700",,,,,,,,,,,,,,
"USC00211840","2018-11-06","47.1687","-92.4629","403.3","COTTON, MN US",,,"    0",",,7,0700","    0",",,7,0700","   61",",,7","  -61",",,7","    3",",,7",,,"   76",",,7",,,"   11",",,7,0700",,,,,,,,,,,,,,
"USC00211840","2018-11-08","47.1687","-92.4629","403.3","COTTON, MN US",,,"   38",",,7,0700","   25",",,7,0700","   33",",,7","  -89",",,7","    2",",,7",,,"   51",",,7",,,"  -83",",,7,0700",,,,,,,,,,,,,,
"USC00211840","2018-11-09","47.1687","-92.4629","403.3","COTTON, MN US","    5",",,7,0700","   13",",,7,0700","   51",",,7,0700","  -67",",,7"," -117",",,7",,,,,,,,," -111",",,7,0700",,,,,,,,,,,,,,
"USC00211840","2018-11-10","47.1687","-92.4629","403.3","COTTON, MN US","    5",",,7,0700","   25",",,7,0700","   76",",,7,0700","  -67",",,7"," -178",",,7",,,,,,,,," -150",",,7,0700",,,,,,,,,,,,,,
"USC00211840","2018-11-13","47.1687","-92.4629","403.3","COTTON, MN US",,,"   51",",,7,0700","  102",",,7,0700","  -61",",,7"," -233",",,7","    3",",,7",,,"   30",",,7",,," -233",",,7,0700",,,,,,,,,,,,,,
"USC00211840","2018-11-14","47.1687","-92.4629","403.3","COTTON, MN US","    0",",,7,0700","    0",",,7,0700","  102",",,7,0700"," -111",",,7"," -239",",,7",,,,,,,,," -111",",,7,0700",,,,,,,,,,,,,,
"USC00211840","2018-11-15","47.1687","-92.4629","403.3","COTTON, MN US","    0",",,7,0700","    0",",,7,0700","  102",",,7,0700","   11",",,7"," -111",",,7",,,,,,,,,"  -22",",,7,0700",,,,,,,,,,,,,,
"USC00211840","2018-11-16","47.1687","-92.4629","403.3","COTTON, MN US","   30",",,7,0700","   51",",,7,0700","  127",",,7,0700","   17",",,7","  -61",",,7",,,,,,,,,"  -61",",,7,0700",,,,,,,,,,,,,,
"USC00211840","2018-11-17","47.1687","-92.4629","403.3","COTTON, MN US","    0",",,7,0700","    0",",,7,0700","  102",",,7,0700","  -61",",,7"," -128",",,7",,,,,,,,," -128",",,7,0700",,,,,,,,,,,,,,
"USC00211840","2018-11-18","47.1687","-92.4629","403.3","COTTON, MN US","    0",",,7,0700","    0",",,7,0700","   76",",,7,0700","  -94",",,7"," -200",",,7",,,,,,,,," -144",",,7,0700",,,,,,,,,,,,,,
"USC00211840","2018-11-19","47.1687","-92.4629","403.3","COTTON, MN US","    5",",,7,0700","   38",",,7,0700","  102",",,7,0700","  -67",",,7"," -144",",,7",,,,,,,,," -117",",,7,0700",,,,,,,,,,,,,,
"USC00211840","2018-11-20","47.1687","-92.4629","403.3","COTTON, MN US","    0",",,7,0700","    0",",,7,0700","  102",",,7,0700"," -111",",,7"," -289",",,7",,,,,,,,," -172",",,7,0700",,,,,,,,,,,,,,
"USC00211840","2018-11-21","47.1687","-92.4629","403.3","COTTON, MN US","   25",",,7,0700","   51",",,7,0700","  127",",,7,0700","  -83",",,7"," -172",",,7",,,,,,,,," -172",",,7,0700",,,,,,,,,,,,,,
"USC00211840","2018-11-22","47.1687","-92.4629","403.3","COTTON, MN US","    0",",,7,0700","    0",",,7,0700","  127",",,7,0700","  -83",",,7"," -178",",,7",,,,,,,,,"  -83",",,7,0700",,,,,,,,,,,,,,
"USC00211840","2018-11-23","47.1687","-92.4629","403.3","COTTON, MN US","    0",",,7,0700","    0",",,7,0700","  102",",,7,0700","   28",",,7","  -83",",,7",,,,,,,,,"   22",",,7,0700",,,,,,,,,,,,,,
"USC00211840","2018-11-24","47.1687","-92.4629","403.3","COTTON, MN US","   46",",,7,0700","    0","T,,7,0700","   51",",,7,0700","   72",",,7","    0",",,7",,,,,,,,,"    0",",,7,0700",,,,,,,,,,,,,,
"USC00211840","2018-11-26","47.1687","-92.4629","403.3","COTTON, MN US",,,"   25",",,7,0700","   76",",,7,0700","    0",",,7"," -156",",,7","    2",",,7",,,"   10",",,7",,," -156",",,7,0700",,,,,,,,,,,,,,
"USC00211840","2018-11-28","47.1687","-92.4629","403.3","COTTON, MN US",,,"    0","T,,7,0700","   76",",,7,0700"," -100",",,7"," -172",",,7","    2",",,7",,,"    0","T,,7",,," -150",",,7,0700",,,,,,,,,,,,,,
"USC00211840","2018-11-29","47.1687","-92.4629","403.3","COTTON, MN US","    5",",,7,0700","   13",",,7,0700","   76",",,7,0700","  -56",",,7"," -150",",,7",,,,,,,,,"  -61",",,7,0700",,,,,,,,,,,,,,
"USC00211840","2018-11-30","47.1687","-92.4629","403.3","COTTON, MN US","   41",",,7,0700","   38",",,7,0700","  102",",,7,0700","  -39",",,7","  -61",",,7",,,,,,,,,"  -39",",,7,0700",,,,,,,,,,,,,,
"USC00211840","2018-12-01","47.1687","-92.4629","403.3","COTTON, MN US","    0","T,,7,0700","    0",",,7,0700","  102",",,7,0700","  -22",",,7","  -50",",,7",,,,,,,,,"  -33",",,7,0700",,,,,,,,,,,,,,
"USC00211840","2018-12-02","47.1687","-92.4629","403.3","COTTON, MN US","    0",",,7,0700","    0",",,7,0700","  102",",,7,0700","  -22",",,7","  -67",",,7",,,,,,,,,"  -50",",,7,0700",,,,,,,,,,,,,,
"USC00211840","2018-12-03","47.1687","-92.4629","403.3","COTTON, MN US","    0",",,7,0700","    0",",,7,0700","   76",",,7,0700","  -39",",,7","  -83",",,7",,,,,,,,,"  -83",",,7,0700",,,,,,,,,,,,,,
"USC00211840","2018-12-04","47.1687","-92.4629","403.3","COTTON, MN US","    0",",,7,0700","    0",",,7,0700","   76",",,7,0700","  -67",",,7"," -194",",,7",,,,,,,,," -111",",,7,0700",,,,,,,,,,,,,,
"USC00211840","2018-12-05","47.1687","-92.4629","403.3","COTTON, MN US","    3",",,7,0700","    0","T,,7,0700","   76",",,7,0700","  -72",",,7"," -111",",,7",,,,,,,,,"  -72",",,7,0700",,,,,,,,,,,,,,
"USC00211840","2018-12-06","47.1687","-92.4629","403.3","COTTON, MN US","    0","T,,7,0700","    0","T,,7,0700","   76",",,7,0700","  -67",",,7"," -128",",,7",,,,,,,,," -128",",,7,0700",,,,,,,,,,,,,,
"USC00211840","2018-12-07","47.1687","-92.4629","403.3","COTTON, MN US","    0",",,7,0700","    0",",,7,0700","   76",",,7,0700"," -128",",,7"," -250",",,7",,,,,,,,," -189",",,7,0700",,,,,,,,,,,,,,
"USC00211840","2018-12-08","47.1687","-92.4629","403.3","COTTON, MN US","    0","T,,7,0700","    0","T,,7,0700","   76",",,7,0700","  -89",",,7"," -250",",,7",,,,,,,,," -194",",,7,0700",,,,,,,,,,,,,,
"USC00211840","2018-12-10","47.1687","-92.4629","403.3","COTTON, MN US",,,"    0",",,7,0700","   76",",,7,0700","  -28",",,7"," -194",",,7","    2",",,7",,,"    0",",,7",,," -128",",,7,0700",,,,,,,,,,,,,,
"USC00211840","2018-12-11","47.1687","-92.4629","403.3","COTTON, MN US","    0",",,7,0700","    0",",,7,0700","   76",",,7,0700","   17",",,7"," -200",",,7",,,,,,,,," -194",",,7,0700",,,,,,,,,,,,,,
"USC00211840","2018-12-12","47.1687","-92.4629","403.3","COTTON, MN US","    0",",,7,0700","    0",",,7,0700","   76",",,7,0700","  -28",",,7"," -206",",,7",,,,,,,,,"  -44",",,7,0700",,,,,,,,,,,,,,
"USC00211840","2018-12-13","47.1687","-92.4629","403.3","COTTON, MN US","    0",",,7,0700","    0",",,7,0700","   76",",,7,0700","  -28",",,7","  -50",",,7",,,,,,,,,"  -39",",,7,0700",,,,,,,,,,,,,,
"USC00211840","2018-12-14","47.1687","-92.4629","403.3","COTTON, MN US","    0","T,,7,0700","    0","T,,7,0700","   76",",,7,0700","  -22",",,7","  -89",",,7",,,,,,,,,"  -50",",,7,0700",,,,,,,,,,,,,,
"USC00211840","2018-12-15","47.1687","-92.4629","403.3","COTTON, MN US","    0",",,7,0700","    0",",,7,0700","   51",",,7,0700","   56",",,7"," -128",",,7",,,,,,,,,"  -44",",,7,0700",,,,,,,,,,,,,,
"USC00211840","2018-12-16","47.1687","-92.4629","403.3","COTTON, MN US","    0",",,7,0700","    0",",,7,0700","   51",",,7,0700","   67",",,7","  -44",",,7",,,,,,,,,"  -22",",,7,0700",,,,,,,,,,,,,,
"USC00211840","2018-12-17","47.1687","-92.4629","403.3","COTTON, MN US","    0",",,7,0700","    0",",,7,0700","   51",",,7,0700","   39",",,7"," -128",",,7",,,,,,,,," -128",",,7,0700",,,,,,,,,,,,,,
"USC00211840","2018-12-19","47.1687","-92.4629","403.3","COTTON, MN US","    0",",,7,0700","    0",",,7,0700","   51",",,7,0700","    6",",,7"," -144",",,7",,,,,,,,,"  -94",",,7,0700",,,,,,,,,,,,,,
"USC00211840","2018-12-20","47.1687","-92.4629","403.3","COTTON, MN US","    0","T,,7,0700","    0","T,,7,0700","   51",",,7,0700","   22",",,7","  -94",",,7",,,,,,,,,"    0",",,7,0700",,,,,,,,,,,,,,
"USC00211840","2018-12-21","47.1687","-92.4629","403.3","COTTON, MN US","    3",",,7,0700","    0","T,,7,0700","   51",",,7,0700","    0",",,7"," -144",",,7",,,,,,,,," -144",",,7,0700",,,,,,,,,,,,,,
"USC00211840","2018-12-25","47.1687","-92.4629","403.3","COTTON, MN US",,,,,"  102",",,7,0700","  -44",",,7"," -167",",,7",,,,,,,,,"  -94",",,7,0700",,,,,,,,,,,,,,
"USC00211840","2018-12-26","47.1687","-92.4629","403.3","COTTON, MN US","    0",",,7,0700","    0",",,7,0700","  102",",,7,0700","  -67",",,7"," -150",",,7",,,,,,,,," -133",",,7,0700",,,,,,,,,,,,,,
"USC00211840","2018-12-29","47.1687","-92.4629","403.3","COTTON, MN US",,,"  318",",,7,0700","  406",",,7,0700","   -6",",,7"," -350",",,7","    3",",,7",,,"  279",",,7",,," -211",",,7,0700",,,,,,,,,,,,,,
"USC00211840","2018-12-30","47.1687","-92.4629","403.3","COTTON, MN US","    0",",,7,0700","    0",",,7,0700","  406",",,7,0700"," -117",",,7"," -211",",,7",,,,,,,,," -117",",,7,0700",,,,,,,,,,,,,,
"USC00211840","2019-01-01","47.1687","-92.4629","403.3","COTTON, MN US",,,"  114",",,7,0700","  483",",,7,0700","  -72",",,7"," -344",",,7","    2",",,7",,,"   86",",,7",,," -344",",,7,0700",,,,,,,,,,,,,,
"USC00211840","2019-01-02","47.1687","-92.4629","403.3","COTTON, MN US","    0",",,7,0700","    0",",,7,0700","  457",",,7,0700"," -189",",,7"," -350",",,7",,,,,,,,," -222",",,7,0700",,,,,,,,,,,,,,
"USC00211840","2019-01-04","47.1687","-92.4629","403.3","COTTON, MN US",,,"    0",",,7,0700","  406",",,7,0700","   11",",,7"," -222",",,7","    2",",,7",,,"    0","T,,7",,,"  -89",",,7,0700",,,,,,,,,,,,,,
"USC00211840","2019-01-05","47.1687","-92.4629","403.3","COTTON, MN US","    0",",,7,0700","    0",",,7,0700","  330",",,7,0700","   28",",,7"," -139",",,7",,,,,,,,,"  -44",",,7,0700",,,,,,,,,,,,,,
"USC00211840","2019-01-06","47.1687","-92.4629","403.3","COTTON, MN US","    0",",,7,0700","    0",",,7,0700","  305",",,7,0700","  -11",",,7"," -144",",,7",,,,,,,,,"  -94",",,7,0700",,,,,,,,,,,,,,
"USC00211840","2019-01-09","47.1687","-92.4629","403.3","COTTON, MN US",,,"   25",",,7,0700","  305",",,7,0700","   11",",,7"," -183",",,7","    3",",,7",,,"   46",",,7",,," -183",",,7,0700",,,,,,,,,,,,,,
"USC00211840","2019-01-10","47.1687","-92.4629","403.3","COTTON, MN US","    0",",,7,0700","    0",",,7,0700","  305",",,7,0700"," -144",",,7"," -256",",,7",,,,,,,,," -194",",,7,0700",,,,,,,,,,,,,,
"USC00211840","2019-01-12","47.1687","-92.4629","403.3","COTTON, MN US","    0",",,7,0700","    0",",,7,0700","  279",",,7,0700","  -56",",,7"," -194",",,7",,,,,,,,,"  -56",",,7,0700",,,,,,,,,,,,,,
"USC00211840","2019-01-13","47.1687","-92.4629","403.3","COTTON, MN US","    0",",,7,0700","    0",",,7,0700","  279",",,7,0700","  -33",",,7","  -56",",,7",,,,,,,,,"  -44",",,7,0700",,,,,,,,,,,,,,
"USC00211840","2019-01-14","47.1687","-92.4629","403.3","COTTON, MN US","    0","T,,7,0700","    0",",,7,0700","  254",",,7,0700","  -17",",,7","  -44",",,7",,,,,,,,,"  -44",",,7,0700",,,,,,,,,,,,,,
"USC00211840","2019-01-16","47.1687","-92.4629","403.3","COTTON, MN US",,,"    0",",,7,0700","  254",",,7,0700","  -33",",,7"," -278",",,7","    2",",,7",,,"    0","T,,7",,," -267",",,7,0700",,,,,,,,,,,,,,
"USC00211840","2019-01-17","47.1687","-92.4629","403.3","COTTON, MN US","    0",",,7,0700","    0",",,7,0700","  254",",,7,0700"," -150",",,7"," -278",",,7",,,,,,,,," -222",",,7,0700",,,,,,,,,,,,,,
"USC00211840","2019-01-18","47.1687","-92.4629","403.3","COTTON, MN US","    0",",,7,0700","    0",",,7,0700","  254",",,7,0700"," -128",",,7"," -333",",,7",,,,,,,,," -328",",,7,0700",,,,,,,,,,,,,,
"USC00211840","2019-01-19","47.1687","-92.4629","403.3","COTTON, MN US","    0",",,7,0700","    0",",,7,0700","  254",",,7,0700"," -217",",,7"," -389",",,7",,,,,,,,," -389",",,7,0700",,,,,,,,,,,,,,
"USC00211840","2019-01-20","47.1687","-92.4629","403.3","COTTON, MN US","    0",",,7,0700","    0",",,7,0700","  254",",,7,0700"," -222",",,7"," -433",",,7",,,,,,,,," -372",",,7,0700",,,,,,,,,,,,,,
"USC00211840","2019-01-21","47.1687","-92.4629","403.3","COTTON, MN US","    0",",,7,0700","    0",",,7,0700","  254",",,7,0700"," -200",",,7"," -372",",,7",,,,,,,,," -244",",,7,0700",,,,,,,,,,,,,,
"USC00211840","2019-01-22","47.1687","-92.4629","403.3","COTTON, MN US","   61",",,7,0700","  191",",,7,0700","  432",",,7,0700"," -128",",,7"," -250",",,7",,,,,,,,," -128",",,7,0700",,,,,,,,,,,,,,
"USC00211840","2019-01-23","47.1687","-92.4629","403.3","COTTON, MN US","    5",",,7,0700","   13",",,7,0700","  432",",,7,0700"," -111",",,7"," -189",",,7",,,,,,,,," -167",",,7,0700",,,,,,,,,,,,,,
"USC00211840","2019-01-24","47.1687","-92.4629","403.3","COTTON, MN US","   10",",,7,0700","   25",",,7,0700","  457",",,7,0700"," -122",",,7"," -222",",,7",,,,,,,,," -167",",,7,0700",,,,,,,,,,,,,,
"USC00211840","2019-01-25","47.1687","-92.4629","403.3","COTTON, MN US","    0",",,7,0700","    0",",,7,0700","  457",",,7,0700"," -167",",,7"," -383",",,7",,,,,,,,," -367",",,7,0700",,,,,,,,,,,,,,
"USC00211840","2019-01-27","47.1687","-92.4629","403.3","COTTON, MN US","    0",",,7,0700","    0",",,7,0700","  457",",,7,0700"," -200",",,7"," -489",",,7",,,,,,,,," -250",",,7,0700",,,,,,,,,,,,,,
"USC00211840","2019-01-28","47.1687","-92.4629","403.3","COTTON, MN US","    5",",,7,0700","   13",",,7,0700","  457",",,7,0700"," -189",",,7"," -250",",,7",,,,,,,,," -189",",,7,0700",,,,,,,,,,,,,,
"USC00211840","2019-01-29","47.1687","-92.4629","403.3","COTTON, MN US","    8",",,7,0700","   13",",,7,0700","  483",",,7,0700"," -150",",,7"," -322",",,7",,,,,,,,," -322",",,7,0700",,,,,,,,,,,,,,
"USC00211840","2019-01-30","47.1687","-92.4629","403.3","COTTON, MN US","    0","T,,7,0700","    0","T,,7,0700","  457",",,7,0700"," -317",",,7"," -417",",,7",,,,,,,,," -411",",,7,0700",,,,,,,,,,,,,,
"USC00211840","2019-01-31","47.1687","-92.4629","403.3","COTTON, MN US","    0",",,7,0700","    0",",,7,0700","  432",",,7,0700"," -300",",,7"," -472",",,7",,,,,,,,," -472",",,7,0700",,,,,,,,,,,,,,
"USC00211840","2019-02-01","47.1687","-92.4629","403.3","COTTON, MN US","    0",",,H,0700","    0",",,H,0700","  432",",,H,0700"," -244",",,H"," -489",",,H",,,,,,,,," -272",",,H,0700",,,,,,,,,,,,,,
"USC00211840","2019-02-02","47.1687","-92.4629","403.3","COTTON, MN US","    0",",,H,0700","    0",",,H,0700","  432",",,H,0700"," -122",",,H"," -278",",,H",,,,,,,,," -167",",,H,0700",,,,,,,,,,,,,,
"USC00211840","2019-02-03","47.1687","-92.4629","403.3","COTTON, MN US","    0",",,H,0700","    0",",,H,0700","  406",",,H,0700","  -61",",,H"," -183",",,H",,,,,,,,,"  -72",",,H,0700",,,,,,,,,,,,,,
"USC00211840","2019-02-04","47.1687","-92.4629","403.3","COTTON, MN US","    0",",,H,0700","    0",",,H,0700","  406",",,H,0700","  -56",",,H"," -122",",,H",,,,,,,,," -122",",,H,0700",,,,,,,,,,,,,,
"USC00211840","2019-02-05","47.1687","-92.4629","403.3","COTTON, MN US","    0",",,H,0700","    0",",,H,0700","  406",",,H,0700"," -122",",,H"," -311",",,H",,,,,,,,," -261",",,H,0700",,,,,,,,,,,,,,
"USC00211840","2019-02-07","47.1687","-92.4629","403.3","COTTON, MN US",,,,,"  533",",,H,0700"," -106",",,H"," -261",",,H",,,,,,,,," -156",",,H,0700",,,,,,,,,,,,,,
"USC00211840","2019-02-08","47.1687","-92.4629","403.3","COTTON, MN US","   51",",,H,0700","  114",",,H,0700","  635",",,H,0700"," -156",",,H"," -272",",,H",,,,,,,,," -272",",,H,0700",,,,,,,,,,,,,,
"USC00211840","2019-02-09","47.1687","-92.4629","403.3","COTTON, MN US","    0",",,H,0700","    0",",,H,0700","  610",",,H,0700"," -211",",,H"," -433",",,H",,,,,,,,," -394",",,H,0700",,,,,,,,,,,,,,
"USC00211840","2019-02-10","47.1687","-92.4629","403.3","COTTON, MN US","    0",",,H,0700","    0",",,H,0700","  584",",,H,0700"," -178",",,H"," -394",",,H",,,,,,,,," -239",",,H,0700",,,,,,,,,,,,,,
"USC00211840","2019-02-11","47.1687","-92.4629","403.3","COTTON, MN US","   10",",,H,0700","   25",",,H,0700","  610",",,H,0700"," -106",",,H"," -239",",,H",,,,,,,,," -106",",,H,0700",,,,,,,,,,,,,,
"USC00211840","2019-02-13","47.1687","-92.4629","403.3","COTTON, MN US",,,,,"  686",",,H,0700","  -72",",,H"," -194",",,H",,,,,,,,," -167",",,H,0700",,,,,,,,,,,,,,
"USC00211840","2019-02-14","47.1687","-92.4629","403.3","COTTON, MN US","    0",",,H,0700","    0",",,H,0700","  635",",,H,0700","  -56",",,H"," -189",",,H",,,,,,,,," -183",",,H,0700",,,,,,,,,,,,,,
"USC00211840","2019-02-16","47.1687","-92.4629","403.3","COTTON, MN US",,,,,"  610",",,H,0700","  -72",",,H"," -333",",,H",,,,,,,,," -317",",,H,0700",,,,,,,,,,,,,,
"USC00211840","2019-02-17","47.1687","-92.4629","403.3","COTTON, MN US","    0",",,H,0700","    0",",,H,0700","  584",",,H,0700","  -67",",,H"," -317",",,H",,,,,,,,," -250",",,H,0700",,,,,,,,,,,,,,
"USC00211840","2019-02-19","47.1687","-92.4629","403.3","COTTON, MN US",,,,,"  584",",,H,0700","  -56",",,H"," -339",",,H",,,,,,,,," -339",",,H,0700",,,,,,,,,,,,,,
"USC00211840","2019-02-21","47.1687","-92.4629","403.3","COTTON, MN US","   61",",,H,0700","   89",",,H,0700","  635",",,H,0700","  -72",",,H"," -344",",,H",,,,,,,,," -122",",,H,0700",,,,,,,,,,,,,,
"USC00211840","2019-02-22","47.1687","-92.4629","403.3","COTTON, MN US","    0",",,H,0700","    0",",,H,0700","  635",",,H,0700","  -44",",,H"," -183",",,H",,,,,,,,," -133",",,H,0700",,,,,,,,,,,,,,
"USC00211840","2019-02-27","47.1687","-92.4629","403.3","COTTON, MN US",,,,,"  635",",,H,0700","  -17",",S,H"," -389",",,H",,,,,,,,," -172",",,H,0700",,,,,,,,,,,,,,
"USC00211840","2019-02-28","47.1687","-92.4629","403.3","COTTON, MN US","    0",",,H,0700","    0",",,H,0700","  610",",,H,0700"," -117",",,H"," -244",",,H",,,,,,,,," -217",",,H,0700",,,,,,,,,,,,,,
"USC00211840","2019-03-01","47.1687","-92.4629","403.3","COTTON, MN US","    0",",,7,0700","    0",",,7,0700","  610",",,7,0700","  -78",",,7"," -306",",,7",,,,,,,,," -217",",,7,0700",,,,,,,,,,,,,,
"USC00211840","2019-03-08","47.1687","-92.4629","403.3","COTTON, MN US",,,"   13",",,7,0700","  559",",,7,0700","  -78",",,7"," -372",",,7","    6",",,7",,,"    5",",,7",,," -122",",,7,0700",,,,,,,,,,,,,,
"USC00211840","2019-03-09","47.1687","-92.4629","403.3","COTTON, MN US","    0",",,7,0700","    0",",,7,0700","  559",",,7,0700","  -11",",,7"," -161",",,7",,,,,,,,,"  -50",",,7,0700",,,,,,,,,,,,,,
"USC00211840","2019-03-11","47.1687","-92.4629","403.3","COTTON, MN US",,,"  127",",,7,0700","  686",",,7,0700","   28",",,7"," -183",",,7","    2",",,7",,,"  102",",,7",,," -178",",,7,0700",,,,,,,,,,,,,,
"USC00211840","2019-03-12","47.1687","-92.4629","403.3","COTTON, MN US","    0",",,7,0700","    0",",,7,0700","  635",",,7,0700","  -11",",,7"," -206",",,7",,,,,,,,," -100",",,7,0700",,,,,,,,,,,,,,
"USC00211840","2019-03-13","47.1687","-92.4629","403.3","COTTON, MN US","   10",",,7,0700","    0",",,7,0700","  559",",,7,0700","   44",",,7"," -100",",,7",,,,,,,,,"   11",",,7,0700",,,,,,,,,,,,,,
"USC00211840","2019-03-14","47.1687","-92.4629","403.3","COTTON, MN US","  178",",,7,0700","    0",",,7,0700","  432",",,7,0700","   50",",,7","   11",",,7",,,,,,,,,"   39",",,7,0700",,,,,,,,,,,,,,
"USC00211840","2019-03-16","47.1687","-92.4629","403.3","COTTON, MN US","    0",",,7,0700","    0",",,7,0700","  406",",,7,0700","  -28",",,7","  -94",",,7",,,,,,,,,"  -78",",,7,0700",,,,,,,,,,,,,,
"USC00211840","2019-03-17","47.1687","-92.4629","403.3","COTTON, MN US","    0",",,7,0700","    0",",,7,0700","  381",",,7,0700","    6",",,7"," -172",",,7",,,,,,,,," -172",",,7,0700",,,,,,,,,,,,,,
"USC00211840","2019-03-18","47.1687","-92.4629","403.3","COTTON, MN US","    0",",,7,0700","    0",",,7,0700","  381",",,7,0700","   28",",,7"," -178",",,7",,,,,,,,,"  -78",",,7,0700",,,,,,,,,,,,,,
"USC00211840","2019-03-19","47.1687","-92.4629","403.3","COTTON, MN US","    0",",,7,0700","    0",",,7,0700","  381",",,7,0700","   50",",,7","  -83",",,7",,,,,,,,,"  -78",",,7,0700",,,,,,,,,,,,,,
"USC00211840","2019-03-20","47.1687","-92.4629","403.3","COTTON, MN US","    0",",,7,0700","    0",",,7,0700","  330",",,7,0700","   72",",,7","  -94",",,7",,,,,,,,,"    6",",,7,0700",,,,,,,,,,,,,,
"USC00211840","2019-03-21","47.1687","-92.4629","403.3","COTTON, MN US","    0",",,7,0700","    0",",,7,0700","  305",",,7,0700","   44",",,7","  -33",",,7",,,,,,,,,"  -33",",,7,0700",,,,,,,,,,,,,,
"USC00211840","2019-03-22","47.1687","-92.4629","403.3","COTTON, MN US","    0",",,7,0700","    0",",,7,0700","  229",",,7,0700","  106",",,7","  -39",",,7",,,,,,,,,"  -39",",,7,0700",,,,,,,,,,,,,,
"USC00211840","2019-03-23","47.1687","-92.4629","403.3","COTTON, MN US","    0",",,7,0700","    0",",,7,0700","  178",",,7,0700","   61",",,7"," -111",",,7",,,,,,,,,"  -89",",,7,0700",,,,,,,,,,,,,,
"USC00211840","2019-03-24","47.1687","-92.4629","403.3","COTTON, MN US","    0",",,7,0700","    0",",,7,0700","  127",",,7,0700","  111",",,7","  -89",",,7",,,,,,,,,"    0",",,7,0700",,,,,,,,,,,,,,
"USC00211840","2019-03-25","47.1687","-92.4629","403.3","COTTON, MN US","    0",",,7,0700","    0",",,7,0700","  127",",,7,0700","   11",",,7"," -172",",,7",,,,,,,,," -167",",,7,0700",,,,,,,,,,,,,,
"USC00211840","2019-03-29","47.1687","-92.4629","403.3","COTTON, MN US",,,"    0",",,7,0700","   25",",,7,0700","  133",",,7"," -167",",,7","    4",",,7",,,"    0",",,7",,,"  -72",",,7,0700",,,,,,,,,,,,,,
"USC00211840","2019-03-30","47.1687","-92.4629","403.3","COTTON, MN US","    0","T,,7,0700","    0","T,,7,0700","   25",",,7,0700","   67",",,7"," -100",",,7",,,,,,,,,"  -94",",,7,0700",,,,,,,,,,,,,,
"USC00211840","2019-03-31","47.1687","-92.4629","403.3","COTTON, MN US","    0",",,7,0700","    0",",,7,0700","   25",",,7,0700","  -22",",,7"," -144",",,7",,,,,,,,,"  -83",",,7,0700",,,,,,,,,,,,,,
"USC00211840","2019-04-01","47.1687","-92.4629","403.3","COTTON, MN US","    0",",,7,0700","    0",",,7,0700","   25",",,7,0700","   22",",,7"," -111",",,7",,,,,,,,," -106",",,7,0700",,,,,,,,,,,,,,
"USC00211840","2019-04-02","47.1687","-92.4629","403.3","COTTON, MN US","    0","T,,7,0700","    0","T,,7,0700","   25",",,7,0700","   28",",,7"," -106",",,7",,,,,,,,,"  -28",",,7,0700",,,,,,,,,,,,,,
"USC00211840","2019-04-05","47.1687","-92.4629","403.3","COTTON, MN US",,,"    0",",,7,0700","    0",",,7,0700","   50",",,7"," -106",",,7","    2",",,7",,,"    3",",,7",,,"    6",",,7,0700",,,,,,,,,,,,,,
"USC00211840","2019-04-06","47.1687","-92.4629","403.3","COTTON, MN US","    0",",,7,0700","    0",",,7,0700","    0",",,7,0700","   78",",,7","    6",",,7",,,,,,,,,"   28",",,7,0700",,,,,,,,,,,,,,
"USC00211840","2019-04-08","47.1687","-92.4629","403.3","COTTON, MN US",,,"    0",",,7,0700","    0",",,7,0700","   72",",,7","   28",",,7","    2",",,7",,,"   71",",,7",,,"   33",",,7,0700",,,,,,,,,,,,,,
"USC00211840","2019-04-10","47.1687","-92.4629","403.3","COTTON, MN US",,,"    0",",,7,0700","    0",",,7,0700","   83",",,7","  -39",",,7","    2",",,7",,,"   20",",,7",,,"  -28",",,7,0700",,,,,,,,,,,,,,
"USC00211840","2019-04-11","47.1687","-92.4629","403.3","COTTON, MN US","    0",",,7,0700","    0",",,7,0700","    0",",,7,0700","   28",",,7","  -28",",,7",,,,,,,,,"  -22",",,7,0700",,,,,,,,,,,,,,
"USC00211840","2019-04-13","47.1687","-92.4629","403.3","COTTON, MN US",,,"  152",",,7,0700","  152",",,7,0700","    6",",,7","  -50",",,7","    2",",,7",,,"   76",",,7",,,"  -44",",,7,0700",,,,,,,,,,,,,,
"USC00211840","2019-04-14","47.1687","-92.4629","403.3","COTTON, MN US","    0",",,7,0700","    0",",,7,0700","  127",",,7,0700","   28",",,7"," -161",",,7",,,,,,,,," -144",",,7,0700",,,,,,,,,,,,,,
"USC00211840","2019-04-15","47.1687","-92.4629","403.3","COTTON, MN US","    0",",,7,0700","    0",",,7,0700","   76",",,7,0700","   78",",,7"," -144",",,7",,,,,,,,,"  -94",",,7,0700",,,,,,,,,,,,,,
"USC00211840","2019-04-16","47.1687","-92.4629","403.3","COTTON, MN US","    0",",,7,0700","    0",",,7,0700","   25",",,7,0700","   83",",,7"," -100",",,7",,,,,,,,,"  -33",",,7,0700",,,,,,,,,,,,,,
"USC00211840","2019-04-17","47.1687","-92.4629","403.3","COTTON, MN US","    0",",,7,0700","    0",",,7,0700","    0",",,7,0700","  167",",,7","  -39",",,7",,,,,,,,,"   44",",,7,0700",,,,,,,,,,,,,,
"USC00211840","2019-04-18","47.1687","-92.4629","403.3","COTTON, MN US","   51",",,7,0700","    0",",,7,0700","    0",",,7,0700","  122",",,7","   17",",,7",,,,,,,,,"   17",",,7,0700",,,,,,,,,,,,,,
"USC00211840","2019-04-20","47.1687","-92.4629","403.3","COTTON, MN US",,,"    0",",,7,0700","    0",",,7,0700","  156",",,7","  -61",",,7","    2",",,7",,,"    0",",,7",,,"   67",",,7,0700",,,,,,,,,,,,,,
"USC00211840","2019-04-22","47.1687","-92.4629","403.3","COTTON, MN US",,,"    0",",,7,0700","    0",",,7,0700","  206",",,7","   39",",,7","    2",",,7",,,"  173",",,7",,,"   44",",,7,0700",,,,,,,,,,,,,,
"USC00211840","2019-04-23","47.1687","-92.4629","403.3","COTTON, MN US","    5",",,7,0700","    0",",,7,0700","    0",",,7,0700","  128",",,7","  -39",",,7",,,,,,,,,"  -39",",,7,0700",,,,,,,,,,,,,,
"USC00211840","2019-04-25","47.1687","-92.4629","403.3","COTTON, MN US","   30",",,7,0700","    0",",,7,0700","    0",",,7,0700","  206",",,7","  -44",",,7",,,,,,,,,"   11",",,7,0700",,,,,,,,,,,,,,
"USC00211840","2019-04-26","47.1687","-92.4629","403.3","COTTON, MN US","    0",",,7,0700","    0",",,7,0700","    0",",,7,0700","  189",",,7","   11",",,7",,,,,,,,,"   28",",,7,0700",,,,,,,,,,,,,,
"USC00211840","2019-04-27","47.1687","-92.4629","403.3","COTTON, MN US","    0",",,7,0700","    0",",,7,0700","    0",",,7,0700","  111",",,7","  -50",",,7",,,,,,,,,"  -33",",,7,0700",,,,,,,,,,,,,,
"USC00211840","2019-04-28","47.1687","-92.4629","403.3","COTTON, MN US","    0",",,7,0700","    0",",,7,0700","    0",",,7,0700","  117",",,7","  -83",",,7",,,,,,,,,"  -83",",,7,0700",,,,,,,,,,,,,,
"USC00211840","2019-04-29","47.1687","-92.4629","403.3","COTTON, MN US","    5",",,7,0700","    0","T,,7,0700","    0","T,,7,0700","  100",",,7","  -83",",,7",,,,,,,,,"   11",",,7,0700",,,,,,,,,,,,,,
"USC00211840","2019-04-30","47.1687","-92.4629","403.3","COTTON, MN US","   71",",,7,0700","   25",",,7,0700","    0","T,,7,0700","   28",",,7","    0",",,7",,,,,,,,,"    6",",,7,0700",,,,,,,,,,,,,,
"USC00211840","2019-05-01","47.1687","-92.4629","403.3","COTTON, MN US","   20",",,7,0700","    0","T,,7,0700","    0","T,,7,0700","   33",",,7","    0",",,7",,,,,,,,,"    0",",,7,0700",,,,,,,,,,,,,,
"USC00211840","2019-05-02","47.1687","-92.4629","403.3","COTTON, MN US","    5",",,7,0700","   25",",,7,0700","   25",",,7,0700","   39",",,7","   -6",",,7",,,,,,,,,"   -6",",,7,0700",,,,,,,,,,,,,,
"USC00211840","2019-05-03","47.1687","-92.4629","403.3","COTTON, MN US","   36",",,7,0700","    0",",,7,0700","    0",",,7,0700","   78",",,7","  -61",",,7",,,,,,,,,"  -56",",,7,0700",,,,,,,,,,,,,,
"USC00211840","2019-05-04","47.1687","-92.4629","403.3","COTTON, MN US","   81",",,7,0700","    0",",,7,0700","    0",",,7,0700","  133",",,7","  -61",",,7",,,,,,,,,"   61",",,7,0700",,,,,,,,,,,,,,
"USC00211840","2019-05-06","47.1687","-92.4629","403.3","COTTON, MN US",,,"    0",",,7,0700","    0",",,7,0700","  189",",,7","  -39",",,7","    2",",,7",,,"   20",",,7",,,"  -33",",,7,0700",,,,,,,,,,,,,,
"USC00211840","2019-05-07","47.1687","-92.4629","403.3","COTTON, MN US","    0",",,7,0700","    0",",,7,0700","    0",",,7,0700","   78",",,7","  -78",",,7",,,,,,,,,"   11",",,7,0700",,,,,,,,,,,,,,
"USC00211840","2019-05-08","47.1687","-92.4629","403.3","COTTON, MN US","    0",",,7,0700","    0",",,7,0700","    0",",,7,0700","  133",",,7","   11",",,7",,,,,,,,,"   50",",,7,0700",,,,,,,,,,,,,,
"USC00211840","2019-05-09","47.1687","-92.4629","403.3","COTTON, MN US","  102",",,7,0700","   51",",,7,0700","   51",",,7,0700","   83",",,7","    0",",,7",,,,,,,,,"    6",",,7,0700",,,,,,,,,,,,,,
"USC00211840","2019-05-10","47.1687","-92.4629","403.3","COTTON, MN US","    0",",,7,0700","    0",",,7,0700","    0",",,7,0700","   94",",,7","    6",",,7",,,,,,,,,"    6",",,7,0700",,,,,,,,,,,,,,
"USC00211840","2019-05-11","47.1687","-92.4629","403.3","COTTON, MN US","    0",",,7,0700","    0",",,7,0700","    0",",,7,0700","  133",",,7","    0",",,7",,,,,,,,,"   61",",,7,0700",,,,,,,,,,,,,,
"USC00211840","2019-05-13","47.1687","-92.4629","403.3","COTTON, MN US",,,"    0",",,7,0700","    0",",,7,0700","  178",",,7","    0",",,7","    2",",,7",,,"    0",",,7",,,"    6",",,7,0700",,,,,,,,,,,,,,
"USC00211840","2019-05-14","47.1687","-92.4629","403.3","COTTON, MN US","    0",",,7,0700","    0",",,7,0700","    0",",,7,0700","  194",",,7","    6",",,7",,,,,,,,,"   39",",,7,0700",,,,,,,,,,,,,,
"USC00211840","2019-05-15","47.1687","-92.4629","403.3","COTTON, MN US","    8",",,7,0700","    0",",,7,0700","    0",",,7,0700","  222",",,7","  -11",",,7",,,,,,,,,"   -6",",,7,0700",,,,,,,,,,,,,,
"USC00211840","2019-05-16","47.1687","-92.4629","403.3","COTTON, MN US","   20",",,7,0700","    0",",,7,0700","    0",",,7,0700","  200",",,7","   -6",",,7",,,,,,,,,"   89",",,7,0700",,,,,,,,,,,,,,
"USC00211840","2019-05-17","47.1687","-92.4629","403.3","COTTON, MN US","    0",",,7,0700","    0",",,7,0700","    0",",,7,0700","  167",",,7","  -22",",,7",,,,,,,,,"   39",",,7,0700",,,,,,,,,,,,,,
"USC00211840","2019-05-19","47.1687","-92.4629","403.3","COTTON, MN US",,,"    0",",,7,0700","    0",",,7,0700","  161",",,7","   33",",,7","    2",",,7",,,"  127",",,7",,,"   61",",,7,0700",,,,,,,,,,,,,,
"USC00211840","2019-05-20","47.1687","-92.4629","403.3","COTTON, MN US","   51",",,7,0700","    0",",,7,0700","    0",",,7,0700","   67",",,7","  -22",",,7",,,,,,,,,"    6",",,7,0700",,,,,,,,,,,,,,
"USC00211840","2019-05-21","47.1687","-92.4629","403.3","COTTON, MN US","    0",",,7,0700","    0",",,7,0700","    0",",,7,0700","  172",",,7","   -6",",,7",,,,,,,,,"   -6",",,7,0700",,,,,,,,,,,,,,
"USC00211840","2019-05-23","47.1687","-92.4629","403.3","COTTON, MN US","  102",",,7,0700","    0",",,7,0700","    0",",,7,0700","  172",",,7","   -6",",,7",,,,,,,,,"   94",",,7,0700",,,,,,,,,,,,,,
"USC00211840","2019-05-24","47.1687","-92.4629","403.3","COTTON, MN US","   64",",,7,0700","    0",",,7,0700","    0",",,7,0700","  133",",,7","   72",",,7",,,,,,,,,"   72",",,7,0700",,,,,,,,,,,,,,
"USC00211840","2019-05-28","47.1687","-92.4629","403.3","COTTON, MN US",,,"    0",",,7,0700","    0",",,7,0700","  200",",,7","   22",",,7","    3",",,7",,,"   61",",,7",,,"   56",",,7,0700",,,,,,,,,,,,,,
"USC00211840","2019-05-29","47.1687","-92.4629","403.3","COTTON, MN US","    0",",,7,0700","    0",",,7,0700","    0",",,7,0700","  211",",,7","   22",",,7",,,,,,,,,"   22",",,7,0700",,,,,,,,,,,,,,
"USC00211840","2019-05-30","47.1687","-92.4629","403.3","COTTON, MN US","    0",",,7,0700","    0",",,7,0700","    0",",,7,0700","  256",",,7","   22",",,7",,,,,,,,,"   72",",,7,0700",,,,,,,,,,,,,,
"USC00211840","2019-05-31","47.1687","-92.4629","403.3","COTTON, MN US","    0",",,7,0700","    0",",,7,0700","    0",",,7,0700","  217",",,7","   61",",,7",,,,,,,,,"  106",",,7,0700",,,,,,,,,,,,,,
"USC00211840","2019-06-01","47.1687","-92.4629","403.3","COTTON, MN US",,,"    0",",,7,0700","    0",",,7,0700",,,,,,,,,,,,,,,,,,,,,,,,,,,,
"USC00211840","2019-06-02","47.1687","-92.4629","403.3","COTTON, MN US",,,"    0",",,7,0700","    0",",,7,0700","  256",",,7","  -17",",,7","    2",",,7",,,"    0",",,7",,,"   72",",,7,0700",,,,,,,,,,,,,,
"USC00211840","2019-06-03","47.1687","-92.4629","403.3","COTTON, MN US","    0",",,7,0700","    0",",,7,0700","    0",",,7,0700","  172",",,7","   67",",,7",,,,,,,,,"   89",",,7,0700",,,,,,,,,,,,,,
"USC00211840","2019-06-04","47.1687","-92.4629","403.3","COTTON, MN US","    0",",,7,0700","    0",",,7,0700","    0",",,7,0700","  211",",,7","   89",",,7",,,,,,,,,"  117",",,7,0700",,,,,,,,,,,,,,
"USC00211840","2019-06-05","47.1687","-92.4629","403.3","COTTON, MN US","   81",",,7,0700","    0",",,7,0700","    0",",,7,0700","  272",",,7","  106",",,7",,,,,,,,,"  106",",,7,0700",,,,,,,,,,,,,,
"USC00211840","2019-06-06","47.1687","-92.4629","403.3","COTTON, MN US","    5",",,7,0700","    0",",,7,0700","    0",",,7,0700","  156",",,7","   61",",,7",,,,,,,,,"   61",",,7,0700",,,,,,,,,,,,,,
"USC00211840","2019-06-07","47.1687","-92.4629","403.3","COTTON, MN US","    0",",,7,0700","    0",",,7,0700","    0",",,7,0700","  278",",,7","   61",",,7",,,,,,,,,"  144",",,7,0700",,,,,,,,,,,,,,
"USC00211840","2019-06-08","47.1687","-92.4629","403.3","COTTON, MN US","    0",",,7,0700","    0",",,7,0700","    0",",,7,0700","  289",",,7","   61",",,7",,,,,,,,,"  239",",,7,0700",,,,,,,,,,,,,,
"USC00211840","2019-06-09","47.1687","-92.4629","403.3","COTTON, MN US",,,"    0",",,7,0700","    0",",,7,0700",,,,,,,,,,,,,,,,,,,,,,,,,,,,
"USC00211840","2019-06-10","47.1687","-92.4629","403.3","COTTON, MN US",,,"    0",",,7,0700","    0",",,7,0700",,,,,,,,,,,,,,,,,,,,,,,,,,,,
"USC00211840","2019-06-11","47.1687","-92.4629","403.3","COTTON, MN US",,,"    0",",,7,0700","    0",",,7,0700","  283",",,7","   -6",",,7","    3",",,7",,,"    0",",,7",,,"  206",",,7,0700",,,,,,,,,,,,,,
"USC00211840","2019-06-12","47.1687","-92.4629","403.3","COTTON, MN US",,,"    0",",,7,0700","    0",",,7,0700",,,,,,,,,,,,,,,,,,,,,,,,,,,,
"USC00211840","2019-06-13","47.1687","-92.4629","403.3","COTTON, MN US",,,"    0",",,7,0700","    0",",,7,0700","  228",",,7","  -17",",,7","    2",",,7",,,"   56",",,7",,,"   56",",,7,0700",,,,,,,,,,,,,,
"USC00211840","2019-06-14","47.1687","-92.4629","403.3","COTTON, MN US",,,"    0",",,7,0700","    0",",,7,0700",,,,,,,,,,,,,,,,,,,,,,,,,,,,
"USC00211840","2019-06-15","47.1687","-92.4629","403.3","COTTON, MN US",,,"    0",",,7,0700","    0",",,7,0700",,,,,,,,,,,,,,,,,,,,,,,,,,,,
"USC00211840","2019-06-16","47.1687","-92.4629","403.3","COTTON, MN US",,,"    0",",,7,0700","    0",",,7,0700",,,,,,,,,,,,,,,,,,,,,,,,,,,,
"USC00211840","2019-06-17","47.1687","-92.4629","403.3","COTTON, MN US",,,"    0",",,7,0700","    0",",,7,0700","  233",",,7","   50",",,7","    4",",,7",,,"   76",",,7",,,"  106",",,7,0700",,,,,,,,,,,,,,
"USC00211840","2019-06-18","47.1687","-92.4629","403.3","COTTON, MN US","    0",",,7,0700","    0",",,7,0700","    0",",,7,0700","  194",",,7","  106",",,7",,,,,,,,,"  106",",,7,0700",,,,,,,,,,,,,,
"USC00211840","2019-06-19","47.1687","-92.4629","403.3","COTTON, MN US","   25",",,7,0700","    0",",,7,0700","    0",",,7,0700","  200",",,7","  106",",,7",,,,,,,,,"  122",",,7,0700",,,,,,,,,,,,,,
"USC00211840","2019-06-20","47.1687","-92.4629","403.3","COTTON, MN US","    0",",,7,0700","    0",",,7,0700","    0",",,7,0700","  222",",,7","   61",",,7",,,,,,,,,"  106",",,7,0700",,,,,,,,,,,,,,
"USC00211840","2019-06-21","47.1687","-92.4629","403.3","COTTON, MN US","    0",",,7,0700","    0",",,7,0700","    0",",,7,0700","  217",",,7","   61",",,7",,,,,,,,,"  117",",,7,0700",,,,,,,,,,,,,,
"USC00211840","2019-06-22","47.1687","-92.4629","403.3","COTTON, MN US",,,"    0",",,7,0700","    0",",,7,0700",,,,,,,,,,,,,,,,,,,,,,,,,,,,
"USC00211840","2019-06-23","47.1687","-92.4629","403.3","COTTON, MN US",,,"    0",",,7,0700","    0",",,7,0700",,,,,,,,,,,,,,,,,,,,,,,,,,,,
"USC00211840","2019-06-24","47.1687","-92.4629","403.3","COTTON, MN US",,,"    0",",,7,0700","    0",",,7,0700","  233",",,7","  117",",,7","    3",",,7",,,"  381",",,7",,,"  150",",,7,0700",,,,,,,,,,,,,,
"USC00211840","2019-06-25","47.1687","-92.4629","403.3","COTTON, MN US","   20",",,7,0700","    0",",,7,0700","    0",",,7,0700","  200",",,7","   94",",,7",,,,,,,,,"  128",",,7,0700",,,,,,,,,,,,,,
"USC00211840","2019-06-26","47.1687","-92.4629","403.3","COTTON, MN US","    0",",,7,0700","    0",",,7,0700","    0",",,7,0700","  222",",,7","  111",",,7",,,,,,,,,"  117",",,7,0700",,,,,,,,,,,,,,
"USC00211840","2019-06-27","47.1687","-92.4629","403.3","COTTON, MN US",,,"    0",",,7,0700","    0",",,7,0700",,,,,,,,,,,,,,,,,,,,,,,,,,,,
"USC00211840","2019-06-28","47.1687","-92.4629","403.3","COTTON, MN US",,,"    0",",,7,0700","    0",",,7,0700",,,,,,,,,,,,,,,,,,,,,,,,,,,,
"USC00211840","2019-06-29","47.1687","-92.4629","403.3","COTTON, MN US",,,"    0",",,7,0700","    0",",,7,0700",,,,,,,,,,,,,,,,,,,,,,,,,,,,
"USC00211840","2019-06-30","47.1687","-92.4629","403.3","COTTON, MN US",,,"    0",",,7,0700","    0",",,7,0700",,,,,,,,,,,,,,,,,,,,,,,,,,,,
"USC00211840","2019-07-01","47.1687","-92.4629","403.3","COTTON, MN US",,,"    0",",,7,0700","    0",",,7,0700","  289",",,7","   94",",,7","    5",",,7",,,"  406",",,7",,,"  189",",,7,0700",,,,,,,,,,,,,,
"USC00211840","2019-07-02","47.1687","-92.4629","403.3","COTTON, MN US","    0",",,7,0700","    0",",,7,0700","    0",",,7,0700","  267",",,7","   94",",,7",,,,,,,,,"  106",",,7,0700",,,,,,,,,,,,,,
"USC00211840","2019-07-03","47.1687","-92.4629","403.3","COTTON, MN US","    0",",,7,0700","    0",",,7,0700","    0",",,7,0700","  289",",,7","  106",",,7",,,,,,,,,"  156",",,7,0700",,,,,,,,,,,,,,
"USC00211840","2019-07-04","47.1687","-92.4629","403.3","COTTON, MN US","    0",",,7,0700","    0",",,7,0700","    0",",,7,0700","  283",",,7","  156",",,7",,,,,,,,,"  183",",,7,0700",,,,,,,,,,,,,,
"USC00211840","2019-07-05","47.1687","-92.4629","403.3","COTTON, MN US",,,"    0",",,7,0700","    0",",,7,0700",,,,,,,,,,,,,,,,,,,,,,,,,,,,
"USC00211840","2019-07-06","47.1687","-92.4629","403.3","COTTON, MN US",,,"    0",",,7,0700","    0",",,7,0700",,,,,,,,,,,,,,,,,,,,,,,,,,,,
"USC00211840","2019-07-07","47.1687","-92.4629","403.3","COTTON, MN US",,,"    0",",,7,0700","    0",",,7,0700",,,,,,,,,,,,,,,,,,,,,,,,,,,,
"USC00211840","2019-07-08","47.1687","-92.4629","403.3","COTTON, MN US",,,"    0",",,7,0700","    0",",,7,0700","  272",",,7","   61",",,7","    4",",,7",,,"  114",",,7",,,"  222",",,7,0700",,,,,,,,,,,,,,
"USC00211840","2019-07-09","47.1687","-92.4629","403.3","COTTON, MN US","    0",",,7,0700","    0",",,7,0700","    0",",,7,0700","  283",",,7","  194",",,7",,,,,,,,,"  211",",,7,0700",,,,,,,,,,,,,,
"USC00211840","2019-07-10","47.1687","-92.4629","403.3","COTTON, MN US","   51",",,7,0700","    0",",,7,0700","    0",",,7,0700","  261",",,7","  161",",,7",,,,,,,,,"  178",",,7,0700",,,,,,,,,,,,,,
"USC00211840","2019-07-11","47.1687","-92.4629","403.3","COTTON, MN US","   15",",,7,0700","    0",",,7,0700","    0",",,7,0700","  239",",,7","   94",",,7",,,,,,,,,"  106",",,7,0700",,,,,,,,,,,,,,
"USC00211840","2019-07-12","47.1687","-92.4629","403.3","COTTON, MN US","    0",",,7,0700","    0",",,7,0700","    0",",,7,0700","  244",",,7","  106",",,7",,,,,,,,,"  178",",,7,0700",,,,,,,,,,,,,,
"USC00211840","2019-07-13","47.1687","-92.4629","403.3","COTTON, MN US","    0",",,7,0700","    0",",,7,0700","    0",",,7,0700","  283",",,7","  100",",,7",,,,,,,,,"  178",",,7,0700",,,,,,,,,,,,,,
"USC00211840","2019-07-14","47.1687","-92.4629","403.3","COTTON, MN US","    0",",,7,0700","    0",",,7,0700","    0",",,7,0700","  267",",,7","  133",",,7",,,,,,,,,"  200",",,7,0700",,,,,,,,,,,,,,
"USC00211840","2019-07-15","47.1687","-92.4629","403.3","COTTON, MN US",,,"    0",",,7,0700","    0",",,7,0700",,,,,,,,,,,,,,,,,,,,,,,,,,,,
"USC00211840","2019-07-16","47.1687","-92.4629","403.3","COTTON, MN US","  107",",,7,0700","    0",",,7,0700","    0",",,7,0700","  300",",,7","  144",",,7",,,,,,,,,"  183",",,7,0700",,,,,,,,,,,,,,
"USC00211840","2019-07-17","47.1687","-92.4629","403.3","COTTON, MN US","    0",",,7,0700","    0",",,7,0700","    0",",,7,0700","  272",",,7","  167",",,7",,,,,,,,,"  183",",,7,0700",,,,,,,,,,,,,,
"USC00211840","2019-07-18","47.1687","-92.4629","403.3","COTTON, MN US",,,"    0",",,7,0700","    0",",,7,0700",,,,,,,,,,,,,,,,,,,,,,,,,,,,
"USC00211840","2019-07-19","47.1687","-92.4629","403.3","COTTON, MN US","    0",",,7,0700","    0",",,7,0700","    0",",,7,0700","  283",",,7","  133",",,7",,,,,,,,,"  156",",,7,0700",,,,,,,,,,,,,,
"USC00211840","2019-07-20","47.1687","-92.4629","403.3","COTTON, MN US",,,"    0",",,7,0700","    0",",,7,0700",,,,,,,,,,,,,,,,,,,,,,,,,,,,
"USC00211840","2019-07-21","47.1687","-92.4629","403.3","COTTON, MN US",,,"    0",",,7,0700","    0",",,7,0700",,,,,,,,,,,,,,,,,,,,,,,,,,,,
"USC00211840","2019-07-22","47.1687","-92.4629","403.3","COTTON, MN US",,,"    0",",,7,0700","    0",",,7,0700",,,,,,,,,,,,,,,,,,,,,,,,,,,,
"USC00211840","2019-07-23","47.1687","-92.4629","403.3","COTTON, MN US",,,"    0",",,7,0700","    0",",,7,0700","  278",",,7","   61",",,7","    3",",,7",,,"    0",",,7",,,"  117",",,7,0700",,,,,,,,,,,,,,
"USC00211840","2019-07-24","47.1687","-92.4629","403.3","COTTON, MN US",,,"    0",",,7,0700","    0",",,7,0700",,,,,,,,,,,,,,,,,,,,,,,,,,,,
"USC00211840","2019-07-25","47.1687","-92.4629","403.3","COTTON, MN US",,,"    0",",,7,0700","    0",",,7,0700","  278",",,7","  106",",,7","    2",",,7",,,"    0",",,7",,,"  161",",,7,0700",,,,,,,,,,,,,,
"USC00211840","2019-07-26","47.1687","-92.4629","403.3","COTTON, MN US",,,"    0",",,7,0700","    0",",,7,0700",,,,,,,,,,,,,,,,,,,,,,,,,,,,
"USC00211840","2019-07-27","47.1687","-92.4629","403.3","COTTON, MN US",,,"    0",",,7,0700","    0",",,7,0700",,,,,,,,,,,,,,,,,,,,,,,,,,,,
"USC00211840","2019-07-28","47.1687","-92.4629","403.3","COTTON, MN US",,,"    0",",,7,0700","    0",",,7,0700","  283",",,7","  106",",,7","    3",",,7",,,"   56",",,7",,,"  133",",,7,0700",,,,,,,,,,,,,,
"USC00211840","2019-07-29","47.1687","-92.4629","403.3","COTTON, MN US",,,"    0",",,7,0700","    0",",,7,0700",,,,,,,,,,,,,,,,,,,,,,,,,,,,
"USC00211840","2019-07-30","47.1687","-92.4629","403.3","COTTON, MN US",,,"    0",",,7,0700","    0",",,7,0700","  261",",,7","   61",",,7","    2",",,7",,,"  279",",,7",,,"  206",",,7,0700",,,,,,,,,,,,,,
"USC00211840","2019-07-31","47.1687","-92.4629","403.3","COTTON, MN US","    0",",,7,0700","    0",",,7,0700","    0",",,7,0700","  222",",,7","   56",",,7",,,,,,,,,"   56",",,7,0700",,,,,,,,,,,,,,
"USC00211840","2019-08-02","47.1687","-92.4629","403.3","COTTON, MN US",,,"    0",",,7,0700","    0",",,7,0700","  283",",,7","   56",",,7","    2",",,7",,,"    0",",,7",,,"  167",",,7,0700",,,,,,,,,,,,,,
"USC00211840","2019-08-03","47.1687","-92.4629","403.3","COTTON, MN US","  152",",,7,0700","    0",",,7,0700","    0",",,7,0700","  267",",,7","  128",",,7",,,,,,,,,"  128",",,7,0700",,,,,,,,,,,,,,
"USC00211840","2019-08-04","47.1687","-92.4629","403.3","COTTON, MN US","  147",",,7,0700","    0",",,7,0700","    0",",,7,0700","  283",",,7","  117",",,7",,,,,,,,,"  128",",,7,0700",,,,,,,,,,,,,,
"USC00211840","2019-08-05","47.1687","-92.4629","403.3","COTTON, MN US","    0",",,7,0700","    0",",,7,0700","    0",",,7,0700","  283",",,7","  128",",,7",,,,,,,,,"  194",",,7,0700",,,,,,,,,,,,,,
"USC00211840","2019-08-06","47.1687","-92.4629","403.3","COTTON, MN US","  132",",,7,0700","    0",",,7,0700","    0",",,7,0700","  256",",,7","   94",",,7",,,,,,,,,"  100",",,7,0700",,,,,,,,,,,,,,
"USC00211840","2019-08-07","47.1687","-92.4629","403.3","COTTON, MN US","   56",",,7,0700","    0",",,7,0700","    0",",,7,0700","  261",",,7","  100",",,7",,,,,,,,,"  156",",,7,0700",,,,,,,,,,,,,,
"USC00211840","2019-08-08","47.1687","-92.4629","403.3","COTTON, MN US","    0",",,7,0700","    0",",,7,0700","    0",",,7,0700","  239",",,7","   72",",,7",,,,,,,,,"   78",",,7,0700",,,,,,,,,,,,,,
"USC00211840","2019-08-09","47.1687","-92.4629","403.3","COTTON, MN US","    0",",,7,0700","    0",",,7,0700","    0",",,7,0700","  211",",,7","   78",",,7",,,,,,,,,"   83",",,7,0700",,,,,,,,,,,,,,
"USC00211840","2019-08-10","47.1687","-92.4629","403.3","COTTON, MN US","    0",",,7,0700","    0",",,7,0700","    0",",,7,0700","  233",",,7","   67",",,7",,,,,,,,,"   83",",,7,0700",,,,,,,,,,,,,,
"USC00211840","2019-08-12","47.1687","-92.4629","403.3","COTTON, MN US",,,"    0",",,7,0700","    0",",,7,0700","  256",",,7","   83",",,7","    2",",,7",,,"    0",",,7",,,"  167",",,7,0700",,,,,,,,,,,,,,
"USC00211840","2019-08-14","47.1687","-92.4629","403.3","COTTON, MN US",,,"    0",",,7,0700","    0",",,7,0700","  222",",,7","   67",",,7","    2",",,7",,,"   41",",,7",,,"   83",",,7,0700",,,,,,,,,,,,,,
"USC00211840","2019-08-15","47.1687","-92.4629","403.3","COTTON, MN US","    0",",,7,0700","    0",",,7,0700","    0",",,7,0700","  206",",,7","   83",",,7",,,,,,,,,"  100",",,7,0700",,,,,,,,,,,,,,
"USC00211840","2019-08-16","47.1687","-92.4629","403.3","COTTON, MN US","   10",",,7,0700","    0",",,7,0700","    0",",,7,0700","  244",",,7","  100",",,7",,,,,,,,,"  150",",,7,0700",,,,,,,,,,,,,,
"USC00211840","2019-08-17","47.1687","-92.4629","403.3","COTTON, MN US","    0",",,7,0700","    0",",,7,0700","    0",",,7,0700","  250",",,7","   89",",,7",,,,,,,,,"  133",",,7,0700",,,,,,,,,,,,,,
"USC00211840","2019-08-18","47.1687","-92.4629","403.3","COTTON, MN US","   25",",,7,0700","    0",",,7,0700","    0",",,7,0700","  267",",,7","   89",",,7",,,,,,,,,"  156",",,7,0700",,,,,,,,,,,,,,
"USC00211840","2019-08-19","47.1687","-92.4629","403.3","COTTON, MN US","    0","T,,7,0700","    0",",,7,0700","    0",",,7,0700","  200",",,7","   83",",,7",,,,,,,,,"   94",",,7,0700",,,,,,,,,,,,,,
"USC00211840","2019-08-20","47.1687","-92.4629","403.3","COTTON, MN US","    0",",,7,0700","    0",",,7,0700","    0",",,7,0700","  256",",,7","   89",",,7",,,,,,,,,"  161",",,7,0700",,,,,,,,,,,,,,
"USC00211840","2019-08-21","47.1687","-92.4629","403.3","COTTON, MN US","   56",",,7,0700","    0",",,7,0700","    0",",,7,0700","  250",",,7","   61",",,7",,,,,,,,,"   61",",,7,0700",,,,,,,,,,,,,,
"USC00211840","2019-08-22","47.1687","-92.4629","403.3","COTTON, MN US","    0",",,7,0700","    0",",,7,0700","    0",",,7,0700","  200",",,7","   61",",,7",,,,,,,,,"   89",",,7,0700",,,,,,,,,,,,,,
"USC00211840","2019-08-23","47.1687","-92.4629","403.3","COTTON, MN US","    0",",,7,0700","    0",",,7,0700","    0",",,7,0700","  189",",,7","   56",",,7",,,,,,,,,"   61",",,7,0700",,,,,,,,,,,,,,
"USC00211840","2019-08-25","47.1687","-92.4629","403.3","COTTON, MN US",,,"    0",",,7,0700","    0",",,7,0700","  233",",,7","   61",",,7","    2",",,7",,,"    0",",,7",,,"  156",",,7,0700",,,,,,,,,,,,,,
"USC00211840","2019-08-26","47.1687","-92.4629","403.3","COTTON, MN US","  102",",,7,0700","    0",",,7,0700","    0",",,7,0700","  222",",,7","  150",",,7",,,,,,,,,"  150",",,7,0700",,,,,,,,,,,,,,
"USC00211840","2019-08-27","47.1687","-92.4629","403.3","COTTON, MN US","  183",",,7,0700","    0",",,7,0700","    0",",,7,0700","  167",",,7","  117",",,7",,,,,,,,,"  117",",,7,0700",,,,,,,,,,,,,,
"USC00211840","2019-08-28","47.1687","-92.4629","403.3","COTTON, MN US","   56",",,7,0700","    0",",,7,0700","    0",",,7,0700","  178",",,7","  100",",,7",,,,,,,,,"  100",",,7,0700",,,,,,,,,,,,,,
"USC00211840","2019-08-29","47.1687","-92.4629","403.3","COTTON, MN US","   13",",,7,0700","    0",",,7,0700","    0",",,7,0700","  183",",,7","   89",",,7",,,,,,,,,"  122",",,7,0700",,,,,,,,,,,,,,
"USC00211840","2019-08-30","47.1687","-92.4629","403.3","COTTON, MN US","    0","T,,7,0700","    0",",,7,0700","    0",",,7,0700","  183",",,7","   39",",,7",,,,,,,,,"   61",",,7,0700",,,,,,,,,,,,,,
"USC00211840","2019-09-01","47.1687","-92.4629","403.3","COTTON, MN US",,,"    0",",,7,0700","    0",",,7,0700",,,,,,,,,,,,,,,,,,,,,,,,,,,,
"USC00211840","2019-09-02","47.1687","-92.4629","403.3","COTTON, MN US",,,"    0",",,7,0700","    0",",,7,0700",,,,,,,,,,,,,,,,,,,,,,,,,,,,
"USC00211840","2019-09-03","47.1687","-92.4629","403.3","COTTON, MN US",,,"    0",",,7,0700","    0",",,7,0700","  211",",,7","   39",",,7","    4",",,7",,,"   86",",,7",,,"  111",",,7,0700",,,,,,,,,,,,,,
"USC00211840","2019-09-04","47.1687","-92.4629","403.3","COTTON, MN US","   25",",,7,0700","    0",",,7,0700","    0",",,7,0700","  167",",,7","   78",",,7",,,,,,,,,"   78",",,7,0700",,,,,,,,,,,,,,
"USC00211840","2019-09-05","47.1687","-92.4629","403.3","COTTON, MN US",,,"    0",",,7,0700","    0",",,7,0700",,,,,,,,,,,,,,,,,,,,,,,,,,,,
"USC00211840","2019-09-06","47.1687","-92.4629","403.3","COTTON, MN US",,,"    0",",,7,0700","    0",",,7,0700","  183",",,7","   67",",,7","    2",",,7",,,"   81",",,7",,,"  128",",,7,0700",,,,,,,,,,,,,,
"USC00211840","2019-09-07","47.1687","-92.4629","403.3","COTTON, MN US","    0",",,7,0700","    0",",,7,0700","    0",",,7,0700","  222",",,7","   56",",,7",,,,,,,,,"  111",",,7,0700",,,,,,,,,,,,,,
"USC00211840","2019-09-08","47.1687","-92.4629","403.3","COTTON, MN US","    0",",,7,0700","    0",",,7,0700","    0",",,7,0700","  133",",,7","   61",",,7",,,,,,,,,"   78",",,7,0700",,,,,,,,,,,,,,
"USC00211840","2019-09-09","47.1687","-92.4629","403.3","COTTON, MN US","    0",",,7,0700","    0",",,7,0700","    0",",,7,0700","  150",",,7","   78",",,7",,,,,,,,,"   89",",,7,0700",,,,,,,,,,,,,,
"USC00211840","2019-09-10","47.1687","-92.4629","403.3","COTTON, MN US","  203",",,7,0700","    0",",,7,0700","    0",",,7,0700","  150",",,7","   89",",,7",,,,,,,,,"  139",",,7,0700",,,,,,,,,,,,,,
"USC00211840","2019-09-11","47.1687","-92.4629","403.3","COTTON, MN US",,,"    0",",,7,0700","    0",",,7,0700",,,,,,,,,,,,,,,,,,,,,,,,,,,,
"USC00211840","2019-09-12","47.1687","-92.4629","403.3","COTTON, MN US",,,"    0",",,7,0700","    0",",,7,0700","  194",",,7","   89",",,7","    2",",,7",,,"    3",",,7",,,"   89",",,7,0700",,,,,,,,,,,,,,
"USC00211840","2019-09-13","47.1687","-92.4629","403.3","COTTON, MN US","  132",",,7,0700","    0",",,7,0700","    0",",,7,0700","  122",",,7","   89",",,7",,,,,,,,,"  122",",,7,0700",,,,,,,,,,,,,,
"USC00211840","2019-09-14","47.1687","-92.4629","403.3","COTTON, MN US","   30",",,7,0700","    0",",,7,0700","    0",",,7,0700","  133",",,7","   67",",,7",,,,,,,,,"   78",",,7,0700",,,,,,,,,,,,,,
"USC00211840","2019-09-15","47.1687","-92.4629","403.3","COTTON, MN US",,,"    0",",,7,0700","    0",",,7,0700",,,,,,,,,,,,,,,,,,,,,,,,,,,,
"USC00211840","2019-09-16","47.1687","-92.4629","403.3","COTTON, MN US",,,"    0",",,7,0700","    0",",,7,0700","  222",",,7","   72",",,7","    2",",,7",,,"    0","T,,7",,,"  133",",,7,0700",,,,,,,,,,,,,,
"USC00211840","2019-09-17","47.1687","-92.4629","403.3","COTTON, MN US","    0",",,7,0700","    0",",,7,0700","    0",",,7,0700","  267",",,7","  128",",,7",,,,,,,,,"  172",",,7,0700",,,,,,,,,,,,,,
"USC00211840","2019-09-18","47.1687","-92.4629","403.3","COTTON, MN US","  264",",,7,0700","    0",",,7,0700","    0",",,7,0700","  217",",,7","  172",",,7",,,,,,,,,"  189",",,7,0700",,,,,,,,,,,,,,
"USC00211840","2019-09-19","47.1687","-92.4629","403.3","COTTON, MN US","   51",",,7,0700","    0",",,7,0700","    0",",,7,0700","  244",",,7","  117",",,7",,,,,,,,,"  117",",,7,0700",,,,,,,,,,,,,,
"USC00211840","2019-09-20","47.1687","-92.4629","403.3","COTTON, MN US","    0",",,7,0700","    0",",,7,0700","    0",",,7,0700","  244",",,7","  100",",,7",,,,,,,,,"  122",",,7,0700",,,,,,,,,,,,,,
"USC00211840","2019-09-21","47.1687","-92.4629","403.3","COTTON, MN US","    0","T,,7,0700","    0",",,7,0700","    0",",,7,0700","  233",",,7","  122",",,7",,,,,,,,,"  194",",,7,0700",,,,,,,,,,,,,,
"USC00211840","2019-09-22","47.1687","-92.4629","403.3","COTTON, MN US","  140",",,7,0700","    0",",,7,0700","    0",",,7,0700","  228",",,7","  122",",,7",,,,,,,,,"  122",",,7,0700",,,,,,,,,,,,,,
"USC00211840","2019-09-23","47.1687","-92.4629","403.3","COTTON, MN US","   20",",,7,0700","    0",",,7,0700","    0",",,7,0700","  144",",,7","   83",",,7",,,,,,,,,"  106",",,7,0700",,,,,,,,,,,,,,
"USC00211840","2019-09-24","47.1687","-92.4629","403.3","COTTON, MN US",,,"    0",",,7,0700","    0",",,7,0700",,,,,,,,,,,,,,,,,,,,,,,,,,,,
"USC00211840","2019-09-25","47.1687","-92.4629","403.3","COTTON, MN US",,,"    0",",,7,0700","    0",",,7,0700",,,,,,,,,,,,,,,,,,,,,,,,,,,,
"USC00211840","2019-09-26","47.1687","-92.4629","403.3","COTTON, MN US",,,"    0",",,7,0700","    0",",,7,0700",,,,,,,,,,,,,,,,,,,,,,,,,,,,
"USC00211840","2019-09-27","47.1687","-92.4629","403.3","COTTON, MN US",,,"    0",",,7,0700","    0",",,7,0700",,,,,,,,,,,,,,,,,,,,,,,,,,,,
"USC00211840","2019-09-28","47.1687","-92.4629","403.3","COTTON, MN US",,,"    0",",,7,0700","    0",",,7,0700",,,,,,,,,,,,,,,,,,,,,,,,,,,,
"USC00211840","2019-09-29","47.1687","-92.4629","403.3","COTTON, MN US",,,"    0",",,7,0700","    0",",,7,0700","  233",",S,7","  -28",",,7","    6",",,7",,,"   64",",,7",,,"   78",",,7,0700",,,,,,,,,,,,,,
"USC00211840","2019-09-30","47.1687","-92.4629","403.3","COTTON, MN US",,,"    0",",,7,0700","    0",",,7,0700",,,,,,,,,,,,,,,,,,,,,,,,,,,,
"USC00211840","2019-10-02","47.1687","-92.4629","403.3","COTTON, MN US",,,"    0",",,7,0700","    0",",,7,0700","  183",",,7","   61",",,7","    3",",,7",,,"  406",",,7",,,"   61",",,7,0700",,,,,,,,,,,,,,
"USC00211840","2019-10-03","47.1687","-92.4629","403.3","COTTON, MN US","  152",",,7,0700","    0",",,7,0700","    0",",,7,0700","   72",",,7","   44",",,7",,,,,,,,,"   44",",,7,0700",,,,,,,,,,,,,,
"USC00211840","2019-10-05","47.1687","-92.4629","403.3","COTTON, MN US",,,"    0",",,7,0700","    0",",,7,0700","   72",",,7","   33",",,7","    2",",,7",,,"   51",",,7",,,"   67",",,7,0700",,,,,,,,,,,,,,
"USC00211840","2019-10-06","47.1687","-92.4629","403.3","COTTON, MN US","  114",",,7,0700","    0",",,7,0700","    0",",,7,0700","  106",",,7","   61",",,7",,,,,,,,,"   61",",,7,0700",,,,,,,,,,,,,,
"USC00211840","2019-10-07","47.1687","-92.4629","403.3","COTTON, MN US","   30",",,7,0700","    0",",,7,0700","    0",",,7,0700","  122",",,7","   28",",,7",,,,,,,,,"   33",",,7,0700",,,,,,,,,,,,,,
"USC00211840","2019-10-08","47.1687","-92.4629","403.3","COTTON, MN US","    0",",,7,0700","    0",",,7,0700","    0",",,7,0700","  150",",,7","   28",",,7",,,,,,,,,"   94",",,7,0700",,,,,,,,,,,,,,
"USC00211840","2019-10-09","47.1687","-92.4629","403.3","COTTON, MN US","    0",",,7,0700","    0",",,7,0700","    0",",,7,0700","  194",",,7","   94",",,7",,,,,,,,,"  111",",,7,0700",,,,,,,,,,,,,,
"USC00211840","2019-10-10","47.1687","-92.4629","403.3","COTTON, MN US","    0",",,7,0700","    0",",,7,0700","    0",",,7,0700","  211",",,7","  106",",,7",,,,,,,,,"  122",",,7,0700",,,,,,,,,,,,,,
"USC00211840","2019-10-11","47.1687","-92.4629","403.3","COTTON, MN US","  152",",,7,0700","    0",",,7,0700","    0",",,7,0700","  144",",,7","   78",",,7",,,,,,,,,"   78",",,7,0700",,,,,,,,,,,,,,
"USC00211840","2019-10-12","47.1687","-92.4629","403.3","COTTON, MN US","   10",",,7,0700","   13",",,7,0700","    0",",,7,0700","   78",",,7","  -11",",,7",,,,,,,,,"  -11",",,7,0700",,,,,,,,,,,,,,
"USC00211840","2019-10-13","47.1687","-92.4629","403.3","COTTON, MN US","   25",",,7,0700","    0",",,7,0700","    0",",,7,0700","   28",",,7","  -11",",,7",,,,,,,,,"    6",",,7,0700",,,,,,,,,,,,,,
"USC00211840","2019-10-14","47.1687","-92.4629","403.3","COTTON, MN US","   15",",,7,0700","    0",",,7,0700","    0",",,7,0700","   56",",,7","  -17",",,7",,,,,,,,,"    0",",,7,0700",,,,,,,,,,,,,,
"USC00211840","2019-10-15","47.1687","-92.4629","403.3","COTTON, MN US","    0","T,,7,0700","    0",",,7,0700","    0",",,7,0700","   78",",,7","    0",",,7",,,,,,,,,"   28",",,7,0700",,,,,,,,,,,,,,
"USC00211840","2019-10-16","47.1687","-92.4629","403.3","COTTON, MN US",,,"    0",",,7,0700","    0",",,7,0700",,,,,,,,,,,,,,,,,,,,,,,,,,,,
"USC00211840","2019-10-17","47.1687","-92.4629","403.3","COTTON, MN US",,,"    0",",,7,0700","    0",",,7,0700","   89",",,7","   11",",,7","    2",",,7",,,"   15",",,7",,,"   11",",,7,0700",,,,,,,,,,,,,,
"USC00211840","2019-10-18","47.1687","-92.4629","403.3","COTTON, MN US","    0",",,7,0700","    0",",,7,0700","    0",",,7,0700","  106",",,7","  -17",",,7",,,,,,,,,"   56",",,7,0700",,,,,,,,,,,,,,
"USC00211840","2019-10-19","47.1687","-92.4629","403.3","COTTON, MN US","    0",",,7,0700","    0",",,7,0700","    0",",,7,0700","  156",",,7","   56",",,7",,,,,,,,,"  100",",,7,0700",,,,,,,,,,,,,,
"USC00211840","2019-10-20","47.1687","-92.4629","403.3","COTTON, MN US",,,"    0",",,7,0700","    0",",,7,0700",,,,,,,,,,,,,,,,,,,,,,,,,,,,
"USC00211840","2019-10-21","47.1687","-92.4629","403.3","COTTON, MN US",,,"    0",",,7,0700","    0",",,7,0700","  172",",,7","  -33",",,7","    2",",,7",,,"    0",",,7",,,"   72",",,7,0700",,,,,,,,,,,,,,
"USC00211840","2019-10-22","47.1687","-92.4629","403.3","COTTON, MN US","  406",",,7,0700","    0",",,7,0700","    0",",,7,0700","   89",",,7","   56",",,7",,,,,,,,,"   56",",,7,0700",,,,,,,,,,,,,,
"USC00211840","2019-10-23","47.1687","-92.4629","403.3","COTTON, MN US","   30",",,7,0700","    0",",,7,0700","    0",",,7,0700","   61",",,7","   11",",,7",,,,,,,,,"   11",",,7,0700",,,,,,,,,,,,,,
"USC00211840","2019-10-24","47.1687","-92.4629","403.3","COTTON, MN US","    0","T,,7,0700","    0",",,7,0700","    0",",,7,0700","   67",",,7","    0",",,7",,,,,,,,,"   11",",,7,0700",,,,,,,,,,,,,,
"USC00211840","2019-10-25","47.1687","-92.4629","403.3","COTTON, MN US","    0",",,7,0700","    0",",,7,0700","    0",",,7,0700","   72",",,7","  -39",",,7",,,,,,,,,"  -22",",,7,0700",,,,,,,,,,,,,,
"USC00211840","2019-10-26","47.1687","-92.4629","403.3","COTTON, MN US","    0",",,7,0700","    0",",,7,0700","    0",",,7,0700","  111",",,7","  -28",",,7",,,,,,,,,"   50",",,7,0700",,,,,,,,,,,,,,
"USC00211840","2019-10-27","47.1687","-92.4629","403.3","COTTON, MN US","    0",",,7,0700","    0",",,7,0700","    0",",,7,0700","  139",",,7","  -28",",,7",,,,,,,,,"   33",",,7,0700",,,,,,,,,,,,,,
"USC00211840","2019-10-28","47.1687","-92.4629","403.3","COTTON, MN US","    0",",,7,0700","    0",",,7,0700","    0",",,7,0700","   50",",,7","  -28",",,7",,,,,,,,,"  -28",",,7,0700",,,,,,,,,,,,,,
"USC00211840","2019-10-29","47.1687","-92.4629","403.3","COTTON, MN US","    0",",,7,0700","    0",",,7,0700","    0",",,7,0700","    6",",,7","  -83",",,7",,,,,,,,,"  -72",",,7,0700",,,,,,,,,,,,,,
"USC00211840","2019-10-30","47.1687","-92.4629","403.3","COTTON, MN US","    0",",,7,0700","    0",",,7,0700","    0",",,7,0700","    6",",,7","  -78",",,7",,,,,,,,,"  -56",",,7,0700",,,,,,,,,,,,,,
"USC00211840","2019-10-31","47.1687","-92.4629","403.3","COTTON, MN US","    0",",,7,0700","    0",",,7,0700","    0",",,7,0700","  -22",",,7","  -61",",,7",,,,,,,,,"  -61",",,7,0700",,,,,,,,,,,,,,
"USC00211840","2019-11-01","47.1687","-92.4629","403.3","COTTON, MN US","    0",",,7,0700",,,,,"  -11",",,7","  -61",",,7",,,,,,,,,"  -22",",,7,0700",,,,,,,,,,,,,,
"USC00211840","2019-11-02","47.1687","-92.4629","403.3","COTTON, MN US","    0","T,,7,0700","    0","T,,7,0700","    0","T,,7,0700","    6",",,7","  -33",",,7",,,,,,,,,"  -28",",,7,0700",,,,,,,,,,,,,,
"USC00211840","2019-11-03","47.1687","-92.4629","403.3","COTTON, MN US","    0","T,,7,0700","    0","T,,7,0700","    0","T,,7,0700","  -11",",,7"," -117",",,7",,,,,,,,," -106",",,7,0700",,,,,,,,,,,,,,
"USC00211840","2019-11-04","47.1687","-92.4629","403.3","COTTON, MN US","    5",",,7,0700","    5",",,7,0700","    0","T,,7,0700","   28",",,7"," -106",",,7",,,,,,,,,"  -22",",,7,0700",,,,,,,,,,,,,,
"USC00211840","2019-11-05","47.1687","-92.4629","403.3","COTTON, MN US","   10",",,7,0700","    5",",,7,0700","    0","T,,7,0700","    0",",,7"," -133",",,7",,,,,,,,," -122",",,7,0700",,,,,,,,,,,,,,
"USC00211840","2019-11-06","47.1687","-92.4629","403.3","COTTON, MN US","    0","T,,7,0700","    0","T,,7,0700","    0","T,,7,0700","  -56",",,7"," -156",",,7",,,,,,,,," -100",",,7,0700",,,,,,,,,,,,,,
"USC00211840","2019-11-07","47.1687","-92.4629","403.3","COTTON, MN US","    0",",,7,0700","    0",",,7,0700","    0",",,7,0700","  -67",",,7"," -161",",,7",,,,,,,,," -161",",,7,0700",,,,,,,,,,,,,,
"USC00211840","2019-11-08","47.1687","-92.4629","403.3","COTTON, MN US","    0",",,7,0700","    0",",,7,0700","    0",",,7,0700","  -89",",,7"," -200",",,7",,,,,,,,," -139",",,7,0700",,,,,,,,,,,,,,
"USC00211840","2019-11-11","47.1687","-92.4629","403.3","COTTON, MN US",,,"   38",",,7,0700","   25",",,7,0700","  -11",",,7"," -200",",,7","    3",",,7",,,"   20",",,7",,," -172",",,7,0700",,,,,,,,,,,,,,
"USC00211840","2019-11-12","47.1687","-92.4629","403.3","COTTON, MN US","    0","T,,7,0700","    0","T,,7,0700","   25",",,7,0700"," -144",",,7"," -267",",,7",,,,,,,,," -261",",,7,0700",,,,,,,,,,,,,,
"USC00211840","2019-11-13","47.1687","-92.4629","403.3","COTTON, MN US","    8",",,7,0700","   13",",,7,0700","   25",",,7,0700"," -106",",,7"," -261",",,7",,,,,,,,," -117",",,7,0700",,,,,,,,,,,,,,
"USC00211840","2019-11-14","47.1687","-92.4629","403.3","COTTON, MN US","    0","T,,7,0700","   13",",,7,0700","   25",",,7,0700","  -72",",,7"," -117",",,7",,,,,,,,," -111",",,7,0700",,,,,,,,,,,,,,
"USC00211840","2019-11-15","47.1687","-92.4629","403.3","COTTON, MN US","    0",",,7,0700","    0",",,7,0700","   25",",,7,0700","  -17",",,7"," -150",",,7",,,,,,,,," -117",",,7,0700",,,,,,,,,,,,,,
"USC00211840","2019-11-16","47.1687","-92.4629","403.3","COTTON, MN US","    0",",,7,0700","    0",",,7,0700","   25",",,7,0700","  -11",",,7"," -117",",,7",,,,,,,,,"  -17",",,7,0700",,,,,,,,,,,,,,
"USC00211840","2019-11-18","47.1687","-92.4629","403.3","COTTON, MN US","    0","T,,7,0700","    0",",,7,0700","    0","T,,7,0700","   56",",,7","  -33",",,7",,,,,,,,,"  -33",",,7,0700",,,,,,,,,,,,,,
"USC00211840","2019-11-19","47.1687","-92.4629","403.3","COTTON, MN US","    0","T,,7,0700","    0","T,,7,0700","    0","T,,7,0700","  -17",",,7","  -33",",,7",,,,,,,,,"  -22",",,7,0700",,,,,,,,,,,,,,
"USC00211840","2019-11-20","47.1687","-92.4629","403.3","COTTON, MN US","   10",",,7,0700","    0",",,7,0700","    0",",,7,0700","   11",",,7","  -22",",,7",,,,,,,,,"   -6",",,7,0700",,,,,,,,,,,,,,
"USC00211840","2019-11-21","47.1687","-92.4629","403.3","COTTON, MN US","   91",",,7,0700","   51",",,7,0700","   51",",,7,0700","   33",",,7","  -28",",,7",,,,,,,,,"  -28",",,7,0700",,,,,,,,,,,,,,
"USC00211840","2019-11-22","47.1687","-92.4629","403.3","COTTON, MN US","    5",",,7,0700","   13",",,7,0700","   25",",,7,0700","  -28",",,7"," -117",",,7",,,,,,,,," -117",",,7,0700",,,,,,,,,,,,,,
"USC00211840","2019-11-23","47.1687","-92.4629","403.3","COTTON, MN US","    0",",,7,0700","    0",",,7,0700","   25",",,7,0700","  -11",",,7"," -117",",,7",,,,,,,,,"  -72",",,7,0700",,,,,,,,,,,,,,
"USC00211840","2019-11-24","47.1687","-92.4629","403.3","COTTON, MN US","    0",",,7,0700","    0",",,7,0700","   25",",,7,0700","   44",",,7","  -72",",,7",,,,,,,,,"  -28",",,7,0700",,,,,,,,,,,,,,
"USC00211840","2019-11-25","47.1687","-92.4629","403.3","COTTON, MN US","    3",",,7,0700","    0",",,7,0700","   25",",,7,0700","   72",",,7","  -28",",,7",,,,,,,,,"   11",",,7,0700",,,,,,,,,,,,,,
"USC00211840","2019-11-26","47.1687","-92.4629","403.3","COTTON, MN US","    0",",,7,0700","    0",",,7,0700","   25",",,7,0700","   44",",,7","  -39",",,7",,,,,,,,,"  -33",",,7,0700",,,,,,,,,,,,,,
"USC00211840","2019-11-28","47.1687","-92.4629","403.3","COTTON, MN US",,,"   76",",,7,0700","  102",",,7,0700","   -6",",,7"," -100",",,7","    2",",,7",,,"   89",",,7",,," -100",",,7,0700",,,,,,,,,,,,,,
"USC00211840","2019-11-29","47.1687","-92.4629","403.3","COTTON, MN US","    0",",,7,0700","    0",",,7,0700","  102",",,7,0700","  -56",",,7"," -100",",,7",,,,,,,,,"  -56",",,7,0700",,,,,,,,,,,,,,
"USC00211840","2019-11-30","47.1687","-92.4629","403.3","COTTON, MN US","    0","T,,7,0700","    0","T,,7,0700","  102",",,7,0700","  -11",",,7","  -56",",,7",,,,,,,,,"  -17",",,7,0700",,,,,,,,,,,,,,
"USC00211840","2019-12-02","47.1687","-92.4629","403.3","COTTON, MN US",,,"  165",",,7,0700","  254",",,7,0700","  -11",",,7"," -300",",,7","    2",",,7",,,"  178",",,7",,," -289",",,7,0700",,,,,,,,,,,,,,
"USC00211840","2019-12-03","47.1687","-92.4629","403.3","COTTON, MN US","    0",",,7,0700","    0",",,7,0700","  254",",,7,0700","  -44",",,7"," -317",",,7",,,,,,,,,"  -89",",,7,0700",,,,,,,,,,,,,,
"USC00211840","2019-12-04","47.1687","-92.4629","403.3","COTTON, MN US","    0",",,7,0700","    0",",,7,0700","  254",",,7,0700","  -17",",,7","  -89",",,7",,,,,,,,,"  -28",",,7,0700",,,,,,,,,,,,,,
"USC00211840","2019-12-05","47.1687","-92.4629","403.3","COTTON, MN US","    0",",,7,0700","    0",",,7,0700","  229",",,7,0700","   17",",,7","  -89",",,7",,,,,,,,,"  -39",",,7,0700",,,,,,,,,,,,,,
"USC00211840","2019-12-06","47.1687","-92.4629","403.3","COTTON, MN US","    0","T,,7,0700","    0","T,,7,0700","  203",",,7,0700","   17",",,7"," -139",",,7",,,,,,,,," -139",",,7,0700",,,,,,,,,,,,,,
"USC00211840","2019-12-07","47.1687","-92.4629","403.3","COTTON, MN US","    0",",,7,0700","    0",",,7,0700","  178",",,7,0700","  -78",",,7"," -150",",,7",,,,,,,,,"  -83",",,7,0700",,,,,,,,,,,,,,
"USC00211840","2019-12-08","47.1687","-92.4629","403.3","COTTON, MN US","    0",",,7,0700","    0",",,7,0700","  152",",,7,0700","   11",",,7","  -83",",,7",,,,,,,,,"  -11",",,7,0700",,,,,,,,,,,,,,
"USC00211840","2019-12-10","47.1687","-92.4629","403.3","COTTON, MN US",,,"  165",",,7,0700","  279",",,7,0700","  -11",",,7"," -278",",,7","    2",",,7",,,"   97",",,7",,," -250",",,7,0700",,,,,,,,,,,,,,
"USC00211840","2019-12-11","47.1687","-92.4629","403.3","COTTON, MN US","    0",",,7,0700","    0",",,7,0700","  279",",,7,0700"," -211",",,7"," -311",",,7",,,,,,,,," -311",",,7,0700",,,,,,,,,,,,,,
"USC00211840","2019-12-12","47.1687","-92.4629","403.3","COTTON, MN US","   15",",,7,0700","   38",",,7,0700","  279",",,7,0700"," -189",",,7"," -322",",,7",,,,,,,,," -189",",,7,0700",,,,,,,,,,,,,,
"USC00211840","2019-12-13","47.1687","-92.4629","403.3","COTTON, MN US","    5",",,7,0700","   13",",,7,0700","  279",",,7,0700","  -94",",,7"," -189",",,7",,,,,,,,," -111",",,7,0700",,,,,,,,,,,,,,
"USC00211840","2019-12-16","47.1687","-92.4629","403.3","COTTON, MN US",,,"   64",",,7,0700","  305",",,7,0700","  -67",",,7"," -372",",,7","    3",",,7",,,"   30",",,7",,," -133",",,7,0700",,,,,,,,,,,,,,
"USC00211840","2019-12-17","47.1687","-92.4629","403.3","COTTON, MN US","    0","T,,7,0700","    0","T,,7,0700","  305",",,7,0700"," -100",",,7"," -172",",,7",,,,,,,,," -111",",,7,0700",,,,,,,,,,,,,,
"USC00211840","2019-12-19","47.1687","-92.4629","403.3","COTTON, MN US","    0",",,7,0700","    0",",,7,0700","  279",",,7,0700"," -172",",,7"," -367",",,7",,,,,,,,," -233",",,7,0700",,,,,,,,,,,,,,
"USC00211840","2019-12-20","47.1687","-92.4629","403.3","COTTON, MN US","    0",",,7,0700","    0",",,7,0700","  279",",,7,0700","  -72",",,7"," -233",",,7",,,,,,,,,"  -72",",,7,0700",,,,,,,,,,,,,,
"USC00211840","2019-12-21","47.1687","-92.4629","403.3","COTTON, MN US","    0",",,7,0700","    0",",,7,0700","  279",",,7,0700","  -28",",,7","  -94",",,7",,,,,,,,,"  -89",",,7,0700",,,,,,,,,,,,,,
"USC00211840","2019-12-22","47.1687","-92.4629","403.3","COTTON, MN US","    0",",,7,0700","    0",",,7,0700","  254",",,7,0700","   17",",,7"," -128",",,7",,,,,,,,,"  -72",",,7,0700",,,,,,,,,,,,,,
"USC00211840","2019-12-23","47.1687","-92.4629","403.3","COTTON, MN US","    0",",,7,0700","    0",",,7,0700","  229",",,7,0700","   61",",,7","  -94",",,7",,,,,,,,,"  -50",",,7,0700",,,,,,,,,,,,,,
"USC00211840","2019-12-25","47.1687","-92.4629","403.3","COTTON, MN US","    0",",,7,0700","    0",",,7,0700","  254",",,7,0700","   -6",",,7","  -67",",,7",,,,,,,,,"  -22",",,7,0700",,,,,,,,,,,,,,
"USC00211840","2019-12-28","47.1687","-92.4629","403.3","COTTON, MN US",,,"    0",",,7,0700","  229",",,7,0700","    6",",,7"," -128",",,7","    2",",,7",,,"    0","T,,7",,,"  -78",",,7,0700",,,,,,,,,,,,,,
"USC00211840","2019-12-29","47.1687","-92.4629","403.3","COTTON, MN US","  102",",,7,0700","  140",",,7,0700","  381",",,7,0700","   11",",,7","  -78",",,7",,,,,,,,,"   11",",,7,0700",,,,,,,,,,,,,,
"USC00211840","2019-12-30","47.1687","-92.4629","403.3","COTTON, MN US","   25",",,7,0700","    0",",,7,0700","  356",",,7,0700","   17",",,7","  -22",",,7",,,,,,,,,"  -22",",,7,0700",,,,,,,,,,,,,,
"USC00211840","2019-12-31","47.1687","-92.4629","403.3","COTTON, MN US","    5",",,7,0700","    0","T,,7,0700","  356",",,7,0700","  -22",",,7"," -122",",,7",,,,,,,,," -122",",,7,0700",,,,,,,,,,,,,,
"USC00211840","2020-01-01","47.1687","-92.4629","403.3","COTTON, MN US","    0",",,7,0700","    0",",,7,0700","  330",",,7,0700","  -78",",,7"," -228",",,7",,,,,,,,," -144",",,7,0700",,,,,,,,,,,,,,
"USC00211840","2020-01-03","47.1687","-92.4629","403.3","COTTON, MN US",,,"   13",",,7,0700","  330",",,7,0700","  -17",",,7"," -144",",,7","    2",",,7",,,"    8",",,7",,,"  -94",",,7,0700",,,,,,,,,,,,,,
"USC00211840","2020-01-04","47.1687","-92.4629","403.3","COTTON, MN US","    0","T,,7,0700","    0","T,,7,0700","  330",",,7,0700","  -72",",,7"," -100",",,7",,,,,,,,,"  -78",",,7,0700",,,,,,,,,,,,,,
"USC00211840","2020-01-06","47.1687","-92.4629","403.3","COTTON, MN US","    0","T,,7,0700","    0","T,,7,0700","  330",",,7,0700","  -17",",,7"," -156",",,7",,,,,,,,," -156",",,7,0700",,,,,,,,,,,,,,
"USC00211840","2020-01-07","47.1687","-92.4629","403.3","COTTON, MN US","    0",",,7,0700","    0",",,7,0700","  330",",,7,0700","    0",",,7"," -161",",,7",,,,,,,,," -111",",,7,0700",,,,,,,,,,,,,,
"USC00211840","2020-01-08","47.1687","-92.4629","403.3","COTTON, MN US","    0",",,7,0700","    0",",,7,0700","  330",",,7,0700"," -106",",,7"," -333",",,7",,,,,,,,," -328",",,7,0700",,,,,,,,,,,,,,
"USC00211840","2020-01-09","47.1687","-92.4629","403.3","COTTON, MN US","    0","T,,7,0700","    0","T,,7,0700","  330",",,7,0700"," -111",",,7"," -356",",,7",,,,,,,,," -111",",,7,0700",,,,,,,,,,,,,,
"USC00211840","2020-01-10","47.1687","-92.4629","403.3","COTTON, MN US","    3",",,7,0700","   13",",,7,0700","  330",",,7,0700","  -56",",,7"," -172",",,7",,,,,,,,," -172",",,7,0700",,,,,,,,,,,,,,
"USC00211840","2020-01-11","47.1687","-92.4629","403.3","COTTON, MN US","    0",",,7,0700","    0",",,7,0700","  330",",,7,0700"," -161",",,7"," -333",",,7",,,,,,,,," -311",",,7,0700",,,,,,,,,,,,,,
"USC00211840","2020-01-12","47.1687","-92.4629","403.3","COTTON, MN US","    0","T,,7,0700","    0","T,,7,0700","  330",",,7,0700"," -128",",,7"," -339",",,7",,,,,,,,," -167",",,7,0700",,,,,,,,,,,,,,
"USC00211840","2020-01-13","47.1687","-92.4629","403.3","COTTON, MN US","    0",",,7,0700","    0",",,7,0700","  330",",,7,0700","  -94",",,7"," -183",",,7",,,,,,,,," -133",",,7,0700",,,,,,,,,,,,,,
"USC00211840","2020-01-15","47.1687","-92.4629","403.3","COTTON, MN US",,,"   38",",,7,0700","  356",",,7,0700","  -44",",,7"," -189",",,7","    2",",,7",,,"   25",",,7",,," -178",",,7,0700",,,,,,,,,,,,,,
"USC00211840","2020-01-17","47.1687","-92.4629","403.3","COTTON, MN US",,,"   64",",,7,0700","  381",",,7,0700"," -139",",,7"," -361",",,7","    2",",,7",,,"   25",",,7",,," -200",",,7,0700",,,,,,,,,,,,,,
"USC00211840","2020-01-18","47.1687","-92.4629","403.3","COTTON, MN US","  203",",,7,0700","  178",",,7,0700","  533",",,7,0700","  -72",",,7"," -200",",,7",,,,,,,,,"  -78",",,7,0700",,,,,,,,,,,,,,
"USC00211840","2020-01-19","47.1687","-92.4629","403.3","COTTON, MN US","   15",",,7,0700","   38",",,7,0700","  559",",,7,0700","  -61",",,7"," -167",",,7",,,,,,,,," -161",",,7,0700",,,,,,,,,,,,,,
"USC00211840","2020-01-20","47.1687","-92.4629","403.3","COTTON, MN US","    0","T,,7,0700","    0","T,,7,0700","  533",",,7,0700"," -100",",,7"," -256",",,7",,,,,,,,," -256",",,7,0700",,,,,,,,,,,,,,
"USC00211840","2020-01-21","47.1687","-92.4629","403.3","COTTON, MN US","    0",",,7,0700","    0",",,7,0700","  533",",,7,0700","  -94",",,7"," -283",",,7",,,,,,,,," -194",",,7,0700",,,,,,,,,,,,,,
"USC00211840","2020-01-22","47.1687","-92.4629","403.3","COTTON, MN US","    0",",,7,0700","    0",",,7,0700","  533",",,7,0700","  -89",",,7"," -194",",,7",,,,,,,,," -100",",,7,0700",,,,,,,,,,,,,,
"USC00211840","2020-01-23","47.1687","-92.4629","403.3","COTTON, MN US","    5",",,7,0700","   13",",,7,0700","  533",",,7,0700","  -22",",,7"," -100",",,7",,,,,,,,,"  -50",",,7,0700",,,,,,,,,,,,,,
"USC00211840","2020-01-24","47.1687","-92.4629","403.3","COTTON, MN US","   20",",,7,0700","   25",",,7,0700","  533",",,7,0700","  -28",",,7","  -89",",,7",,,,,,,,,"  -83",",,7,0700",,,,,,,,,,,,,,
"USC00211840","2020-01-26","47.1687","-92.4629","403.3","COTTON, MN US","    0","T,,7,0700","    0","T,,7,0700","  533",",,7,0700","  -11",",,7","  -89",",,7",,,,,,,,,"  -56",",,7,0700",,,,,,,,,,,,,,
"USC00211840","2020-01-27","47.1687","-92.4629","403.3","COTTON, MN US","    0","T,,7,0700","    0",",,7,0700","  508",",,7,0700","  -44",",,7","  -83",",,7",,,,,,,,,"  -83",",,7,0700",,,,,,,,,,,,,,
"USC00211840","2020-01-28","47.1687","-92.4629","403.3","COTTON, MN US","    0","T,,7,0700","    0","T,,7,0700","  508",",,7,0700","  -83",",,7"," -139",",,7",,,,,,,,," -133",",,7,0700",,,,,,,,,,,,,,
"USC00211840","2020-01-29","47.1687","-92.4629","403.3","COTTON, MN US","    0",",,7,0700","    0",",,7,0700","  508",",,7,0700","  -78",",,7"," -133",",,7",,,,,,,,,"  -94",",,7,0700",,,,,,,,,,,,,,
"USC00211840","2020-01-30","47.1687","-92.4629","403.3","COTTON, MN US","    0",",,7,0700","    0",",,7,0700","  508",",,7,0700","  -56",",,7"," -106",",,7",,,,,,,,," -100",",,7,0700",,,,,,,,,,,,,,
"USC00211840","2020-01-31","47.1687","-92.4629","403.3","COTTON, MN US","    0",",,7,0700","    0",",,7,0700","  508",",,7,0700","  -56",",,7"," -106",",,7",,,,,,,,,"  -83",",,7,0700",,,,,,,,,,,,,,
"USC00211840","2020-02-01","47.1687","-92.4629","403.3","COTTON, MN US","    0",",,7,0700","    0",",,7,0700","  508",",,7,0700","  -11",",,7","  -83",",,7",,,,,,,,,"  -56",",,7,0700",,,,,,,,,,,,,,
"USC00211840","2020-02-02","47.1687","-92.4629","403.3","COTTON, MN US","    0","T,,7,0700","    0","T,,7,0700","  508",",,7,0700","   11",",,7","  -78",",,7",,,,,,,,,"    0",",,7,0700",,,,,,,,,,,,,,
"USC00211840","2020-02-03","47.1687","-92.4629","403.3","COTTON, MN US","    0",",,7,0700","    0",",,7,0700","  457",",,7,0700","   33",",,7","  -67",",,7",,,,,,,,,"  -61",",,7,0700",,,,,,,,,,,,,,
"USC00211840","2020-02-04","47.1687","-92.4629","403.3","COTTON, MN US","    0",",,7,0700","    0",",,7,0700","  457",",,7,0700","  -61",",,7"," -278",",,7",,,,,,,,," -278",",,7,0700",,,,,,,,,,,,,,
"USC00211840","2020-02-05","47.1687","-92.4629","403.3","COTTON, MN US","    0",",,7,0700","    0",",,7,0700","  457",",,7,0700","  -61",",,7"," -306",",,7",,,,,,,,," -189",",,7,0700",,,,,,,,,,,,,,
"USC00211840","2020-02-06","47.1687","-92.4629","403.3","COTTON, MN US","    0",",,7,0700","    0",",,7,0700","  457",",,7,0700","  -17",",,7"," -261",",,7",,,,,,,,," -256",",,7,0700",,,,,,,,,,,,,,
"USC00211840","2020-02-07","47.1687","-92.4629","403.3","COTTON, MN US","    0","T,,7,0700","   13",",,7,0700","  457",",,7,0700","  -22",",,7"," -256",",,7",,,,,,,,," -161",",,7,0700",,,,,,,,,,,,,,
"USC00211840","2020-02-08","47.1687","-92.4629","403.3","COTTON, MN US","    5",",,7,0700","   25",",,7,0700","  457",",,7,0700"," -128",",,7"," -289",",,7",,,,,,,,," -283",",,7,0700",,,,,,,,,,,,,,
"USC00211840","2020-02-10","47.1687","-92.4629","403.3","COTTON, MN US","    0",",,7,0700","    0",",,7,0700","  457",",,7,0700","  -83",",,7"," -289",",,7",,,,,,,,," -139",",,7,0700",,,,,,,,,,,,,,
"USC00211840","2020-02-12","47.1687","-92.4629","403.3","COTTON, MN US","    0","T,,7,0700","    0","T,,7,0700","  432",",,7,0700","  -33",",,7"," -117",",,7",,,,,,,,,"  -67",",,7,0700",,,,,,,,,,,,,,
"USC00211840","2020-02-13","47.1687","-92.4629","403.3","COTTON, MN US","    0",",,7,0700","    0",",,7,0700","  432",",,7,0700","  -61",",,7"," -361",",,7",,,,,,,,," -356",",,7,0700",,,,,,,,,,,,,,
"USC00211840","2020-02-14","47.1687","-92.4629","403.3","COTTON, MN US","    0",",,7,0700","    0",",,7,0700","  432",",,7,0700"," -211",",,7"," -394",",,7",,,,,,,,," -372",",,7,0700",,,,,,,,,,,,,,
"USC00211840","2020-02-15","47.1687","-92.4629","403.3","COTTON, MN US","    0","T,,7,0700","    0","T,,7,0700","  432",",,7,0700","  -94",",,7"," -372",",,7",,,,,,,,," -128",",,7,0700",,,,,,,,,,,,,,
"USC00211840","2020-02-16","47.1687","-92.4629","403.3","COTTON, MN US","    0",",,7,0700","    0",",,7,0700","  432",",,7,0700","  -28",",,7"," -294",",,7",,,,,,,,," -289",",,7,0700",,,,,,,,,,,,,,
"USC00211840","2020-02-20","47.1687","-92.4629","403.3","COTTON, MN US",,,"   51",",,7,0700","  457",",,7,0700","  -44",",,7"," -389",",,7","    4",",,7",,,"   25",",,7",,," -389",",,7,0700",,,,,,,,,,,,,,
"USC00211840","2020-02-21","47.1687","-92.4629","403.3","COTTON, MN US","    0",",,7,0700","    0",",,7,0700","  457",",,7,0700","  -94",",,7"," -400",",,7",,,,,,,,," -167",",,7,0700",,,,,,,,,,,,,,
"USC00211840","2020-02-22","47.1687","-92.4629","403.3","COTTON, MN US","    0",",,7,0700","    0",",,7,0700","  432",",,7,0700","   28",",,7"," -178",",,7",,,,,,,,," -161",",,7,0700",,,,,,,,,,,,,,
"USC00211840","2020-02-23","47.1687","-92.4629","403.3","COTTON, MN US","    0",",,7,0700","    0",",,7,0700","  381",",,7,0700","   89",",,7"," -161",",,7",,,,,,,,,"  -44",",,7,0700",,,,,,,,,,,,,,
"USC00211840","2020-02-24","47.1687","-92.4629","403.3","COTTON, MN US","    0",",,7,0700","    0",",,7,0700","  356",",,7,0700","   56",",,7"," -139",",,7",,,,,,,,," -139",",,7,0700",,,,,,,,,,,,,,
"USC00211840","2020-03-02","47.1687","-92.4629","403.3","COTTON, MN US",,,"    0",",,7,0700","  305",",,7,0700","   67",",,7"," -344",",S,7","    7",",,7",,,"    0",",,7",,,"  -50",",,7,0700",,,,,,,,,,,,,,
"USC00211840","2020-03-03","47.1687","-92.4629","403.3","COTTON, MN US","    3",",,7,0700","    0","T,,7,0700","  305",",,7,0700","   28",",,7","  -50",",,7",,,,,,,,,"  -22",",,7,0700",,,,,,,,,,,,,,
"USC00211840","2020-03-04","47.1687","-92.4629","403.3","COTTON, MN US","    0",",,7,0700","    0",",,7,0700","  305",",,7,0700","   22",",,7"," -128",",,7",,,,,,,,," -122",",,7,0700",,,,,,,,,,,,,,
"USC00211840","2020-03-05","47.1687","-92.4629","403.3","COTTON, MN US","    0","T,,7,0700","    0","T,,7,0700","  305",",,7,0700","   22",",,7"," -128",",,7",,,,,,,,,"  -17",",,7,0700",,,,,,,,,,,,,,
"USC00211840","2020-03-06","47.1687","-92.4629","403.3","COTTON, MN US","   15",",,7,0700","   64",",,7,0700","  330",",,7,0700","  -11",",,7"," -239",",,7",,,,,,,,," -239",",,7,0700",,,,,,,,,,,,,,
"USC00211840","2020-03-07","47.1687","-92.4629","403.3","COTTON, MN US","    0",",,7,0700","    0",",,7,0700","  330",",,7,0700","    6",",,7"," -250",",,7",,,,,,,,,"    0",",,7,0700",,,,,,,,,,,,,,
"USC00211840","2020-03-08","47.1687","-92.4629","403.3","COTTON, MN US","    0",",,7,0700","    0",",,7,0700","  305",",,7,0700","   83",",,7","    0",",,7",,,,,,,,,"   67",",,7,0700",,,,,,,,,,,,,,
"USC00211840","2020-03-09","47.1687","-92.4629","403.3","COTTON, MN US","    0",",,7,0700","    0",",,7,0700","  279",",,7,0700","  117",",,7","  -50",",,7",,,,,,,,,"  -50",",,7,0700",,,,,,,,,,,,,,
"USC00211840","2020-03-10","47.1687","-92.4629","403.3","COTTON, MN US","    0",",,7,0700","    0",",,7,0700","  279",",,7,0700","   11",",,7"," -117",",,7",,,,,,,,," -111",",,7,0700",,,,,,,,,,,,,,
"USC00211840","2020-03-11","47.1687","-92.4629","403.3","COTTON, MN US","    0",",,7,0700","    0",",,7,0700","  279",",,7,0700","   39",",,7"," -122",",,7",,,,,,,,," -117",",,7,0700",,,,,,,,,,,,,,
"USC00211840","2020-03-12","47.1687","-92.4629","403.3","COTTON, MN US","    0",",,7,0700","    0",",,7,0700","  279",",,7,0700","   50",",,7"," -117",",,7",,,,,,,,,"   17",",,7,0700",,,,,,,,,,,,,,
"USC00211840","2020-03-13","47.1687","-92.4629","403.3","COTTON, MN US","   15",",,7,0700","    0","T,,7,0700","  254",",,7,0700","   39",",,7","  -67",",,7",,,,,,,,,"  -67",",,7,0700",,,,,,,,,,,,,,
"USC00211840","2020-03-14","47.1687","-92.4629","403.3","COTTON, MN US","    0",",,7,0700","    0",",,7,0700","  254",",,7,0700","  -39",",,7"," -133",",,7",,,,,,,,," -128",",,7,0700",,,,,,,,,,,,,,
"USC00211840","2020-03-15","47.1687","-92.4629","403.3","COTTON, MN US","    0",",,7,0700","    0",",,7,0700","  254",",,7,0700","  -17",",,7"," -172",",,7",,,,,,,,," -150",",,7,0700",,,,,,,,,,,,,,
"USC00211840","2020-03-17","47.1687","-92.4629","403.3","COTTON, MN US",,,"   51",",,7,0700","  279",",,7,0700","    6",",,7"," -144",",,7","    2",",,7",,,"   20",",,7",,," -122",",,7,0700",,,,,,,,,,,,,,
"USC00211840","2020-03-18","47.1687","-92.4629","403.3","COTTON, MN US","    0",",,7,0700","    0",",,7,0700","  279",",,7,0700","   22",",,7"," -128",",,7",,,,,,,,,"  -17",",,7,0700",,,,,,,,,,,,,,
"USC00211840","2020-03-20","47.1687","-92.4629","403.3","COTTON, MN US",,,"   64",",,7,0700","  305",",,7,0700","   22",",,7"," -111",",,7","    2",",,7",,,"   61",",,7",,," -111",",,7,0700",,,,,,,,,,,,,,
"USC00211840","2020-03-21","47.1687","-92.4629","403.3","COTTON, MN US","    0",",,7,0700","    0",",,7,0700","  279",",,7,0700","  -44",",,7"," -256",",,7",,,,,,,,," -222",",,7,0700",,,,,,,,,,,,,,
"USC00211840","2020-03-22","47.1687","-92.4629","403.3","COTTON, MN US","   10",",,7,0700","   25",",,7,0700","  279",",,7,0700","  -11",",,7"," -228",",,7",,,,,,,,,"  -33",",,7,0700",,,,,,,,,,,,,,
"USC00211840","2020-03-23","47.1687","-92.4629","403.3","COTTON, MN US","   10",",,7,0700","   25",",,7,0700","  279",",,7,0700","   11",",,7","  -33",",,7",,,,,,,,,"   -6",",,7,0700",,,,,,,,,,,,,,
"USC00211840","2020-03-24","47.1687","-92.4629","403.3","COTTON, MN US","    0",",,7,0700","    0",",,7,0700","  279",",,7,0700","   67",",,7","  -78",",,7",,,,,,,,,"  -78",",,7,0700",,,,,,,,,,,,,,
"USC00211840","2020-03-26","47.1687","-92.4629","403.3","COTTON, MN US",,,"    0",",,7,0700","  229",",,7,0700","   72",",,7","  -89",",,7","    2",",,7",,,"   15",",,7",,,"  -22",",,7,0700",,,,,,,,,,,,,,
"USC00211840","2020-03-27","47.1687","-92.4629","403.3","COTTON, MN US","    0",",,7,0700","    0",",,7,0700","  203",",,7,0700","   67",",,7"," -100",",,7",,,,,,,,,"  -94",",,7,0700",,,,,,,,,,,,,,
"USC00211840","2020-03-28","47.1687","-92.4629","403.3","COTTON, MN US","    0",",,7,0700","    0",",,7,0700","  127",",,7,0700","  100",",,7"," -100",",,7",,,,,,,,,"  -33",",,7,0700",,,,,,,,,,,,,,
"USC00211840","2020-03-30","47.1687","-92.4629","403.3","COTTON, MN US",,,"  140",",,7,0700","  279",",,7,0700","  100",",,7"," -100",",,7","    2",",,7",,,"  188",",,7",,,"  -67",",,7,0700",,,,,,,,,,,,,,
"USC00211840","2020-03-31","47.1687","-92.4629","403.3","COTTON, MN US","    0",",,7,0700","    0",",,7,0700","  203",",,7,0700","  106",",,7","  -94",",,7",,,,,,,,,"  -39",",,7,0700",,,,,,,,,,,,,,
"USC00211840","2020-04-01","47.1687","-92.4629","403.3","COTTON, MN US","    0",",,H,0700","    0",",,H,0700","  152",",,H,0700","   72",",,H","  -83",",,H",,,,,,,,,"  -56",",,H,0700",,,,,,,,,,,,,,
"USC00211840","2020-04-02","47.1687","-92.4629","403.3","COTTON, MN US","    5",",,H,0700","    0",",,H,0700","   76",",,H,0700","   72",",,H","  -56",",,H",,,,,,,,,"   22",",,H,0700",,,,,,,,,,,,,,
"USC00211840","2020-04-03","47.1687","-92.4629","403.3","COTTON, MN US","   30",",,H,0700","    0",",,H,0700","   25",",,H,0700","  117",",,H","   22",",,H",,,,,,,,,"   56",",,H,0700",,,,,,,,,,,,,,
"USC00211840","2020-04-04","47.1687","-92.4629","403.3","COTTON, MN US","   25",",,H,0700","   51",",,H,0700","   51",",,H,0700","   56",",,H"," -139",",,H",,,,,,,,,"  -78",",,H,0700",,,,,,,,,,,,,,
"USC00211840","2020-04-05","47.1687","-92.4629","403.3","COTTON, MN US","    0",",,H,0700","    0",",,H,0700","    0",",,H,0700","   44",",,H","  -94",",,H",,,,,,,,,"  -44",",,H,0700",,,,,,,,,,,,,,
"USC00211840","2020-04-06","47.1687","-92.4629","403.3","COTTON, MN US","    0",",,H,0700","    0",",,H,0700","    0",",,H,0700","  106",",,H","  -44",",,H",,,,,,,,,"   28",",,H,0700",,,,,,,,,,,,,,
"USC00211840","2020-04-07","47.1687","-92.4629","403.3","COTTON, MN US","   25",",,H,0700",,,"    0",",,H,0700","  122",",,H","   28",",,H",,,,,,,,,"   50",",,H,0700",,,,,,,,,,,,,,
"USC00211840","2020-04-08","47.1687","-92.4629","403.3","COTTON, MN US","   51",",,H,0700","    0",",,H,0700","    0",",,H,0700","  156",",,H","  -33",",,H",,,,,,,,,"  -28",",,H,0700",,,,,,,,,,,,,,
"USC00211840","2020-04-09","47.1687","-92.4629","403.3","COTTON, MN US","   30",",,H,0700","   51",",,H,0700","   51",",,H,0700","   89",",,H","  -33",",,H",,,,,,,,,"  -33",",,H,0700",,,,,,,,,,,,,,
"USC00211840","2020-04-10","47.1687","-92.4629","403.3","COTTON, MN US","   10",",,H,0700","   13",",,H,0700","    0",",,H,0700","   11",",,H","  -83",",,H",,,,,,,,,"  -83",",,H,0700",,,,,,,,,,,,,,
"USC00211840","2020-04-11","47.1687","-92.4629","403.3","COTTON, MN US","    0",",,H,0700","    0",",,H,0700","    0",",,H,0700","   72",",,H","  -89",",,H",,,,,,,,,"  -22",",,H,0700",,,,,,,,,,,,,,
"USC00211840","2020-04-12","47.1687","-92.4629","403.3","COTTON, MN US","    0",",,H,0700","    0",",,H,0700","    0",",,H,0700","   83",",,H","  -28",",,H",,,,,,,,,"  -17",",,H,0700",,,,,,,,,,,,,,
"USC00211840","2020-04-13","47.1687","-92.4629","403.3","COTTON, MN US","    0",",,H,0700","    0",",,H,0700","    0",",,H,0700","   11",",,H","  -89",",,H",,,,,,,,,"  -89",",,H,0700",,,,,,,,,,,,,,
"USC00211840","2020-04-14","47.1687","-92.4629","403.3","COTTON, MN US","    0",",,H,0700","    0",",,H,0700","    0",",,H,0700","  -17",",,H"," -128",",,H",,,,,,,,," -128",",,H,0700",,,,,,,,,,,,,,
"USC00211840","2020-04-15","47.1687","-92.4629","403.3","COTTON, MN US","    0",",,H,0700","    0",",,H,0700","    0",",,H,0700","  -33",",,H"," -156",",,H",,,,,,,,," -150",",,H,0700",,,,,,,,,,,,,,
"USC00211840","2020-04-16","47.1687","-92.4629","403.3","COTTON, MN US","    0",",,H,0700","    0",",,H,0700","    0",",,H,0700","    6",",,H"," -150",",,H",,,,,,,,,"  -83",",,H,0700",,,,,,,,,,,,,,
"USC00211840","2020-04-17","47.1687","-92.4629","403.3","COTTON, MN US","    0",",,H,0700","    0",",,H,0700",,,"   44",",,H"," -106",",,H",,,,,,,,,"  -72",",,H,0700",,,,,,,,,,,,,,
"USC00211840","2020-04-18","47.1687","-92.4629","403.3","COTTON, MN US","    0",",,H,0700","    0",",,H,0700","    0",",,H,0700","   72",",,H","  -72",",,H",,,,,,,,,"   61",",,H,0700",,,,,,,,,,,,,,
"USC00211840","2020-04-19","47.1687","-92.4629","403.3","COTTON, MN US","    0",",,H,0700","    0",",,H,0700","    0",",,H,0700","  117",",,H","  -56",",,H",,,,,,,,,"  -50",",,H,0700",,,,,,,,,,,,,,
"USC00211840","2020-04-20","47.1687","-92.4629","403.3","COTTON, MN US","    0",",,H,0700","    0",",,H,0700","    0",",,H,0700","   61",",,H","  -50",",,H",,,,,,,,,"   44",",,H,0700",,,,,,,,,,,,,,
"USC00211840","2020-04-21","47.1687","-92.4629","403.3","COTTON, MN US","    0",",,H,0700","    0",",,H,0700","    0",",,H,0700","   78",",,H","  -89",",,H",,,,,,,,,"  -89",",,H,0700",,,,,,,,,,,,,,
"USC00211840","2020-04-22","47.1687","-92.4629","403.3","COTTON, MN US","    0",",,H,0700","    0",",,H,0700","    0",",,H,0700","   50",",,H","  -94",",,H",,,,,,,,,"   -6",",,H,0700",,,,,,,,,,,,,,
"USC00211840","2020-04-23","47.1687","-92.4629","403.3","COTTON, MN US","    0",",,H,0700","    0",",,H,0700","    0",",,H,0700","   72",",,H","  -44",",,H",,,,,,,,,"  -28",",,H,0700",,,,,,,,,,,,,,
"USC00211840","2020-04-24","47.1687","-92.4629","403.3","COTTON, MN US","    0",",,H,0700","    0",",,H,0700","    0",",,H,0700","  111",",,H","  -50",",,H",,,,,,,,,"  -39",",,H,0700",,,,,,,,,,,,,,
"USC00211840","2020-04-25","47.1687","-92.4629","403.3","COTTON, MN US","    0",",,H,0700","    0",",,H,0700","    0",",,H,0700","  178",",,H","  -44",",,H",,,,,,,,,"  -33",",,H,0700",,,,,,,,,,,,,,
"USC00211840","2020-04-26","47.1687","-92.4629","403.3","COTTON, MN US","    0",",,H,0700","    0",",,H,0700","    0",",,H,0700","  172",",,H","  -39",",,H",,,,,,,,,"   56",",,H,0700",,,,,,,,,,,,,,
"USC00211840","2020-04-27","47.1687","-92.4629","403.3","COTTON, MN US","   81",",,H,0700","    0",",,H,0700","    0",",,H,0700","  133",",,H","   28",",,H",,,,,,,,,"   61",",,H,0700",,,,,,,,,,,,,,
"USC00211840","2020-04-29","47.1687","-92.4629","403.3","COTTON, MN US",,,,,"    0",",,H,0700","  189",",,H","   -6",",,H",,,,,,,,,"   44",",,H,0700",,,,,,,,,,,,,,
"USC00211840","2020-04-30","47.1687","-92.4629","403.3","COTTON, MN US","   76",",,H,0700","    0",",,H,0700","    0",",,H,0700","  189",",,H","  -28",",,H",,,,,,,,,"  150",",,H,0700",,,,,,,,,,,,,,
"USC00211840","2020-05-03","47.1687","-92.4629","403.3","COTTON, MN US","    0",",,H,0700","    0",",,H,0700","    0",",,H,0700","  189",",,H","   17",",,H",,,,,,,,,"   17",",,H,0700",,,,,,,,,,,,,,
"USC00211840","2020-05-04","47.1687","-92.4629","403.3","COTTON, MN US","    0",",,H,0700","    0",",,H,0700","    0",",,H,0700","   83",",,H","  -50",",,H",,,,,,,,,"   -6",",,H,0700",,,,,,,,,,,,,,
"USC00211840","2020-05-05","47.1687","-92.4629","403.3","COTTON, MN US","    0",",,H,0700","    0",",,H,0700","    0",",,H,0700","   83",",,H","   -6",",,H",,,,,,,,,"   11",",,H,0700",,,,,,,,,,,,,,
"USC00211840","2020-05-06","47.1687","-92.4629","403.3","COTTON, MN US","    0",",,H,0700","    0",",,H,0700","    0",",,H,0700","  144",",,H","  -33",",,H",,,,,,,,,"  -22",",,H,0700",,,,,,,,,,,,,,
"USC00211840","2020-05-07","47.1687","-92.4629","403.3","COTTON, MN US","    0",",,H,0700","    0",",,H,0700","    0",",,H,0700","  167",",,H","  -33",",,H",,,,,,,,,"  -17",",,H,0700",,,,,,,,,,,,,,
"USC00211840","2020-05-08","47.1687","-92.4629","403.3","COTTON, MN US","    0",",,H,0700","    0",",,H,0700","    0",",,H,0700","  100",",,H","  -61",",,H",,,,,,,,,"  -50",",,H,0700",,,,,,,,,,,,,,
"USC00211840","2020-05-11","47.1687","-92.4629","403.3","COTTON, MN US",,,,,"    0",",,H,0700","   89",",,H","  -83",",,H",,,,,,,,,"  -78",",,H,0700",,,,,,,,,,,,,,
"USC00211840","2020-05-12","47.1687","-92.4629","403.3","COTTON, MN US","    0",",,H,0700","    0",",,H,0700","    0",",,H,0700","   89",",,H","  -78",",,H",,,,,,,,,"  -78",",,H,0700",,,,,,,,,,,,,,
"USC00211840","2020-05-13","47.1687","-92.4629","403.3","COTTON, MN US","    0",",,H,0700","    0",",,H,0700","    0",",,H,0700","  122",",,H","  -78",",,H",,,,,,,,,"   39",",,H,0700",,,,,,,,,,,,,,
"USC00211840","2020-05-14","47.1687","-92.4629","403.3","COTTON, MN US","   30",",,H,0700","    0",",,H,0700","    0",",,H,0700","  117",",,H","   39",",,H",,,,,,,,,"   72",",,H,0700",,,,,,,,,,,,,,
"USC00211840","2020-05-15","47.1687","-92.4629","403.3","COTTON, MN US","    0",",,H,0700","    0",",,H,0700","    0",",,H,0700","  183",",,H","   67",",,H",,,,,,,,,"   83",",,H,0700",,,,,,,,,,,,,,
"USC00211840","2020-05-16","47.1687","-92.4629","403.3","COTTON, MN US","    0",",,H,0700","    0",",,H,0700","    0",",,H,0700","  161",",,H","    0",",,H",,,,,,,,,"   61",",,H,0700",,,,,,,,,,,,,,
"USC00211840","2020-05-17","47.1687","-92.4629","403.3","COTTON, MN US","    0",",,H,0700","    0",",,H,0700","    0",",,H,0700","  167",",,H","   56",",,H",,,,,,,,,"   72",",,H,0700",,,,,,,,,,,,,,
"USC00211840","2020-05-18","47.1687","-92.4629","403.3","COTTON, MN US","    0",",,H,0700","    0",",,H,0700","    0",",,H,0700","  194",",,H","   17",",,H",,,,,,,,,"   67",",,H,0700",,,,,,,,,,,,,,
"USC00211840","2020-05-19","47.1687","-92.4629","403.3","COTTON, MN US","    0",",,H,0700","    0",",,H,0700","    0",",,H,0700","  200",",,H","   11",",,H",,,,,,,,,"   72",",,H,0700",,,,,,,,,,,,,,
"USC00211840","2020-05-20","47.1687","-92.4629","403.3","COTTON, MN US","    0",",,H,0700","    0",",,H,0700","    0",",,H,0700","  211",",,H","   72",",,H",,,,,,,,,"  106",",,H,0700",,,,,,,,,,,,,,
"USC00211840","2020-05-21","47.1687","-92.4629","403.3","COTTON, MN US","    0",",,H,0700","    0",",,H,0700","    0",",,H,0700","  250",",,H","  106",",,H",,,,,,,,,"  128",",,H,0700",,,,,,,,,,,,,,
"USC00211840","2020-05-22","47.1687","-92.4629","403.3","COTTON, MN US","    0",",,H,0700","    0",",,H,0700","    0",",,H,0700","  244",",,H","  122",",,H",,,,,,,,,"  133",",,H,0700",,,,,,,,,,,,,,
"USC00211840","2020-05-23","47.1687","-92.4629","403.3","COTTON, MN US","    0",",,H,0700","    0",",,H,0700","    0",",,H,0700","  183",",,H","  133",",,H",,,,,,,,,"  144",",,H,0700",,,,,,,,,,,,,,
"USC00211840","2020-05-24","47.1687","-92.4629","403.3","COTTON, MN US","    3",",,H,0700","    0",",,H,0700","    0",",,H,0700","  217",",,H","  122",",,H",,,,,,,,,"  194",",,H,0700",,,,,,,,,,,,,,
"USC00211840","2020-05-25","47.1687","-92.4629","403.3","COTTON, MN US","    0",",,H,0700","    0",",,H,0700","    0",",,H,0700","  239",",,H","  122",",,H",,,,,,,,,"  139",",,H,0700",,,,,,,,,,,,,,
"USC00211840","2020-05-26","47.1687","-92.4629","403.3","COTTON, MN US","   20",",,H,0700","    0",",,H,0700","    0",",,H,0700","  250",",,H","  139",",,H",,,,,,,,,"  150",",,H,0700",,,,,,,,,,,,,,
"USC00211840","2020-05-27","47.1687","-92.4629","403.3","COTTON, MN US","  132",",,H,0700","    0",",,H,0700","    0",",,H,0700","  239",",,H","  150",",,H",,,,,,,,,"  150",",,H,0700",,,,,,,,,,,,,,
"USC00211840","2020-05-28","47.1687","-92.4629","403.3","COTTON, MN US","    0",",,H,0700","    0",",,H,0700","    0",",,H,0700","  267",",,H","  111",",,H",,,,,,,,,"  144",",,H,0700",,,,,,,,,,,,,,
"USC00211840","2020-05-29","47.1687","-92.4629","403.3","COTTON, MN US","    0",",,H,0700","    0",",,H,0700","    0",",,H,0700","  228",",,H","   83",",,H",,,,,,,,,"   83",",,H,0700",,,,,,,,,,,,,,
"USC00211840","2020-05-30","47.1687","-92.4629","403.3","COTTON, MN US","    0",",,H,0700","    0",",,H,0700","    0",",,H,0700","  150",",,H","   11",",,H",,,,,,,,,"   28",",,H,0700",,,,,,,,,,,,,,
"USC00211840","2020-05-31","47.1687","-92.4629","403.3","COTTON, MN US","    0",",,H,0700","    0",",,H,0700","    0",",,H,0700","  156",",,H","  -11",",,H",,,,,,,,,"   56",",,H,0700",,,,,,,,,,,,,,
"USC00211840","2020-06-01","47.1687","-92.4629","403.3","COTTON, MN US","    0",",,H,0700",,,,,"  217",",,H","   56",",,H",,,,,,,,,"  150",",,H,0700",,,,,,,,,,,,,,
"USC00211840","2020-06-03","47.1687","-92.4629","403.3","COTTON, MN US","    0",",,H,0700","    0",",,H,0700","    0",",,H,0700","  272",",,H","   89",",,H",,,,,,,,,"  133",",,H,0700",,,,,,,,,,,,,,
"USC00211840","2020-06-04","47.1687","-92.4629","403.3","COTTON, MN US","   15",",,H,0700",,,,,"  239",",,H","   83",",,H",,,,,,,,,"  133",",,H,0700",,,,,,,,,,,,,,
