"STATION","DATE","LATITUDE","LONGITUDE","ELEVATION","NAME","PRCP","PRCP_ATTRIBUTES","SNOW","SNOW_ATTRIBUTES","SNWD","SNWD_ATTRIBUTES","TMAX","TMAX_ATTRIBUTES","TMIN","TMIN_ATTRIBUTES","DAPR","DAPR_ATTRIBUTES","DASF","DASF_ATTRIBUTES","MDPR","MDPR_ATTRIBUTES","MDSF","MDSF_ATTRIBUTES","TOBS","TOBS_ATTRIBUTES","WT01","WT01_ATTRIBUTES","WT03","WT03_ATTRIBUTES","WT04","WT04_ATTRIBUTES","WT05","WT05_ATTRIBUTES","WT06","WT06_ATTRIBUTES","WT08","WT08_ATTRIBUTES","WT11","WT11_ATTRIBUTES","WT14","WT14_ATTRIBUTES","WT16","WT16_ATTRIBUTES","WT18","WT18_ATTRIBUTES"
"USC00238444","2018-06-30","40.0824","-93.6086","255.1","TRENTON, MO US","    0",",,7,0700","    0",",,7","    0",",,7","  367",",,7","  244",",,7",,,,,,,,,"  250",",,7,0700",,,,,,,,,,,,,,,,,,,,
"USC00238444","2018-07-01","40.0824","-93.6086","255.1","TRENTON, MO US","   18",",,7,0700","    0",",,7","    0",",,7","  367",",,7","  222",",,7",,,,,,,,,"  228",",,7,0700",,,,,,,,,,,,,,,,,,,,
"USC00238444","2018-07-02","40.0824","-93.6086","255.1","TRENTON, MO US","    0",",,7,0700","    0",",,7","    0",",,7","  300",",,7","  172",",,7",,,,,,,,,"  239",",,7,0700",,,,,,,,,,,,,,,,,,,,
"USC00238444","2018-07-03","40.0824","-93.6086","255.1","TRENTON, MO US","    0",",,7,0700","    0",",,7","    0",",,7","  322",",,7","  211",",,7",,,,,,,,,"  239",",,7,0700",,,,,,,,,,,,,,,,,,,,
"USC00238444","2018-07-04","40.0824","-93.6086","255.1","TRENTON, MO US","    0",",,7,0700","    0",",,7","    0",",,7","  372",",,7","  239",",,7",,,,,,,,,"  272",",,7,0700",,,,,,,,,,,,,,,,,,,,
"USC00238444","2018-07-05","40.0824","-93.6086","255.1","TRENTON, MO US","   38",",,7,0700","    0",",,7","    0",",,7","  361",",,7","  233",",,7",,,,,,,,,"  261",",,7,0700",,,,,,,,,,,,,,,,,,,,
"USC00238444","2018-07-06","40.0824","-93.6086","255.1","TRENTON, MO US","    0",",,7,0700","    0",",,7","    0",",,7","  344",",,7","  217",",,7",,,,,,,,,"  239",",,7,0700",,,,,,,,,,,,,,,,,,,,
"USC00238444","2018-07-07","40.0824","-93.6086","255.1","TRENTON, MO US","    0",",,7,0700","    0",",,7","    0",",,7","  328",",,7","  178",",,7",,,,,,,,,"  211",",,7,0700",,,,,,,,,,,,,,,,,,,,
"USC00238444","2018-07-08","40.0824","-93.6086","255.1","TRENTON, MO US","    0",",,7,0700","    0",",,7","    0",",,7","  311",",,7","  161",",,7",,,,,,,,,"  211",",,7,0700",,,,,,,,,,,,,,,,,,,,
"USC00238444","2018-07-09","40.0824","-93.6086","255.1","TRENTON, MO US","    0",",,7,0700","    0",",,7","    0",",,7","  333",",,7","  183",",,7",,,,,,,,,"  233",",,7,0700",,,,,,,,,,,,,,,,,,,,
"USC00238444","2018-07-10","40.0824","-93.6086","255.1","TRENTON, MO US","    0",",,7,0700","    0",",,7","    0",",,7","  367",",,7","  206",",,7",,,,,,,,,"  250",",,7,0700",,,,,,,,,,,,,,,,,,,,
"USC00238444","2018-07-11","40.0824","-93.6086","255.1","TRENTON, MO US","    0",",,7,0700","    0",",,7","    0",",,7","  367",",,7","  228",",,7",,,,,,,,,"  261",",,7,0700",,,,,,,,,,,,,,,,,,,,
"USC00238444","2018-07-12","40.0824","-93.6086","255.1","TRENTON, MO US","    0",",,7,0700","    0",",,7","    0",",,7","  378",",,7","  222",",,7",,,,,,,,,"  267",",,7,0700",,,,,,,,,,,,,,,,,,,,
"USC00238444","2018-07-13","40.0824","-93.6086","255.1","TRENTON, MO US","    0",",,7,0700","    0",",,7","    0",",,7","  394",",,7","  239",",,7",,,,,,,,,"  278",",,7,0700",,,,,,,,,,,,,,,,,,,,
"USC00238444","2018-07-14","40.0824","-93.6086","255.1","TRENTON, MO US","  135",",,7,0700","    0",",,7","    0",",,7","  378",",,7","  217",",,7",,,,,,,,,"  233",",,7,0700",,,,,,,,,,,,,,,,,,,,
"USC00238444","2018-07-15","40.0824","-93.6086","255.1","TRENTON, MO US","    0",",,7,0700","    0",",,7","    0",",,7","  322",",,7","  211",",,7",,,,,,,,,"  233",",,7,0700",,,,,,,,,,,,,,,,,,,,
"USC00238444","2018-07-16","40.0824","-93.6086","255.1","TRENTON, MO US","    0",",,7,0700","    0",",,7","    0",",,7","  344",",,7","  211",",,7",,,,,,,,,"  233",",,7,0700",,,,,,,,,,,,,,,,,,,,
"USC00238444","2018-07-17","40.0824","-93.6086","255.1","TRENTON, MO US","    0",",,7,0700","    0",",,7","    0",",,7","  339",",,7","  194",",,7",,,,,,,,,"  228",",,7,0700",,,,,,,,,,,,,,,,,,,,
"USC00238444","2018-07-18","40.0824","-93.6086","255.1","TRENTON, MO US","    0","T,,7,0700","    0",",,7","    0",",,7","  300",",,7","  211",",,7",,,,,,,,,"  239",",,7,0700",,,,,,,,,,,,,,,,,,,,
"USC00238444","2018-07-19","40.0824","-93.6086","255.1","TRENTON, MO US","   64",",,7,0700","    0",",,7","    0",",,7","  283",",,7","  217",",,7",,,,,,,,,"  217",",,7,0700",,,,,,,,,,,,,,,,,,,,
"USC00238444","2018-07-20","40.0824","-93.6086","255.1","TRENTON, MO US",,,"    0",",,7","    0",",,7","  339",",,7","  217",",,7",,,,,,,,,"  239",",,7,0700",,,,,,,,,,,,,,,,,,,,
"USC00238444","2018-07-21","40.0824","-93.6086","255.1","TRENTON, MO US","    0",",,7,0700","    0",",,7","    0",",,7","  333",",,7","  194",",,7",,,,,,,,,"  211",",,7,0700",,,,,,,,,,,,,,,,,,,,
"USC00238444","2018-07-22","40.0824","-93.6086","255.1","TRENTON, MO US","    0",",,7,0700","    0",",,7","    0",",,7","  317",",,7","  178",",,7",,,,,,,,,"  211",",,7,0700",,,,,,,,,,,,,,,,,,,,
"USC00238444","2018-07-23","40.0824","-93.6086","255.1","TRENTON, MO US","    0",",,7,0700","    0",",,7","    0",",,7","  306",",,7","  172",",,7",,,,,,,,,"  206",",,7,0700",,,,,,,,,,,,,,,,,,,,
"USC00238444","2018-07-24","40.0824","-93.6086","255.1","TRENTON, MO US","    0",",,7,0700","    0",",,7","    0",",,7","  311",",,7","  200",",,7",,,,,,,,,"  217",",,7,0700",,,,,,,,,,,,,,,,,,,,
"USC00238444","2018-07-25","40.0824","-93.6086","255.1","TRENTON, MO US","    0",",,7,0700","    0",",,7","    0",",,7","  217",",S,7","  156",",,7",,,,,,,,,"  167",",,7,0700",,,,,,,,,,,,,,,,,,,,
"USC00238444","2018-07-26","40.0824","-93.6086","255.1","TRENTON, MO US","    0",",,7,0700","    0",",,7","    0",",,7","  333",",,7","  167",",,7",,,,,,,,,"  206",",,7,0700",,,,,,,,,,,,,,,,,,,,
"USC00238444","2018-07-27","40.0824","-93.6086","255.1","TRENTON, MO US","    0",",,7,0700","    0",",,7","    0",",,7","  333",",,7","  144",",,7",,,,,,,,,"  172",",,7,0700",,,,,,,,,,,,,,,,,,,,
"USC00238444","2018-07-28","40.0824","-93.6086","255.1","TRENTON, MO US","    0",",,7,0700","    0",",,7","    0",",,7","  294",",,7","  172",",,7",,,,,,,,,"  194",",,7,0700",,,,,,,,,,,,,,,,,,,,
"USC00238444","2018-07-29","40.0824","-93.6086","255.1","TRENTON, MO US","   15",",,7,0700","    0",",,7","    0",",,7","  239",",,7","  183",",,7",,,,,,,,,"  194",",,7,0700",,,,,,,,,,,,,,,,,,,,
"USC00238444","2018-07-30","40.0824","-93.6086","255.1","TRENTON, MO US","    0",",,7,0700","    0",",,7","    0",",,7","  250",",,7","  139",",,7",,,,,,,,,"  172",",,7,0700",,,,,,,,,,,,,,,,,,,,
"USC00238444","2018-07-31","40.0824","-93.6086","255.1","TRENTON, MO US","    0",",,7,0700","    0",",,7","    0",",,7","  278",",,7","  144",",,7",,,,,,,,,"  156",",,7,0700",,,,,,,,,,,,,,,,,,,,
"USC00238444","2018-08-01","40.0824","-93.6086","255.1","TRENTON, MO US","    0",",,7,0700","    0",",,7","    0",",,7","  300",",,7","  156",",,7",,,,,,,,,"  183",",,7,0700",,,,,,,,,,,,,,,,,,,,
"USC00238444","2018-08-02","40.0824","-93.6086","255.1","TRENTON, MO US","    0",",,7,0700","    0",",,7","    0",",,7","  328",",,7","  183",",,7",,,,,,,,,"  194",",,7,0700",,,,,,,,,,,,,,,,,,,,
"USC00238444","2018-08-03","40.0824","-93.6086","255.1","TRENTON, MO US","    0",",,7,0700","    0",",,7","    0",",,7","  339",",,7","  183",",,7",,,,,,,,,"  222",",,7,0700",,,,,,,,,,,,,,,,,,,,
"USC00238444","2018-08-04","40.0824","-93.6086","255.1","TRENTON, MO US","    0",",,7,0700","    0",",,7","    0",",,7","  367",",,7","  211",",,7",,,,,,,,,"  228",",,7,0700",,,,,,,,,,,,,,,,,,,,
"USC00238444","2018-08-05","40.0824","-93.6086","255.1","TRENTON, MO US","    0",",,7,0700","    0",",,7","    0",",,7","  339",",,7","  217",",,7",,,,,,,,,"  222",",,7,0700",,,,,,,,,,,,,,,,,,,,
"USC00238444","2018-08-06","40.0824","-93.6086","255.1","TRENTON, MO US","    0",",,7,0700","    0",",,7","    0",",,7","  378",",,7","  217",",,7",,,,,,,,,"  289",",,7,0700",,,,,,,,,,,,,,,,,,,,
"USC00238444","2018-08-07","40.0824","-93.6086","255.1","TRENTON, MO US","  140",",,7,0700","    0",",,7","    0",",,7","  378",",,7","  200",",,7",,,,,,,,,"  211",",,7,0700",,,,,,,,,,,,,,,,,,,,
"USC00238444","2018-08-08","40.0824","-93.6086","255.1","TRENTON, MO US","    0","T,,7,0700","    0",",,7","    0",",,7","  306",",,7","  178",",,7",,,,,,,,,"  189",",,7,0700",,,,,,,,,,,,,,,,,,,,
"USC00238444","2018-08-09","40.0824","-93.6086","255.1","TRENTON, MO US","    0",",,7,0700","    0",",,7","    0",",,7","  328",",,7","  189",",,7",,,,,,,,,"  217",",,7,0700",,,,,,,,,,,,,,,,,,,,
"USC00238444","2018-08-10","40.0824","-93.6086","255.1","TRENTON, MO US","    0",",,7,0700","    0",",,7","    0",",,7","  361",",,7","  211",",,7",,,,,,,,,"  217",",,7,0700",,,,,,,,,,,,,,,,,,,,
"USC00238444","2018-08-11","40.0824","-93.6086","255.1","TRENTON, MO US","    0",",,7,0700","    0",",,7","    0",",,7","  328",",,7","  183",",,7",,,,,,,,,"  183",",,7,0700",,,,,,,,,,,,,,,,,,,,
"USC00238444","2018-08-12","40.0824","-93.6086","255.1","TRENTON, MO US","    0",",,7,0700","    0",",,7","    0",",,7","  333",",,7","  183",",,7",,,,,,,,,"  239",",,7,0700",,,,,,,,,,,,,,,,,,,,
"USC00238444","2018-08-13","40.0824","-93.6086","255.1","TRENTON, MO US","    0",",,7,0700","    0",",,7","    0",",,7","  339",",,7","  200",",,7",,,,,,,,,"  233",",,7,0700",,,,,,,,,,,,,,,,,,,,
"USC00238444","2018-08-14","40.0824","-93.6086","255.1","TRENTON, MO US","    0",",,7,0700","    0",",,7","    0",",,7","  356",",,7","  211",",,7",,,,,,,,,"  222",",,7,0700",,,,,,,,,,,,,,,,,,,,
"USC00238444","2018-08-15","40.0824","-93.6086","255.1","TRENTON, MO US","  483",",,7,0700","    0",",,7","    0",",,7","  239",",,7","  194",",,7",,,,,,,,,"  200",",,7,0700",,,,,,,,,,,,,,,,,,,,
"USC00238444","2018-08-16","40.0824","-93.6086","255.1","TRENTON, MO US","    5",",,7,0700","    0",",,7","    0",",,7","  311",",,7","  200",",,7",,,,,,,,,"  217",",,7,0700",,,,,,,,,,,,,,,,,,,,
"USC00238444","2018-08-17","40.0824","-93.6086","255.1","TRENTON, MO US","    0",",,7,0700","    0",",,7","    0",",,7","  322",",,7","  189",",,7",,,,,,,,,"  217",",,7,0700",,,,,,,,,,,,,,,,,,,,
"USC00238444","2018-08-18","40.0824","-93.6086","255.1","TRENTON, MO US","    0",",,7,0700","    0",",,7","    0",",,7","  300",",,7","  194",",,7",,,,,,,,,"  194",",,7,0700",,,,,,,,,,,,,,,,,,,,
"USC00238444","2018-08-19","40.0824","-93.6086","255.1","TRENTON, MO US","    0",",,7,0700","    0",",,7","    0",",,7","  322",",,7","  194",",,7",,,,,,,,,"  206",",,7,0700",,,,,,,,,,,,,,,,,,,,
"USC00238444","2018-08-20","40.0824","-93.6086","255.1","TRENTON, MO US","  206",",,7,0700","    0",",,7","    0",",,7","  300",",,7","  194",",,7",,,,,,,,,"  206",",,7,0700",,,,,,,,,,,,,,,,,,,,
"USC00238444","2018-08-21","40.0824","-93.6086","255.1","TRENTON, MO US","   13",",,7,0700","    0",",,7","    0",",,7","  250",",,7","  178",",,7",,,,,,,,,"  178",",,7,0700",,,,,,,,,,,,,,,,,,,,
"USC00238444","2018-08-22","40.0824","-93.6086","255.1","TRENTON, MO US","    0",",,7,0700","    0",",,7","    0",",,7","  278",",,7","  144",",,7",,,,,,,,,"  150",",,7,0700",,,,,,,,,,,,,,,,,,,,
"USC00238444","2018-08-23","40.0824","-93.6086","255.1","TRENTON, MO US","    0",",,7,0700","    0",",,7","    0",",,7","  261",",,7","  139",",,7",,,,,,,,,"  189",",,7,0700",,,,,,,,,,,,,,,,,,,,
"USC00238444","2018-08-24","40.0824","-93.6086","255.1","TRENTON, MO US","   89",",,7,0700","    0",",,7","    0",",,7","  222",",,7","  178",",,7",,,,,,,,,"  189",",,7,0700",,,,,,,,,,,,,,,,,,,,
"USC00238444","2018-08-25","40.0824","-93.6086","255.1","TRENTON, MO US","    0",",,7,0700","    0",",,7","    0",",,7","  322",",,7","  189",",,7",,,,,,,,,"  244",",,7,0700",,,,,,,,,,,,,,,,,,,,
"USC00238444","2018-08-26","40.0824","-93.6086","255.1","TRENTON, MO US","    0",",,7,0700","    0",",,7","    0",",,7","  356",",,7","  239",",,7",,,,,,,,,"  261",",,7,0700",,,,,,,,,,,,,,,,,,,,
"USC00238444","2018-08-27","40.0824","-93.6086","255.1","TRENTON, MO US","   38",",,7,0700","    0",",,7","    0",",,7","  344",",,7","  228",",,7",,,,,,,,,"  233",",,7,0700",,,,,,,,,,,,,,,,,,,,
"USC00238444","2018-08-28","40.0824","-93.6086","255.1","TRENTON, MO US","   74",",,7,0700","    0",",,7","    0",",,7","  356",",,7","  228",",,7",,,,,,,,,"  261",",,7,0700",,,,,,,,,,,,,,,,,,,,
"USC00238444","2018-08-29","40.0824","-93.6086","255.1","TRENTON, MO US","  495",",,7,0700","    0",",,7","    0",",,7","  356",",,7","  161",",,7",,,,,,,,,"  172",",,7,0700",,,,,,,,,,,,,,,,,,,,
"USC00238444","2018-08-30","40.0824","-93.6086","255.1","TRENTON, MO US","    0",",,7,0700","    0",",,7","    0",",,7","  256",",,7","  172",",,7",,,,,,,,,"  183",",,7,0700",,,,,,,,,,,,,,,,,,,,
"USC00238444","2018-08-31","40.0824","-93.6086","255.1","TRENTON, MO US","  221",",,7,0700","    0",",,7","    0",",,7","  278",",,7","  183",",,7",,,,,,,,,"  200",",,7,0700",,,,,,,,,,,,,,,,,,,,
"USC00238444","2018-09-01","40.0824","-93.6086","255.1","TRENTON, MO US","   51",",,7,0700","    0",",,7","    0",",,7","  283",",,7","  172",",,7",,,,,,,,,"  233",",,7,0700",,,,,,,,,,,,,,,,,,,,
"USC00238444","2018-09-02","40.0824","-93.6086","255.1","TRENTON, MO US","    0",",,7,0700","    0",",,7","    0",",,7","  339",",,7","  217",",,7",,,,,,,,,"  228",",,7,0700",,,,,,,,,,,,,,,,,,,,
"USC00238444","2018-09-03","40.0824","-93.6086","255.1","TRENTON, MO US","    5",",,7,0700","    0",",,7","    0",",,7","  328",",,7","  217",",,7",,,,,,,,,"  250",",,7,0700",,,,,,,,,,,,,,,,,,,,
"USC00238444","2018-09-04","40.0824","-93.6086","255.1","TRENTON, MO US","    0",",,7,0700","    0",",,7","    0",",,7","  328",",,7","  217",",,7",,,,,,,,,"  244",",,7,0700",,,,,,,,,,,,,,,,,,,,
"USC00238444","2018-09-05","40.0824","-93.6086","255.1","TRENTON, MO US","   56",",,7,0700","    0",",,7","    0",",,7","  322",",,7","  228",",,7",,,,,,,,,"  233",",,7,0700",,,,,,,,,,,,,,,,,,,,
"USC00238444","2018-09-06","40.0824","-93.6086","255.1","TRENTON, MO US","  114",",,7,0700","    0",",,7","    0",",,7","  278",",,7","  200",",,7",,,,,,,,,"  206",",,7,0700",,,,,,,,,,,,,,,,,,,,
"USC00238444","2018-09-07","40.0824","-93.6086","255.1","TRENTON, MO US","    5",",,7,0700","    0",",,7","    0",",,7","  228",",,7","  167",",,7",,,,,,,,,"  167",",,7,0700",,,,,,,,,,,,,,,,,,,,
"USC00238444","2018-09-08","40.0824","-93.6086","255.1","TRENTON, MO US","   76",",,7,0700","    0",",,7","    0",",,7","  183",",,7","  156",",,7",,,,,,,,,"  156",",,7,0700",,,,,,,,,,,,,,,,,,,,
"USC00238444","2018-09-09","40.0824","-93.6086","255.1","TRENTON, MO US","    5",",,7,0700","    0",",,7","    0",",,7","  194",",,7","  117",",,7",,,,,,,,,"  122",",,7,0700",,,,,,,,,,,,,,,,,,,,
"USC00238444","2018-09-10","40.0824","-93.6086","255.1","TRENTON, MO US","    0","T,,7,0700","    0",",,7","    0",",,7","  217",",,7","  106",",,7",,,,,,,,,"  161",",,7,0700",,,,,,,,,,,,,,,,,,,,
"USC00238444","2018-09-11","40.0824","-93.6086","255.1","TRENTON, MO US","    0",",,7,0700","    0",",,7","    0",",,7","  278",",,7","  133",",,7",,,,,,,,,"  178",",,7,0700",,,,,,,,,,,,,,,,,,,,
"USC00238444","2018-09-12","40.0824","-93.6086","255.1","TRENTON, MO US","    0",",,7,0700","    0",",,7","    0",",,7","  294",",,7","  156",",,7",,,,,,,,,"  183",",,7,0700",,,,,,,,,,,,,,,,,,,,
"USC00238444","2018-09-13","40.0824","-93.6086","255.1","TRENTON, MO US","    0",",,7,0700","    0",",,7","    0",",,7","  294",",,7","  156",",,7",,,,,,,,,"  189",",,7,0700",,,,,,,,,,,,,,,,,,,,
"USC00238444","2018-09-14","40.0824","-93.6086","255.1","TRENTON, MO US","    0",",,7,0700","    0",",,7","    0",",,7","  306",",,7","  189",",,7",,,,,,,,,"  217",",,7,0700",,,,,,,,,,,,,,,,,,,,
"USC00238444","2018-09-15","40.0824","-93.6086","255.1","TRENTON, MO US","    0",",,7,0700","    0",",,7","    0",",,7","  333",",,7","  200",",,7",,,,,,,,,"  217",",,7,0700",,,,,,,,,,,,,,,,,,,,
"USC00238444","2018-09-16","40.0824","-93.6086","255.1","TRENTON, MO US","    0",",,7,0700","    0",",,7","    0",",,7","  333",",,7","  183",",,7",,,,,,,,,"  283",",,7,0700",,,,,,,,,,,,,,,,,,,,
"USC00238444","2018-09-17","40.0824","-93.6086","255.1","TRENTON, MO US","    0",",,7,0700","    0",",,7","    0",",,7","  328",",,7","  189",",,7",,,,,,,,,"  200",",,7,0700",,,,,,,,,,,,,,,,,,,,
"USC00238444","2018-09-18","40.0824","-93.6086","255.1","TRENTON, MO US","    0",",,7,0700","    0",",,7","    0",",,7","  339",",,7","  200",",,7",,,,,,,,,"  278",",,7,0700",,,,,,,,,,,,,,,,,,,,
"USC00238444","2018-09-19","40.0824","-93.6086","255.1","TRENTON, MO US","   20",",,7,0700","    0",",,7","    0",",,7","  344",",,7","  200",",,7",,,,,,,,,"  206",",,7,0700",,,,,,,,,,,,,,,,,,,,
"USC00238444","2018-09-20","40.0824","-93.6086","255.1","TRENTON, MO US","    0",",,7,0700","    0",",,7","    0",",,7","  356",",,7","  206",",,7",,,,,,,,,"  228",",,7,0700",,,,,,,,,,,,,,,,,,,,
"USC00238444","2018-09-21","40.0824","-93.6086","255.1","TRENTON, MO US","   38",",,7,0700","    0",",,7","    0",",,7","  350",",,7","  167",",,7",,,,,,,,,"  167",",,7,0700",,,,,,,,,,,,,,,,,,,,
"USC00238444","2018-09-22","40.0824","-93.6086","255.1","TRENTON, MO US","    0",",,7,0700","    0",",,7","    0",",,7",,,"   72",",,7",,,,,,,,,"   72",",,7,0700",,,,,,,,,,,,,,,,,,,,
"USC00238444","2018-09-23","40.0824","-93.6086","255.1","TRENTON, MO US","    0",",,7,0700","    0",",,7","    0",",,7","  222",",,7","   72",",,7",,,,,,,,,"  133",",,7,0700",,,,,,,,,,,,,,,,,,,,
"USC00238444","2018-09-24","40.0824","-93.6086","255.1","TRENTON, MO US","    0",",,7,0700","    0",",,7","    0",",,7","  261",",,7","  128",",,7",,,,,,,,,"  156",",,7,0700",,,,,,,,,,,,,,,,,,,,
"USC00238444","2018-09-25","40.0824","-93.6086","255.1","TRENTON, MO US","    0",",,7,0700","    0",",,7","    0",",,7","  272",",,7","  156",",,7",,,,,,,,,"  172",",,7,0700",,,,,,,,,,,,,,,,,,,,
"USC00238444","2018-09-26","40.0824","-93.6086","255.1","TRENTON, MO US","    0",",,7,0700","    0",",,7","    0",",,7","  278",",,7","   72",",,7",,,,,,,,,"   89",",,7,0700",,,,,,,,,,,,,,,,,,,,
"USC00238444","2018-09-27","40.0824","-93.6086","255.1","TRENTON, MO US","    0",",,7,0700","    0",",,7","    0",",,7","  189",",,7","   50",",,7",,,,,,,,,"   83",",,7,0700",,,,,,,,,,,,,,,,,,,,
"USC00238444","2018-09-28","40.0824","-93.6086","255.1","TRENTON, MO US","    0",",,7,0700","    0",",,7","    0",",,7","  244",",,7","   83",",,7",,,,,,,,,"  117",",,7,0700",,,,,,,,,,,,,,,,,,,,
"USC00238444","2018-09-29","40.0824","-93.6086","255.1","TRENTON, MO US","    3",",,7,0700","    0",",,7","    0",",,7","  144",",,7","   83",",,7",,,,,,,,,"   83",",,7,0700",,,,,,,,,,,,,,,,,,,,
"USC00238444","2018-09-30","40.0824","-93.6086","255.1","TRENTON, MO US","    5",",,7,0700","    0",",,7","    0",",,7","  156",",,7","   78",",,7",,,,,,,,,"  144",",,7,0700",,,,,,,,,,,,,,,,,,,,
"USC00238444","2018-10-01","40.0824","-93.6086","255.1","TRENTON, MO US","    0",",,7,0700","    0",",,7","    0",",,7","  194",",,7","  133",",,7",,,,,,,,,"  133",",,7,0700",,,,,,,,,,,,,,,,,,,,
"USC00238444","2018-10-02","40.0824","-93.6086","255.1","TRENTON, MO US","    0",",,7,0700","    0",",,7","    0",",,7","  300",",,7","  133",",,7",,,,,,,,,"  156",",,7,0700",,,,,,,,,,,,,,,,,,,,
"USC00238444","2018-10-03","40.0824","-93.6086","255.1","TRENTON, MO US","    0",",,7,0700","    0",",,7","    0",",,7","  311",",,7","  150",",,7",,,,,,,,,"  217",",,7,0700",,,,,,,,,,,,,,,,,,,,
"USC00238444","2018-10-04","40.0824","-93.6086","255.1","TRENTON, MO US","   56",",,7,0700","    0",",,7","    0",",,7","  333",",,7","   67",",,7",,,,,,,,,"   67",",,7,0700",,,,,,,,,,,,,,,,,,,,
"USC00238444","2018-10-05","40.0824","-93.6086","255.1","TRENTON, MO US","   61",",,7,0700","    0",",,7","    0",",,7","  161",",,7","   67",",,7",,,,,,,,,"  122",",,7,0700",,,,,,,,,,,,,,,,,,,,
"USC00238444","2018-10-06","40.0824","-93.6086","255.1","TRENTON, MO US","  300",",,7,0700","    0",",,7","    0",",,7","  200",",,7","  122",",,7",,,,,,,,,"  128",",,7,0700",,,,,,,,,,,,,,,,,,,,
"USC00238444","2018-10-07","40.0824","-93.6086","255.1","TRENTON, MO US","  178",",,7,0700","    0",",,7","    0",",,7","  139",",,7","  100",",,7",,,,,,,,,"  117",",,7,0700",,,,,,,,,,,,,,,,,,,,
"USC00238444","2018-10-08","40.0824","-93.6086","255.1","TRENTON, MO US","  907",",,7,0700","    0",",,7","    0",",,7","  194",",,7","  117",",,7",,,,,,,,,"  189",",,7,0700",,,,,,,,,,,,,,,,,,,,
"USC00238444","2018-10-09","40.0824","-93.6086","255.1","TRENTON, MO US","  427",",,7,0700","    0",",,7","    0",",,7","  261",",,7","  178",",,7",,,,,,,,,"  178",",,7,0700",,,"    1",",,7",,,,,,,,,,,,,,,,
"USC00238444","2018-10-10","40.0824","-93.6086","255.1","TRENTON, MO US","   51",",,7,0700","    0",",,7","    0",",,7","  256",",,7","  144",",,7",,,,,,,,,"  144",",,7,0700",,,,,,,,,,,,,,,,,,,,
"USC00238444","2018-10-11","40.0824","-93.6086","255.1","TRENTON, MO US","    0",",,7,0700","    0",",,7","    0",",,7","  144",",,7","   39",",,7",,,,,,,,,"   39",",,7,0700",,,,,,,,,,,,,,,,,,,,
"USC00238444","2018-10-12","40.0824","-93.6086","255.1","TRENTON, MO US","   10",",,7,0700","    0",",,7","    0",",,7","  144",",,7","   33",",,7",,,,,,,,,"   50",",,7,0700",,,,,,,,,,,,,,,,,,,,
"USC00238444","2018-10-13","40.0824","-93.6086","255.1","TRENTON, MO US","   51",",,7,0700","    0",",,7","    0",",,7","   89",",,7","   44",",,7",,,,,,,,,"   89",",,7,0700",,,,,,,,,,,,,,,,,,,,
"USC00238444","2018-10-14","40.0824","-93.6086","255.1","TRENTON, MO US","    0",",,7,0700","    0",",,7","    0",",,7","  128",",,7","   44",",,7",,,,,,,,,"   78",",,7,0700",,,,,,,,,,,,,,,,,,,,
"USC00238444","2018-10-15","40.0824","-93.6086","255.1","TRENTON, MO US","   38",",,7,0700","    0","T,,7","    0",",,7","  106",",,7","   -6",",,7",,,,,,,,,"    0",",,7,0700",,,,,,,,,,,,,,,,,,,,
"USC00238444","2018-10-16","40.0824","-93.6086","255.1","TRENTON, MO US","   61",",,7,0700","    0",",,7","    0",",,7","   83",",,7","    0",",,7",,,,,,,,,"   11",",,7,0700",,,,,,,,,,,,,,,,,,,,
"USC00238444","2018-10-17","40.0824","-93.6086","255.1","TRENTON, MO US","    0",",,7,0700","    0",",,7","    0",",,7","  178",",,7","   11",",,7",,,,,,,,,"   72",",,7,0700",,,,,,,,,,,,,,,,,,,,
"USC00238444","2018-10-18","40.0824","-93.6086","255.1","TRENTON, MO US","    0",",,7,0700","    0",",,7","    0",",,7","  167",",,7","   22",",,7",,,,,,,,,"   61",",,7,0700",,,,,,,,,,,,,,,,,,,,
"USC00238444","2018-10-19","40.0824","-93.6086","255.1","TRENTON, MO US","    0",",,7,0700","    0",",,7","    0",",,7","  194",",,7","   61",",,7",,,,,,,,,"  117",",,7,0700",,,,,,,,,,,,,,,,,,,,
"USC00238444","2018-10-20","40.0824","-93.6086","255.1","TRENTON, MO US","    0",",,7,0700","    0",",,7","    0",",,7","  183",",,7","   67",",,7",,,,,,,,,"   72",",,7,0700",,,,,,,,,,,,,,,,,,,,
"USC00238444","2018-10-21","40.0824","-93.6086","255.1","TRENTON, MO US","    0",",,7,0700","    0",",,7","    0",",,7","  150",",,7","  -28",",,7",,,,,,,,,"  -11",",,7,0700",,,,,,,,,,,,,,,,,,,,
"USC00238444","2018-10-22","40.0824","-93.6086","255.1","TRENTON, MO US","    0",",,7,0700","    0",",,7","    0",",,7","  156",",,7","  -11",",,7",,,,,,,,,"   61",",,7,0700",,,,,,,,,,,,,,,,,,,,
"USC00238444","2018-10-23","40.0824","-93.6086","255.1","TRENTON, MO US","    0",",,7,0700","    0",",,7","    0",",,7","  211",",,7","   33",",,7",,,,,,,,,"   39",",,7,0700",,,,,,,,,,,,,,,,,,,,
"USC00238444","2018-10-24","40.0824","-93.6086","255.1","TRENTON, MO US","    0",",,7,0700","    0",",,7","    0",",,7","  161",",,7","   11",",,7",,,,,,,,,"   39",",,7,0700",,,,,,,,,,,,,,,,,,,,
"USC00238444","2018-10-25","40.0824","-93.6086","255.1","TRENTON, MO US","    0",",,7,0700","    0",",,7","    0",",,7","  156",",,7","   39",",,7",,,,,,,,,"   78",",,7,0700",,,,,,,,,,,,,,,,,,,,
"USC00238444","2018-10-26","40.0824","-93.6086","255.1","TRENTON, MO US","   13",",,7,0700","    0",",,7","    0",",,7","  122",",,7","   61",",,7",,,,,,,,,"   67",",,7,0700",,,,,,,,,,,,,,,,,,,,
"USC00238444","2018-10-27","40.0824","-93.6086","255.1","TRENTON, MO US","    0","T,,7,0700","    0",",,7","    0",",,7","  139",",,7","   22",",,7",,,,,,,,,"   28",",,7,0700",,,,,,,,,,,,,,,,,,,,
"USC00238444","2018-10-28","40.0824","-93.6086","255.1","TRENTON, MO US","    0",",,7,0700","    0",",,7","    0",",,7","  211",",,7","   28",",,7",,,,,,,,,"   94",",,7,0700",,,,,,,,,,,,,,,,,,,,
"USC00238444","2018-10-29","40.0824","-93.6086","255.1","TRENTON, MO US","    0",",,7,0700","    0",",,7","    0",",,7","  183",",,7","   22",",,7",,,,,,,,,"   28",",,7,0700",,,,,,,,,,,,,,,,,,,,
"USC00238444","2018-10-30","40.0824","-93.6086","255.1","TRENTON, MO US","    0",",,7,0700","    0",",,7","    0",",,7","  217",",,7","   28",",,7",,,,,,,,,"  122",",,7,0700",,,,,,,,,,,,,,,,,,,,
"USC00238444","2018-10-31","40.0824","-93.6086","255.1","TRENTON, MO US","    3",",,7,0700","    0",",,7","    0",",,7","  150",",,7","   72",",,7",,,,,,,,,"   72",",,7,0700",,,,,,,,,,,,,,,,,,,,
"USC00238444","2018-11-01","40.0824","-93.6086","255.1","TRENTON, MO US","    0",",,7,0700","    0",",,7","    0",",,7","  133",",,7","   56",",,7",,,,,,,,,"   56",",,7,0700",,,,,,,,,,,,,,,,,,,,
"USC00238444","2018-11-02","40.0824","-93.6086","255.1","TRENTON, MO US","    5",",,7,0700","    0",",,7","    0",",,7","  150",",,7","   56",",,7",,,,,,,,,"   78",",,7,0700",,,,,,,,,,,,,,,,,,,,
"USC00238444","2018-11-03","40.0824","-93.6086","255.1","TRENTON, MO US","   20",",,7,0700","    0",",,7","    0",",,7","  117",",,7","   44",",,7",,,,,,,,,"   50",",,7,0700",,,,,,,,,,,,,,,,,,,,
"USC00238444","2018-11-04","40.0824","-93.6086","255.1","TRENTON, MO US","   97",",,7,0700","    0",",,7","    0",",,7","  139",",,7","   50",",,7",,,,,,,,,"   89",",,7,0700",,,,,,,,,,,,,,,,,,,,
"USC00238444","2018-11-05","40.0824","-93.6086","255.1","TRENTON, MO US","    5",",,7,0700","    0",",,7","    0",",,7","   89",",,7","   39",",,7",,,,,,,,,"   61",",,7,0700",,,,,,,,,,,,,,,,,,,,
"USC00238444","2018-11-06","40.0824","-93.6086","255.1","TRENTON, MO US","   20",",,7,0700","    0",",,7","    0",",,7","   89",",,7","   33",",,7",,,,,,,,,"   39",",,7,0700",,,,,,,,,,,,,,,,,,,,
"USC00238444","2018-11-07","40.0824","-93.6086","255.1","TRENTON, MO US","    0",",,7,0700","    0",",,7","    0",",,7","   89",",,7","  -17",",,7",,,,,,,,,"  -11",",,7,0700",,,,,,,,,,,,,,,,,,,,
"USC00238444","2018-11-08","40.0824","-93.6086","255.1","TRENTON, MO US","    0",",,7,0700","    0",",,7","    0",",,7","   67",",,7","  -50",",,7",,,,,,,,,"  -28",",,7,0700",,,,,,,,,,,,,,,,,,,,
"USC00238444","2018-11-09","40.0824","-93.6086","255.1","TRENTON, MO US","   25",",,7,0700","   25",",,7","   25",",,7","   11",",,7","  -33",",,7",,,,,,,,,"  -17",",,7,0700",,,,,,,,,,,,,,,,,,,,
"USC00238444","2018-11-10","40.0824","-93.6086","255.1","TRENTON, MO US","   15",",,7,0700","   38",",,7","   51",",,7","    0",",,7"," -117",",,7",,,,,,,,," -111",",,7,0700",,,,,,,,,,,,,,,,,,,,
"USC00238444","2018-11-11","40.0824","-93.6086","255.1","TRENTON, MO US","    0",",,7,0700","    0",",,7","    0","T,,7","   -6",",,7"," -122",",,7",,,,,,,,,"  -22",",,7,0700",,,,,,,,,,,,,,,,,,,,
"USC00238444","2018-11-12","40.0824","-93.6086","255.1","TRENTON, MO US","    0",",,7,0700","    0",",,7","    0",",,7","   78",",,7","  -33",",,7",,,,,,,,,"  -33",",,7,0700",,,,,,,,,,,,,,,,,,,,
"USC00238444","2018-11-13","40.0824","-93.6086","255.1","TRENTON, MO US","    0","T,,7,0700","    0","T,,7","    0",",,7","  -28",",,7"," -106",",,7",,,,,,,,," -106",",,7,0700",,,,,,,,,,,,,,,,,,,,
"USC00238444","2018-11-14","40.0824","-93.6086","255.1","TRENTON, MO US","    0",",,7,0700","    0",",,7","    0",",,7","   -6",",,7"," -106",",,7",,,,,,,,,"  -72",",,7,0700",,,,,,,,,,,,,,,,,,,,
"USC00238444","2018-11-15","40.0824","-93.6086","255.1","TRENTON, MO US","    0",",,7,0700","    0",",,7","    0",",,7","   33",",,7","  -89",",,7",,,,,,,,,"  -61",",,7,0700",,,,,,,,,,,,,,,,,,,,
"USC00238444","2018-11-16","40.0824","-93.6086","255.1","TRENTON, MO US","    0",",,7,0700","    0",",,7","    0",",,7","   78",",,7","  -61",",,7",,,,,,,,,"   11",",,7,0700",,,,,,,,,,,,,,,,,,,,
"USC00238444","2018-11-17","40.0824","-93.6086","255.1","TRENTON, MO US","    0",",,7,0700","    0",",,7","    0",",,7","  128",",,7","   11",",,7",,,,,,,,,"   33",",,7,0700",,,,,,,,,,,,,,,,,,,,
"USC00238444","2018-11-18","40.0824","-93.6086","255.1","TRENTON, MO US","   25",",,7,0700","    5",",,7","    0","T,,7","   33",",,7","  -61",",,7",,,,,,,,,"  -61",",,7,0700",,,,,,,,,,,,,,,,,,,,
"USC00238444","2018-11-19","40.0824","-93.6086","255.1","TRENTON, MO US","    0",",,7,0700","    0",",,7","    0",",,7","   11",",,7","  -72",",,7",,,,,,,,,"  -56",",,7,0700",,,,,,,,,,,,,,,,,,,,
"USC00238444","2018-11-20","40.0824","-93.6086","255.1","TRENTON, MO US","    0",",,7,0700","    0",",,7","    0",",,7","   44",",,7","  -61",",,7",,,,,,,,,"  -56",",,7,0700",,,,,,,,,,,,,,,,,,,,
"USC00238444","2018-11-21","40.0824","-93.6086","255.1","TRENTON, MO US","    0",",,7,0700","    0",",,7","    0",",,7","   56",",,7","  -61",",,7",,,,,,,,,"   -6",",,7,0700",,,,,,,,,,,,,,,,,,,,
"USC00238444","2018-11-22","40.0824","-93.6086","255.1","TRENTON, MO US","    0",",,7,0700","    0",",,7","    0",",,7","  144",",,7","   -6",",,7",,,,,,,,,"   17",",,7,0700",,,,,,,,,,,,,,,,,,,,
"USC00238444","2018-11-23","40.0824","-93.6086","255.1","TRENTON, MO US","    3",",,7,0700","    0",",,7","    0",",,7","  161",",,7","   17",",,7",,,,,,,,,"   72",",,7,0700",,,,,,,,,,,,,,,,,,,,
"USC00238444","2018-11-24","40.0824","-93.6086","255.1","TRENTON, MO US","    0","T,,7,0700","    0",",,7","    0",",,7","   78",",,7","   39",",,7",,,,,,,,,"   39",",,7,0700",,,,,,,,,,,,,,,,,,,,
"USC00238444","2018-11-25","40.0824","-93.6086","255.1","TRENTON, MO US","    0",",,7,0700","    0",",,7","    0",",,7","  139",",,7","   17",",,7",,,,,,,,,"   22",",,7,0700",,,,,,,,,,,,,,,,,,,,
"USC00238444","2018-11-26","40.0824","-93.6086","255.1","TRENTON, MO US","  114",",,7,0700","   89",",,7","  102",",,7","   22",",,7","  -94",",,7",,,,,,,,,"  -94",",,7,0700",,,,,,,,,,,,,,,,,,,,
"USC00238444","2018-11-27","40.0824","-93.6086","255.1","TRENTON, MO US","    0",",,7,0700","    0",",,7","   76",",,7","  -44",",,7"," -122",",,7",,,,,,,,," -122",",,7,0700",,,,,,,,,,,,,,,,,,,,
"USC00238444","2018-11-28","40.0824","-93.6086","255.1","TRENTON, MO US","    0",",,7,0700","    0",",,7","   51",",,7","  -39",",,7"," -122",",,7",,,,,,,,,"  -72",",,7,0700",,,,,,,,,,,,,,,,,,,,
"USC00238444","2018-11-29","40.0824","-93.6086","255.1","TRENTON, MO US","    0",",,7,0700","    0",",,7","   25",",,7","   -6",",,7","  -72",",,7",,,,,,,,,"  -22",",,7,0700",,,,,,,,,,,,,,,,,,,,
"USC00238444","2018-11-30","40.0824","-93.6086","255.1","TRENTON, MO US","    0",",,7,0700","    0",",,7","    0","T,,7","   11",",,7","  -50",",,7",,,,,,,,,"  -33",",,7,0700",,,,,,,,,,,,,,,,,,,,
"USC00238444","2018-12-01","40.0824","-93.6086","255.1","TRENTON, MO US","  152",",,7,0700","    0",",,7","    0",",,7","   50",",,7","  -39",",,7",,,,,,,,,"   33",",,7,0700",,,,,,,,,,,,,,,,,,,,
"USC00238444","2018-12-02","40.0824","-93.6086","255.1","TRENTON, MO US","  145",",,7,0700","    0",",,7","    0",",,7","   83",",,7","    6",",,7",,,,,,,,,"    6",",,7,0700",,,,,,,,,,,,,,,,,,,,
"USC00238444","2018-12-03","40.0824","-93.6086","255.1","TRENTON, MO US","   10",",,7,0700","    0","T,,7","    0","T,,7","   28",",,7","  -17",",,7",,,,,,,,,"  -17",",,7,0700",,,,,,,,,,,,,,,,,,,,
"USC00238444","2018-12-04","40.0824","-93.6086","255.1","TRENTON, MO US","    3",",,7,0700","    0","T,,7","    0","T,,7","   -6",",,7","  -39",",,7",,,,,,,,,"  -39",",,7,0700",,,,,,,,,,,,,,,,,,,,
"USC00238444","2018-12-05","40.0824","-93.6086","255.1","TRENTON, MO US","    0",",,7,0700","    0",",,7","    0",",,7","  -17",",,7","  -44",",,7",,,,,,,,,"  -39",",,7,0700",,,,,,,,,,,,,,,,,,,,
"USC00238444","2018-12-06","40.0824","-93.6086","255.1","TRENTON, MO US","    3",",,7,0700","    0","T,,7","    0","T,,7","   67",",,7","  -39",",,7",,,,,,,,,"  -28",",,7,0700",,,,,,,,,,,,,,,,,,,,
"USC00238444","2018-12-07","40.0824","-93.6086","255.1","TRENTON, MO US","    0",",,7,0700","    0",",,7","    0",",,7","   -6",",,7"," -100",",,7",,,,,,,,,"  -94",",,7,0700",,,,,,,,,,,,,,,,,,,,
"USC00238444","2018-12-08","40.0824","-93.6086","255.1","TRENTON, MO US","    0",",,7,0700","    0",",,7","    0",",,7","  -22",",,7","  -94",",,7",,,,,,,,,"  -89",",,7,0700",,,,,,,,,,,,,,,,,,,,
"USC00238444","2018-12-09","40.0824","-93.6086","255.1","TRENTON, MO US","    0",",,7,0700","    0",",,7","    0",",,7","   -6",",,7"," -117",",,7",,,,,,,,," -111",",,7,0700",,,,,,,,,,,,,,,,,,,,
"USC00238444","2018-12-10","40.0824","-93.6086","255.1","TRENTON, MO US","    0",",,7,0700","    0",",,7","    0",",,7","    6",",,7"," -111",",,7",,,,,,,,,"  -89",",,7,0700",,,,,,,,,,,,,,,,,,,,
"USC00238444","2018-12-11","40.0824","-93.6086","255.1","TRENTON, MO US","    0",",,7,0700","    0",",,7","    0",",,7","   50",",,7","  -89",",,7",,,,,,,,,"    6",",,7,0700",,,,,,,,,,,,,,,,,,,,
"USC00238444","2018-12-12","40.0824","-93.6086","255.1","TRENTON, MO US","    0",",,7,0700","    0",",,7","    0",",,7","  100",",,7","  -17",",,7",,,,,,,,,"  -17",",,7,0700",,,,,,,,,,,,,,,,,,,,
"USC00238444","2018-12-13","40.0824","-93.6086","255.1","TRENTON, MO US","    0",",,7,0700","    0",",,7","    0",",,7","  100",",,7","  -17",",,7",,,,,,,,,"   44",",,7,0700",,,,,,,,,,,,,,,,,,,,
"USC00238444","2018-12-14","40.0824","-93.6086","255.1","TRENTON, MO US","    8",",,7,0700","    0",",,7","    0",",,7","   44",",,7","  -11",",,7",,,,,,,,,"   -6",",,7,0700",,,,,,,,,,,,,,,,,,,,
"USC00238444","2018-12-15","40.0824","-93.6086","255.1","TRENTON, MO US","    0",",,7,0700","    0",",,7","    0",",,7","   56",",,7","  -44",",,7",,,,,,,,,"  -44",",,7,0700",,,,,,,,,,,,,,,,,,,,
"USC00238444","2018-12-16","40.0824","-93.6086","255.1","TRENTON, MO US","    0",",,7,0700","    0",",,7","    0",",,7","  117",",,7","  -44",",,7",,,,,,,,,"  -33",",,7,0700",,,,,,,,,,,,,,,,,,,,
"USC00238444","2018-12-17","40.0824","-93.6086","255.1","TRENTON, MO US","    0",",,7,0700","    0",",,7","    0",",,7","  128",",,7","  -44",",,7",,,,,,,,,"  -33",",,7,0700",,,,,,,,,,,,,,,,,,,,
"USC00238444","2018-12-18","40.0824","-93.6086","255.1","TRENTON, MO US","    0",",,7,0700","    0",",,7","    0",",,7","  106",",,7","  -33",",,7",,,,,,,,,"    0",",,7,0700",,,,,,,,,,,,,,,,,,,,
"USC00238444","2018-12-19","40.0824","-93.6086","255.1","TRENTON, MO US","    0",",,7,0700","    0",",,7","    0",",,7","  122",",,7","   -6",",,7",,,,,,,,,"   56",",,7,0700",,,,,,,,,,,,,,,,,,,,
"USC00238444","2018-12-20","40.0824","-93.6086","255.1","TRENTON, MO US","    0",",,7,0700","    0",",,7","    0",",,7","  106",",,7","   17",",,7",,,,,,,,,"   22",",,7,0700",,,,,,,,,,,,,,,,,,,,
"USC00238444","2018-12-21","40.0824","-93.6086","255.1","TRENTON, MO US","    0",",,7,0700","    0",",,7","    0",",,7","   39",",,7","  -11",",,7",,,,,,,,,"  -11",",,7,0700",,,,,,,,,,,,,,,,,,,,
"USC00238444","2018-12-22","40.0824","-93.6086","255.1","TRENTON, MO US","    0",",,7,0700","    0",",,7","    0",",,7","   39",",,7","  -28",",,7",,,,,,,,,"   -6",",,7,0700",,,,,,,,,,,,,,,,,,,,
"USC00238444","2018-12-23","40.0824","-93.6086","255.1","TRENTON, MO US","    0",",,7,0700","    0",",,7","    0",",,7","   50",",,7","  -33",",,7",,,,,,,,,"  -22",",,7,0700",,,,,,,,,,,,,,,,,,,,
"USC00238444","2018-12-24","40.0824","-93.6086","255.1","TRENTON, MO US","    0",",,7,0700","    0",",,7","    0",",,7","   67",",,7","  -39",",,7",,,,,,,,,"  -22",",,7,0700",,,,,,,,,,,,,,,,,,,,
"USC00238444","2018-12-25","40.0824","-93.6086","255.1","TRENTON, MO US","   18",",,7,0700","    0",",,7","    0",",,7","   83",",,7","  -28",",,7",,,,,,,,,"   28",",,7,0700",,,,,,,,,,,,,,,,,,,,
"USC00238444","2018-12-26","40.0824","-93.6086","255.1","TRENTON, MO US","    0","T,,7,0700","    0",",,7","    0",",,7","   89",",,7","   17",",,7",,,,,,,,,"   22",",,7,0700",,,,,,,,,,,,,,,,,,,,
"USC00238444","2018-12-27","40.0824","-93.6086","255.1","TRENTON, MO US","  224",",,7,0700","    0",",,7","    0",",,7","  100",",,7","   22",",,7",,,,,,,,,"  100",",,7,0700",,,,,,,,,,,,,,,,,,,,
"USC00238444","2018-12-28","40.0824","-93.6086","255.1","TRENTON, MO US","    0",",,7,0700","    0",",,7","    0",",,7","  139",",,7","  -50",",,7",,,,,,,,,"  -50",",,7,0700",,,,,,,,,,,,,,,,,,,,
"USC00238444","2018-12-29","40.0824","-93.6086","255.1","TRENTON, MO US","    0",",,7,0700","    0",",,7","    0",",,7","  -44",",,7"," -111",",,7",,,,,,,,,"  -94",",,7,0700",,,,,,,,,,,,,,,,,,,,
"USC00238444","2018-12-30","40.0824","-93.6086","255.1","TRENTON, MO US","    0",",,7,0700","    0",",,7","    0",",,7","  -44",",,7","  -94",",,7",,,,,,,,,"  -61",",,7,0700",,,,,,,,,,,,,,,,,,,,
"USC00238444","2018-12-31","40.0824","-93.6086","255.1","TRENTON, MO US","    3",",,7,0700","    0",",,7","    0",",,7","   50",",,7","  -67",",,7",,,,,,,,,"   22",",,7,0700",,,,,,,,,,,,,,,,,,,,
"USC00238444","2019-01-01","40.0824","-93.6086","255.1","TRENTON, MO US","  173",",,7,0700","    0",",,7","    0",",,7","   33",",,7","  -72",",,7",,,,,,,,,"  -72",",,7,0700",,,,,,,,,,,,,,,,,,,,
"USC00238444","2019-01-02","40.0824","-93.6086","255.1","TRENTON, MO US","    0",",,7,0700","    0",",,7","    0",",,7","  -67",",,7","  -83",",,7",,,,,,,,,"  -67",",,7,0700",,,,,,,,,,,,,,,,,,,,
"USC00238444","2019-01-03","40.0824","-93.6086","255.1","TRENTON, MO US","    0",",,7,0700","    0",",,7","    0",",,7","    0",",,7","  -83",",,7",,,,,,,,,"  -56",",,7,0700",,,,,,,,,,,,,,,,,,,,
"USC00238444","2019-01-04","40.0824","-93.6086","255.1","TRENTON, MO US","    0",",,7,0700","    0",",,7","    0",",,7","   89",",,7","  -56",",,7",,,,,,,,,"  -44",",,7,0700",,,,,,,,,,,,,,,,,,,,
"USC00238444","2019-01-05","40.0824","-93.6086","255.1","TRENTON, MO US","    0",",,7,0700","    0",",,7","    0",",,7","  111",",,7","  -44",",,7",,,,,,,,,"   -6",",,7,0700",,,,,,,,,,,,,,,,,,,,
"USC00238444","2019-01-06","40.0824","-93.6086","255.1","TRENTON, MO US","    0",",,7,0700","    0",",,7","    0",",,7","  156",",,7","  -11",",,7",,,,,,,,,"   33",",,7,0700",,,,,,,,,,,,,,,,,,,,
"USC00238444","2019-01-07","40.0824","-93.6086","255.1","TRENTON, MO US","   13",",,7,0700","    0",",,7","    0",",,7","  117",",,7","   33",",,7",,,,,,,,,"  111",",,7,0700",,,,,,,,,,,,,,,,,,,,
"USC00238444","2019-01-08","40.0824","-93.6086","255.1","TRENTON, MO US",,,"    0",",,7","    0",",,7",,,,,,,,,,,,,,,,,,,,,,,,,,,,,,,,,,
"USC00238444","2019-01-09","40.0824","-93.6086","255.1","TRENTON, MO US","    0",",,7,0700","    0",",,7","    0",",,7","   94",",,7","  -33",",,7",,,,,,,,,"  -33",",,7,0700",,,,,,,,,,,,,,,,,,,,
"USC00238444","2019-01-10","40.0824","-93.6086","255.1","TRENTON, MO US","    0",",,7,0700","    0",",,7","    0",",,7","    0",",,7","  -67",",,7",,,,,,,,,"  -61",",,7,0700",,,,,,,,,,,,,,,,,,,,
"USC00238444","2019-01-11","40.0824","-93.6086","255.1","TRENTON, MO US","    0",",,7,0700","    0",",,7","    0",",,7","   17",",,7","  -61",",,7",,,,,,,,,"   -6",",,7,0700",,,,,,,,,,,,,,,,,,,,
"USC00238444","2019-01-12","40.0824","-93.6086","255.1","TRENTON, MO US","  203",",,7,0700","  203",",,7","  203",",,7","   22",",,7","  -22",",,7",,,,,,,,,"  -22",",,7,0700",,,,,,,,,,,,,,,,,,,,
"USC00238444","2019-01-13","40.0824","-93.6086","255.1","TRENTON, MO US","   18",",,7,0700","   25",",,7","  229",",,7","  -11",",,7","  -22",",,7",,,,,,,,,"  -22",",,7,0700",,,,,,,,,,,,,,,,,,,,
"USC00238444","2019-01-14","40.0824","-93.6086","255.1","TRENTON, MO US","    0",",,7,0700","    0",",,7","  229",",,7","   -6",",,7","  -44",",,7",,,,,,,,,"  -44",",,7,0700",,,,,,,,,,,,,,,,,,,,
"USC00238444","2019-01-15","40.0824","-93.6086","255.1","TRENTON, MO US","    0","T,,7,0700","    0",",,7","  127",",,7","  -11",",,7","  -44",",,7",,,,,,,,,"  -11",",,7,0700",,,,,,,,,,,,,,,,,,,,
"USC00238444","2019-01-16","40.0824","-93.6086","255.1","TRENTON, MO US","    0",",,7,0700","    0",",,7","  127",",,7","   11",",,7","  -39",",,7",,,,,,,,,"   -6",",,7,0700",,,,,,,,,,,,,,,,,,,,
"USC00238444","2019-01-17","40.0824","-93.6086","255.1","TRENTON, MO US","    3",",,7,0700","    0",",,7","  127",",,7","    0",",,7","  -22",",,7",,,,,,,,,"  -17",",,7,0700",,,,,,,,,,,,,,,,,,,,
"USC00238444","2019-01-18","40.0824","-93.6086","255.1","TRENTON, MO US",,,"    0",",,7","  127",",,7","   11",",,7","  -22",",,7",,,,,,,,,"  -17",",,7,0700",,,,,,,,,,,,,,,,,,,,
"USC00238444","2019-01-19","40.0824","-93.6086","255.1","TRENTON, MO US","  147",",,7,0700","   64",",,7","  203",",,7","   17",",,7","  -83",",,7",,,,,,,,,"  -83",",,7,0700",,,,,,,,,,,,,,,,,,,,
"USC00238444","2019-01-20","40.0824","-93.6086","255.1","TRENTON, MO US","    0",",,7,0700","    0",",,7","  152",",,7","  -78",",,7"," -161",",,7",,,,,,,,," -156",",,7,0700",,,,,,,,,,,,,,,,,,,,
"USC00238444","2019-01-21","40.0824","-93.6086","255.1","TRENTON, MO US","    8",",,7,0700","   25",",,7","  178",",,7"," -111",",,7"," -156",",,7",,,,,,,,," -128",",,7,0700",,,,,,,,,,,,,,,,,,,,
"USC00238444","2019-01-22","40.0824","-93.6086","255.1","TRENTON, MO US","    0",",,7,0700","    0",",,7","  178",",,7","    6",",,7"," -161",",,7",,,,,,,,,"    6",",,7,0700",,,,,,,,,,,,,,,,,,,,
"USC00238444","2019-01-23","40.0824","-93.6086","255.1","TRENTON, MO US","  165",",,7,0700","   76",",,7","  254",",,7","   17",",,7"," -106",",,7",,,,,,,,," -106",",,7,0700",,,,,,,,,,,,,,,,,,,,
"USC00238444","2019-01-24","40.0824","-93.6086","255.1","TRENTON, MO US","    0",",,7,0700","    0",",,7","  254",",,7","  -44",",,7"," -117",",,7",,,,,,,,,"  -44",",,7,0700",,,,,,,,,,,,,,,,,,,,
"USC00238444","2019-01-25","40.0824","-93.6086","255.1","TRENTON, MO US","    0",",,7,0700","    0",",,7","  178",",,7","  -39",",,7"," -206",",,7",,,,,,,,," -178",",,7,0700",,,,,,,,,,,,,,,,,,,,
"USC00238444","2019-01-26","40.0824","-93.6086","255.1","TRENTON, MO US","    0","T,,7,0700","    0",",,7","  152",",,7","  -17",",,7"," -178",",,7",,,,,,,,," -128",",,7,0700",,,,,,,,,,,,,,,,,,,,
"USC00238444","2019-01-27","40.0824","-93.6086","255.1","TRENTON, MO US","    0",",,7,0700","    0",",,7","  127",",,7","    6",",,7"," -128",",,7",,,,,,,,," -117",",,7,0700",,,,,,,,,,,,,,,,,,,,
"USC00238444","2019-01-28","40.0824","-93.6086","255.1","TRENTON, MO US","    0",",,7,0700","    0",",,7","  127",",,7","   56",",,7"," -117",",,7",,,,,,,,,"  -89",",,7,0700",,,,,,,,,,,,,,,,,,,,
"USC00238444","2019-01-29","40.0824","-93.6086","255.1","TRENTON, MO US","    0",",,7,0700","    0",",,7","  127",",,7","  -89",",,7"," -150",",,7",,,,,,,,," -128",",,7,0700",,,,,,,,,,,,,,,,,,,,
"USC00238444","2019-01-30","40.0824","-93.6086","255.1","TRENTON, MO US","    0",",,7,0700","    0",",,7","  127",",,7"," -106",",,7"," -261",",,7",,,,,,,,," -256",",,7,0700",,,,,,,,,,,,,,,,,,,,
"USC00238444","2019-01-31","40.0824","-93.6086","255.1","TRENTON, MO US","    0",",,7,0700","    0",",,7","  127",",,7"," -172",",,7"," -256",",,7",,,,,,,,," -172",",,7,0700",,,,,,,,,,,,,,,,,,,,
"USC00238444","2019-02-01","40.0824","-93.6086","255.1","TRENTON, MO US","    0",",,7,0700","    0",",,7","  102",",,7","  -67",",,7"," -172",",,7",,,,,,,,," -139",",,7,0700",,,,,,,,,,,,,,,,,,,,
"USC00238444","2019-02-02","40.0824","-93.6086","255.1","TRENTON, MO US","    0",",,7,0700","    0",",,7","   25",",,7","   17",",,7"," -139",",,7",,,,,,,,,"   17",",,7,0700","    1",",,7",,,,,,,,,,,,,,,,,,
"USC00238444","2019-02-03","40.0824","-93.6086","255.1","TRENTON, MO US","    0","T,,7,0700","    0",",,7","    0",",,7","   94",",,7","   17",",,7",,,,,,,,,"   72",",,7,0700","    1",",,7",,,,,,,,,,,,,,,,,,
"USC00238444","2019-02-04","40.0824","-93.6086","255.1","TRENTON, MO US","    0",",,7,0700","    0",",,7","    0",",,7","  122",",,7","   11",",,7",,,,,,,,,"   11",",,7,0700",,,,,,,,,,,,,,,,,,,,
"USC00238444","2019-02-05","40.0824","-93.6086","255.1","TRENTON, MO US","    0",",,7,0700","    0",",,7","    0",",,7","   11",",,7","  -89",",,7",,,,,,,,,"  -83",",,7,0700",,,,,,,,,,,,,,,,,,,,
"USC00238444","2019-02-06","40.0824","-93.6086","255.1","TRENTON, MO US","    0","T,,7,0700","    0",",,7","    0",",,7","  -56",",,7","  -89",",,7",,,,,,,,,"  -67",",,7,0700",,,,,,,,,,,,,,,,,,,,
"USC00238444","2019-02-07","40.0824","-93.6086","255.1","TRENTON, MO US","   69",",,7,0700","    0","T,,7","    0","T,,7","  -33",",,7","  -94",",,7",,,,,,,,,"  -94",",,7,0700",,,,,"    1",",,7",,,,,,,,,,,,,,
"USC00238444","2019-02-08","40.0824","-93.6086","255.1","TRENTON, MO US","    0",",,7,0700","    0",",,7","    0",",,7","  -94",",,7"," -161",",,7",,,,,,,,," -161",",,7,0700",,,,,,,,,,,,,,,,,,,,
"USC00238444","2019-02-09","40.0824","-93.6086","255.1","TRENTON, MO US","    0",",,7,0700","    0",",,7","    0",",,7","  -83",",,7"," -161",",,7",,,,,,,,," -106",",,7,0700",,,,,,,,,,,,,,,,,,,,
"USC00238444","2019-02-10","40.0824","-93.6086","255.1","TRENTON, MO US","   38",",,7,0700","   13",",,7","    0","T,,7","  -33",",,7"," -111",",,7",,,,,,,,,"  -39",",,7,0700",,,,,,,,,,,,,,,,,,,,
"USC00238444","2019-02-11","40.0824","-93.6086","255.1","TRENTON, MO US","    3",",,7,0700","    0",",,7","    0","T,,7","    0",",,7","  -39",",,7",,,,,,,,,"  -28",",,7,0700",,,,,,,,,,,,,,,,,,,,
"USC00238444","2019-02-12","40.0824","-93.6086","255.1","TRENTON, MO US","    3",",,7,0700","   13",",,7","    0","T,,7","   -6",",,7","  -28",",,7",,,,,,,,,"  -28",",,7,0700",,,,,,,,,,,,,,,,,,,,
"USC00238444","2019-02-13","40.0824","-93.6086","255.1","TRENTON, MO US","    3",",,7,0700","    0",",,7","    0","T,,7","    0",",,7","  -94",",,7",,,,,,,,,"  -89",",,7,0700",,,,,,,,,,,,,,,,,,,,
"USC00238444","2019-02-14","40.0824","-93.6086","255.1","TRENTON, MO US","    0",",,7,0700","    0",",,7","    0",",,7","   50",",,7","  -89",",,7",,,,,,,,,"   33",",,7,0700",,,,,,,,,,,,,,,,,,,,
"USC00238444","2019-02-15","40.0824","-93.6086","255.1","TRENTON, MO US","    0",",,7,0700","    0",",,7","    0",",,7","   94",",,7"," -128",",,7",,,,,,,,," -117",",,7,0700",,,,,,,,,,,,,,,,,,,,
"USC00238444","2019-02-16","40.0824","-93.6086","255.1","TRENTON, MO US","    5",",,7,0700","   13",",,7","    0","T,,7","  -89",",,7"," -122",",,7",,,,,,,,," -122",",,7,0700",,,,,,,,,,,,,,,,,,,,
"USC00238444","2019-02-17","40.0824","-93.6086","255.1","TRENTON, MO US","    3",",,7,0700","    0",",,7","    0",",,7","    0",",,7"," -122",",,7",,,,,,,,,"  -28",",,7,0700",,,,,,,,,,,,,,,,,,,,
"USC00238444","2019-02-18","40.0824","-93.6086","255.1","TRENTON, MO US","   28",",,7,0700","   13",",,7","   25",",,7","  -22",",,7","  -83",",,7",,,,,,,,,"  -72",",,7,0700",,,,,,,,,,,,,,,,,,,,
"USC00238444","2019-02-19","40.0824","-93.6086","255.1","TRENTON, MO US","    0",",,7,0700","    0",",,7","    0",",,7","  -17",",,7"," -100",",,7",,,,,,,,,"  -78",",,7,0700",,,,,,,,,,,,,,,,,,,,
"USC00238444","2019-02-20","40.0824","-93.6086","255.1","TRENTON, MO US","   89",",,7,0700","   84",",,7","   76",",,7","  -17",",,7"," -100",",,7",,,,,,,,,"  -17",",,7,0700",,,,,,,,,,,,,,,,,,,,
"USC00238444","2019-02-21","40.0824","-93.6086","255.1","TRENTON, MO US","    0",",,7,0700","    0",",,7","   76",",,7","   22",",,7","  -94",",,7",,,,,,,,,"  -56",",,7,0700",,,,,,,,,,,,,,,,,,,,
"USC00238444","2019-02-22","40.0824","-93.6086","255.1","TRENTON, MO US","    0",",,7,0700","    0",",,7","    0",",,7","   33",",,7","  -56",",,7",,,,,,,,,"  -50",",,7,0700",,,,,,,,,,,,,,,,,,,,
"USC00238444","2019-02-23","40.0824","-93.6086","255.1","TRENTON, MO US","  241",",,7,0700","    0",",,7","    0",",,7","   44",",,7","  -50",",,7",,,,,,,,,"   17",",,7,0700",,,,,,,,,,,,,,,,,,,,
"USC00238444","2019-02-24","40.0824","-93.6086","255.1","TRENTON, MO US","   15",",,7,0700","    0","T,,7","    0","T,,7","   56",",,7","  -67",",,7",,,,,,,,,"  -67",",,7,0700","    1",",,7",,,,,,,,,,,,,,,,,,
"USC00238444","2019-02-25","40.0824","-93.6086","255.1","TRENTON, MO US","    0",",,7,0700","    0",",,7",,,"  -39",",,7"," -133",",,7",,,,,,,,," -128",",,7,0700",,,,,,,,,,,,,,,,,,,,
"USC00238444","2019-02-26","40.0824","-93.6086","255.1","TRENTON, MO US","    0",",,7,0700","    0",",,7","    0",",,7","   -6",",,7"," -128",",,7",,,,,,,,,"  -78",",,7,0700",,,,,,,,,,,,,,,,,,,,
"USC00238444","2019-02-27","40.0824","-93.6086","255.1","TRENTON, MO US","    0","T,,7,0700","    0",",,7","    0",",,7","   17",",,7","  -78",",,7",,,,,,,,,"  -78",",,7,0700",,,,,,,,,,,,,,,,,,,,
"USC00238444","2019-02-28","40.0824","-93.6086","255.1","TRENTON, MO US","    0",",,7,0700","    0",",,7","    0",",,7","  -56",",,7"," -122",",,7",,,,,,,,," -117",",,7,0700",,,,,,,,,,,,,,,,,,,,
"USC00238444","2019-03-01","40.0824","-93.6086","255.1","TRENTON, MO US","    0",",,7,0700","    0",",,7","    0",",,7","  -11",",,7"," -117",",,7",,,,,,,,,"  -61",",,7,0700",,,,,,,,,,,,,,,,,,,,
"USC00238444","2019-03-02","40.0824","-93.6086","255.1","TRENTON, MO US","    0",",,7,0700","    0",",,7","    0",",,7","   11",",,7","  -83",",,7",,,,,,,,,"  -72",",,7,0700",,,,,,,,,,,,,,,,,,,,
"USC00238444","2019-03-03","40.0824","-93.6086","255.1","TRENTON, MO US","   18",",,7,0700","   25",",,7","   25",",,7","  -33",",,7"," -139",",,7",,,,,,,,," -139",",,7,0700",,,,,,,,,,,,,,,,,,,,
"USC00238444","2019-03-04","40.0824","-93.6086","255.1","TRENTON, MO US","    0",",,7,0700","    0",",,7","   25",",,7"," -122",",,7"," -189",",,7",,,,,,,,," -183",",,7,0700",,,,,,,,,,,,,,,,,,,,
"USC00238444","2019-03-05","40.0824","-93.6086","255.1","TRENTON, MO US","    0",",,7,0700","    0",",,7","    0",",,7"," -100",",,7"," -189",",,7",,,,,,,,," -106",",,7,0700",,,,,,,,,,,,,,,,,,,,
"USC00238444","2019-03-06","40.0824","-93.6086","255.1","TRENTON, MO US","    0",",,7,0700","    0",",,7","    0",",,7","  -56",",,7"," -133",",,7",,,,,,,,," -122",",,7,0700",,,,,,,,,,,,,,,,,,,,
"USC00238444","2019-03-07","40.0824","-93.6086","255.1","TRENTON, MO US","   20",",,7,0700","   25",",,7","   25",",,7","   22",",,7"," -122",",,7",,,,,,,,,"  -33",",,7,0700",,,,,,,,,,,,,,,,,,,,
"USC00238444","2019-03-08","40.0824","-93.6086","255.1","TRENTON, MO US","    0",",,7,0700","    0",",,7","   25",",,7","   -6",",,7","  -33",",,7",,,,,,,,,"  -11",",,7,0700",,,,,,,,,,,,,,,,,,,,
"USC00238444","2019-03-09","40.0824","-93.6086","255.1","TRENTON, MO US","  102",",,7,0700","    0",",,7","    0",",,7","   33",",,7","  -11",",,7",,,,,,,,,"   28",",,7,0700",,,,,,,,,,,,,,,,,,,,
"USC00238444","2019-03-10","40.0824","-93.6086","255.1","TRENTON, MO US","  147",",,7,0700","    0",",,7","    0",",,7","   50",",,7","  -17",",,7",,,,,,,,,"  -17",",,7,0700",,,,,,,,,,,,,,,,,,,,
"USC00238444","2019-03-11","40.0824","-93.6086","255.1","TRENTON, MO US","    0",",,7,0700","    0",",,7","    0",",,7","   56",",,7","  -39",",,7",,,,,,,,,"    6",",,7,0700",,,,,,,,,,,,,,,,,,,,
"USC00238444","2019-03-12","40.0824","-93.6086","255.1","TRENTON, MO US","    0",",,7,0700","    0",",,7","    0",",,7","  100",",,7","    0",",,7",,,,,,,,,"   33",",,7,0700",,,,,,,,,,,,,,,,,,,,
"USC00238444","2019-03-13","40.0824","-93.6086","255.1","TRENTON, MO US","  107",",,7,0700","    0",",,7","    0",",,7","  106",",,7","   33",",,7",,,,,,,,,"   89",",,7,0700",,,,,,,,,,,,,,,,,,,,
"USC00238444","2019-03-14","40.0824","-93.6086","255.1","TRENTON, MO US","   43",",,7,0700","    0",",,7","    0",",,7","  178",",,7","   72",",,7",,,,,,,,,"   72",",,7,0700",,,,,,,,,,,,,,,,,,,,
"USC00238444","2019-03-15","40.0824","-93.6086","255.1","TRENTON, MO US","    8",",,7,0700","    0",",,7","    0",",,7","   72",",,7","   -6",",,7",,,,,,,,,"   -6",",,7,0700",,,,,,,,,,,,,,,,,,,,
"USC00238444","2019-03-16","40.0824","-93.6086","255.1","TRENTON, MO US","    0",",,7,0700","    0",",,7","    0",",,7","   89",",,7","  -39",",,7",,,,,,,,,"  -39",",,7,0700",,,,,,,,,,,,,,,,,,,,
"USC00238444","2019-03-17","40.0824","-93.6086","255.1","TRENTON, MO US","    0",",,7,0700","    0",",,7","    0",",,7","  139",",,7","  -39",",,7",,,,,,,,,"  -11",",,7,0700",,,,,,,,,,,,,,,,,,,,
"USC00238444","2019-03-18","40.0824","-93.6086","255.1","TRENTON, MO US","    0",",,7,0700","    0",",,7","    0",",,7",,,"  -39",",,7",,,,,,,,,"  -28",",,7,0700",,,,,,,,,,,,,,,,,,,,
"USC00238444","2019-03-19","40.0824","-93.6086","255.1","TRENTON, MO US","    0",",,7,0700","    0",",,7","    0",",,7","   94",",,7","  -28",",,7",,,,,,,,,"   17",",,7,0700",,,,,,,,,,,,,,,,,,,,
"USC00238444","2019-03-20","40.0824","-93.6086","255.1","TRENTON, MO US","   20",",,7,0700","    0",",,7","    0",",,7","   89",",,7","   11",",,7",,,,,,,,,"   44",",,7,0700",,,,,,,,,,,,,,,,,,,,
"USC00238444","2019-03-21","40.0824","-93.6086","255.1","TRENTON, MO US","    0",",,7,0700","    0",",,7","    0",",,7","  117",",,7","   -6",",,7",,,,,,,,,"    0",",,7,0700",,,,,,,,,,,,,,,,,,,,
"USC00238444","2019-03-22","40.0824","-93.6086","255.1","TRENTON, MO US","    0",",,7,0700","    0",",,7","    0",",,7","  133",",,7","    0",",,7",,,,,,,,,"   22",",,7,0700",,,,,,,,,,,,,,,,,,,,
"USC00238444","2019-03-23","40.0824","-93.6086","255.1","TRENTON, MO US","    0",",,7,0700","    0",",,7","    0",",,7","  172",",,7","   17",",,7",,,,,,,,,"   44",",,7,0700",,,,,,,,,,,,,,,,,,,,
"USC00238444","2019-03-24","40.0824","-93.6086","255.1","TRENTON, MO US","    3",",,7,0700","    0",",,7","    0",",,7","  144",",,7","   44",",,7",,,,,,,,,"   83",",,7,0700",,,,,,,,,,,,,,,,,,,,
"USC00238444","2019-03-25","40.0824","-93.6086","255.1","TRENTON, MO US","   51",",,7,0700","    0",",,7","    0",",,7","  122",",,7","   67",",,7",,,,,,,,,"   67",",,7,0700",,,,,,,,,,,,,,,,,,,,
"USC00238444","2019-03-26","40.0824","-93.6086","255.1","TRENTON, MO US","    0",",,7,0700","    0",",,7","    0",",,7","  139",",,7","   17",",,7",,,,,,,,,"   33",",,7,0700",,,,,,,,,,,,,,,,,,,,
"USC00238444","2019-03-27","40.0824","-93.6086","255.1","TRENTON, MO US","    0",",,7,0700","    0",",,7","    0",",,7","  167",",,7","   33",",,7",,,,,,,,,"   56",",,7,0700",,,,,,,,,,,,,,,,,,,,
"USC00238444","2019-03-28","40.0824","-93.6086","255.1","TRENTON, MO US","    0",",,7,0700","    0",",,7","    0",",,7","  217",",,7","   56",",,7",,,,,,,,,"  128",",,7,0700",,,,,,,,,,,,,,,,,,,,
"USC00238444","2019-03-29","40.0824","-93.6086","255.1","TRENTON, MO US","  173",",,7,0700","    0",",,7","    0",",,7","  189",",,7","   67",",,7",,,,,,,,,"   72",",,7,0700",,,,,,,,,,,,,,,,,,,,
"USC00238444","2019-03-30","40.0824","-93.6086","255.1","TRENTON, MO US","  381",",,7,0700","    0",",,7","    0",",,7","   94",",,7","   22",",,7",,,,,,,,,"   28",",,7,0700",,,,,,,,,,,,,,,,,,,,
"USC00238444","2019-03-31","40.0824","-93.6086","255.1","TRENTON, MO US","    8",",,7,0700","    0",",,7","    0",",,7","   50",",,7","  -39",",,7",,,,,,,,,"  -28",",,7,0700",,,,,,,,,,,,,,,,,,,,
"USC00238444","2019-04-01","40.0824","-93.6086","255.1","TRENTON, MO US","    0",",,7,0700","    0",",,7","    0",",,7","   67",",,7","  -33",",,7",,,,,,,,,"   39",",,7,0700",,,,,,,,,,,,,,,,,,,,
"USC00238444","2019-04-02","40.0824","-93.6086","255.1","TRENTON, MO US","   18",",,7,0700","    0",",,7","    0",",,7","  139",",,7","   33",",,7",,,,,,,,,"   50",",,7,0700",,,,,,,,,,,,,,,,,,,,
"USC00238444","2019-04-03","40.0824","-93.6086","255.1","TRENTON, MO US",,,"    0",",,7","    0",",,7",,,,,,,,,,,,,,,,,,,,,,,,,,,,,,,,,,
"USC00238444","2019-04-04","40.0824","-93.6086","255.1","TRENTON, MO US","    5",",,7,0700","    0",",,7","    0",",,7",,,,,,,,,,,,,,,,,,,,,,,,,,,,,,,,,,
"USC00238444","2019-04-05","40.0824","-93.6086","255.1","TRENTON, MO US","    8",",,7,0700","    0",",,7","    0",",,7",,,,,,,,,,,,,,,,,,,,,,,,,,,,,,,,,,
"USC00238444","2019-04-06","40.0824","-93.6086","255.1","TRENTON, MO US","    0","T,,7,0700","    0",",,7","    0",",,7",,,,,,,,,,,,,,,,,,,,,,,,,,,,,,,,,,
"USC00238444","2019-04-07","40.0824","-93.6086","255.1","TRENTON, MO US","   15",",,7,0700","    0",",,7","    0",",,7",,,,,,,,,,,,,,,,,,,,,,,,,,,,,,,,,,
"USC00238444","2019-04-08","40.0824","-93.6086","255.1","TRENTON, MO US",,,"    0",",,7","    0",",,7",,,,,,,,,,,,,,,,,,,,,,,,,,,,,,,,,,
"USC00238444","2019-04-09","40.0824","-93.6086","255.1","TRENTON, MO US","    0",",,7,0700","    0",",,7","    0",",,7",,,,,,,,,,,,,,,,,,,,,,,,,,,,,,,,,,
"USC00238444","2019-04-10","40.0824","-93.6086","255.1","TRENTON, MO US","    0",",,7,0700","    0",",,7","    0",",,7",,,,,,,,,,,,,,,,,,,,,,,,,,,,,,,,,,
"USC00238444","2019-04-11","40.0824","-93.6086","255.1","TRENTON, MO US",,,"    0",",,7","    0",",,7",,,,,,,,,,,,,,,,,,,,,,,,,,,,,,,,,,
"USC00238444","2019-04-12","40.0824","-93.6086","255.1","TRENTON, MO US","    0",",,7,0700","    0",",,7","    0",",,7",,,,,,,,,,,,,,,,,,,,,,,,,,,,,,,,,,
"USC00238444","2019-04-13","40.0824","-93.6086","255.1","TRENTON, MO US","    0",",,7,0700","    0",",,7","    0",",,7",,,,,,,,,,,,,,,,,,,,,,,,,,,,,,,,,,
"USC00238444","2019-04-14","40.0824","-93.6086","255.1","TRENTON, MO US","    0",",,7,0700","    0",",,7","    0",",,7",,,,,,,,,,,,,,,,,,,,,,,,,,,,,,,,,,
"USC00238444","2019-04-15","40.0824","-93.6086","255.1","TRENTON, MO US","    0",",,7,0700","    0",",,7","    0",",,7",,,,,,,,,,,,,,,,,,,,,,,,,,,,,,,,,,
"USC00238444","2019-04-16","40.0824","-93.6086","255.1","TRENTON, MO US","    0",",,7,0700","    0",",,7","    0",",,7",,,,,,,,,,,,,,,,,,,,,,,,,,,,,,,,,,
"USC00238444","2019-04-17","40.0824","-93.6086","255.1","TRENTON, MO US","    0",",,7,0700","    0",",,7","    0",",,7",,,,,,,,,,,,,,,,,,,,,,,,,,,,,,,,,,
"USC00238444","2019-04-18","40.0824","-93.6086","255.1","TRENTON, MO US","   30",",,7,0700","    0",",,7","    0",",,7",,,,,,,,,,,,,,,,,"    1",",,7",,,,,,,,,,,,,,,,
"USC00238444","2019-04-19","40.0824","-93.6086","255.1","TRENTON, MO US","    0",",,7,0700","    0",",,7","    0",",,7",,,,,,,,,,,,,,,,,,,,,,,,,,,,,,,,,,
"USC00238444","2019-04-20","40.0824","-93.6086","255.1","TRENTON, MO US","    0",",,7,0700","    0",",,7","    0",",,7",,,,,,,,,,,,,,,,,,,,,,,,,,,,,,,,,,
"USC00238444","2019-04-21","40.0824","-93.6086","255.1","TRENTON, MO US","    0",",,7,0700","    0",",,7","    0",",,7",,,,,,,,,,,,,,,,,,,,,,,,,,,,,,,,,,
"USC00238444","2019-04-22","40.0824","-93.6086","255.1","TRENTON, MO US","    0",",,7,0700","    0",",,7","    0",",,7",,,,,,,,,,,,,,,,,,,,,,,,,,,,,,,,,,
"USC00238444","2019-04-23","40.0824","-93.6086","255.1","TRENTON, MO US","    0",",,7,0700","    0",",,7","    0",",,7",,,,,,,,,,,,,,,,,,,,,,,,,,,,,,,,,,
"USC00238444","2019-04-24","40.0824","-93.6086","255.1","TRENTON, MO US","   13",",,7,0700","    0",",,7","    0",",,7",,,,,,,,,,,,,,,,,,,,,,,,,,,,,,,,,,
"USC00238444","2019-04-25","40.0824","-93.6086","255.1","TRENTON, MO US","    0",",,7,0700","    0",",,7","    0",",,7",,,,,,,,,,,,,,,,,,,,,,,,,,,,,,,,,,
"USC00238444","2019-04-26","40.0824","-93.6086","255.1","TRENTON, MO US","    0",",,7,0700","    0",",,7","    0",",,7",,,,,,,,,,,,,,,,,,,,,,,,,,,,,,,,,,
"USC00238444","2019-04-27","40.0824","-93.6086","255.1","TRENTON, MO US","   30",",,7,0700","    0",",,7","    0",",,7",,,,,,,,,,,,,,,,,,,,,,,,,,,,,,,,,,
"USC00238444","2019-04-28","40.0824","-93.6086","255.1","TRENTON, MO US","    8",",,7,0700","    0",",,7","    0",",,7",,,,,,,,,,,,,,,,,,,,,,,,,,,,,,,,,,
"USC00238444","2019-04-29","40.0824","-93.6086","255.1","TRENTON, MO US","  173",",,7,0700","    0",",,7","    0",",,7",,,,,,,,,,,,,,,,,,,,,,,,,,,,,,,,,,
"USC00238444","2019-04-30","40.0824","-93.6086","255.1","TRENTON, MO US","  135",",,7,0700","    0",",,7","    0",",,7",,,,,,,,,,,,,,,,,,,,,,,,,,,,,,,,,,
"USC00238444","2019-05-01","40.0824","-93.6086","255.1","TRENTON, MO US","  262",",,7,0700","    0",",,7","    0",",,7",,,,,,,,,,,,,,,,,,,,,,,,,,,,,,,,,,
"USC00238444","2019-05-02","40.0824","-93.6086","255.1","TRENTON, MO US","   97",",,7,0700","    0",",,7","    0",",,7",,,,,,,,,,,,,,,,,,,,,,,,,,,,,,,,,,
"USC00238444","2019-05-03","40.0824","-93.6086","255.1","TRENTON, MO US","    3",",,7,0700","    0",",,7","    0",",,7",,,,,,,,,,,,,,,,,,,,,,,,,,,,,,,,,,
"USC00238444","2019-05-04","40.0824","-93.6086","255.1","TRENTON, MO US",,,"    0",",,7","    0",",,7",,,,,,,,,,,,,,,,,,,,,,,,,,,,,,,,,,
"USC00238444","2019-05-05","40.0824","-93.6086","255.1","TRENTON, MO US",,,"    0",",,7","    0",",,7",,,,,,,,,,,,,,,,,,,,,,,,,,,,,,,,,,
"USC00238444","2019-05-06","40.0824","-93.6086","255.1","TRENTON, MO US",,,"    0",",,7","    0",",,7",,,,,,,,,,,,,,,,,,,,,,,,,,,,,,,,,,
"USC00238444","2019-05-07","40.0824","-93.6086","255.1","TRENTON, MO US","   99",",,7,0700","    0",",,7","    0",",,7",,,,,,,,,,,,,,,,,,,,,,,,,,,,,,,,,,
"USC00238444","2019-05-08","40.0824","-93.6086","255.1","TRENTON, MO US","  130",",,7,0700","    0",",,7","    0",",,7","  144",",,7","  122",",,7",,,,,,,,,"  133",",,7,0700",,,,,,,,,,,,,,,,,,,,
"USC00238444","2019-05-09","40.0824","-93.6086","255.1","TRENTON, MO US","  157",",,7,0700","    0",",,7","    0",",,7","  228",",,7","   89",",,7",,,,,,,,,,,,,,,,,,,,,,,,,,,,,,
"USC00238444","2019-05-10","40.0824","-93.6086","255.1","TRENTON, MO US","    0",",,7,0700","    0",",,7","    0",",,7","   94",",,7","   44",",,7",,,,,,,,,"   44",",,7,0700",,,,,,,,,,,,,,,,,,,,
"USC00238444","2019-05-11","40.0824","-93.6086","255.1","TRENTON, MO US","   13",",,7,0700","    0",",,7","    0",",,7","  172",",,7","   44",",,7",,,,,,,,,"   94",",,7,0700",,,,,,,,,,,,,,,,,,,,
"USC00238444","2019-05-12","40.0824","-93.6086","255.1","TRENTON, MO US","   13",",,7,0700","    0",",,7","    0",",,7","  117",",,7","   67",",,7",,,,,,,,,"   78",",,7,0700",,,,,,,,,,,,,,,,,,,,
"USC00238444","2019-05-13","40.0824","-93.6086","255.1","TRENTON, MO US","   38",",,7,0700","    0",",,7","    0",",,7","  133",",,7","   33",",,7",,,,,,,,,"   39",",,7,0700",,,,,,,,,,,,,,,,,,,,
"USC00238444","2019-05-14","40.0824","-93.6086","255.1","TRENTON, MO US","    3",",,7,0700","    0",",,7","    0",",,7",,,"   39",",,7",,,,,,,,,,,,,,,,,,,,,,,,,,,,,,
"USC00238444","2019-05-15","40.0824","-93.6086","255.1","TRENTON, MO US","   10",",,7,0700","    0",",,7","    0",",,7","  261",",,7","   94",",,7",,,,,,,,,"  122",",,7,0700",,,,,,,,,,,,,,,,,,,,
"USC00238444","2019-05-16","40.0824","-93.6086","255.1","TRENTON, MO US","    0",",,7,0700","    0",",,7","    0",",,7","  278",",,7","  122",",,7",,,,,,,,,"  172",",,7,0700",,,,,,,,,,,,,,,,,,,,
"USC00238444","2019-05-17","40.0824","-93.6086","255.1","TRENTON, MO US","    0",",,7,0700","    0",",,7","    0",",,7","  328",",,7","  172",",,7",,,,,,,,,"  200",",,7,0700",,,,,,,,,,,,,,,,,,,,
"USC00238444","2019-05-18","40.0824","-93.6086","255.1","TRENTON, MO US","   20",",,7,0700","    0",",,7","    0",",,7","  300",",,7","  183",",,7",,,,,,,,,"  183",",,7,0700",,,,,,,,,,,,,,,,,,,,
"USC00238444","2019-05-19","40.0824","-93.6086","255.1","TRENTON, MO US","  561",",,7,0700","    0",",,7","    0",",,7","  250",",,7","  133",",,7",,,,,,,,,"  144",",,7,0700",,,,,,,,,,,,,,,,,,,,
"USC00238444","2019-05-20","40.0824","-93.6086","255.1","TRENTON, MO US","   23",",,7,0700","    0",",,7","    0",",,7","  172",",,7","   78",",,7",,,,,,,,,"   78",",,7,0700",,,,,,,,,,,,,,,,,,,,
"USC00238444","2019-05-21","40.0824","-93.6086","255.1","TRENTON, MO US","  330",",,7,0700","    0",",,7","    0",",,7","  144",",,7","   72",",,7",,,,,,,,,"   89",",,7,0700",,,,,,,,,,,,,,,,,,,,
"USC00238444","2019-05-22","40.0824","-93.6086","255.1","TRENTON, MO US","  251",",,7,0700","    0",",,7","    0",",,7","  156",",,7","   78",",,7",,,,,,,,,"  144",",,7,0700",,,,,,,,,,,,,,,,,,,,
"USC00238444","2019-05-23","40.0824","-93.6086","255.1","TRENTON, MO US","   20",",,7,0700","    0",",,7","    0",",,7","  244",",,7","   78",",,7",,,,,,,,,"  139",",,7,0700",,,,,,,,,,,,,,,,,,,,
"USC00238444","2019-05-24","40.0824","-93.6086","255.1","TRENTON, MO US","    8",",,7,0700","    0",",,7","    0",",,7","  244",",,7","  111",",,7",,,,,,,,,"  200",",,7,0700",,,,,,,,,,,,,,,,,,,,
"USC00238444","2019-05-25","40.0824","-93.6086","255.1","TRENTON, MO US",,,"    0",",,7","    0",",,7",,,,,,,,,,,,,,,,,,,,,,,,,,,,,,,,,,
"USC00238444","2019-05-26","40.0824","-93.6086","255.1","TRENTON, MO US",,,"    0",",,7","    0",",,7","  278",",,7","  172",",,7","    2",",,7",,,"  513",",,7",,,"  189",",,7,0700",,,"    1",",,7",,,,,,,,,,,,,,,,
"USC00238444","2019-05-27","40.0824","-93.6086","255.1","TRENTON, MO US","    3",",,7,0700","    0",",,7","    0",",,7","  278",",,7","  183",",,7",,,,,,,,,"  183",",,7,0700",,,,,,,,,,,,,,,,,,,,
"USC00238444","2019-05-28","40.0824","-93.6086","255.1","TRENTON, MO US","    3",",,7,0700","    0",",,7","    0",",,7","  267",",,7","  172",",,7",,,,,,,,,"  172",",,7,0700",,,,,,,,,,,,,,,,,,,,
"USC00238444","2019-05-29","40.0824","-93.6086","255.1","TRENTON, MO US"," 1092",",,7,0700","    0",",,7","    0",",,7","  250",",,7","  144",",,7",,,,,,,,,"  167",",,7,0700",,,,,,,,,,,,,,,,,,,,
"USC00238444","2019-05-30","40.0824","-93.6086","255.1","TRENTON, MO US","    0",",,7,0700","    0",",,7","    0",",,7","  233",",,7","  133",",,7",,,,,,,,,"  139",",,7,0700",,,,,,,,,,,,,,,,,,,,
"USC00238444","2019-05-31","40.0824","-93.6086","255.1","TRENTON, MO US","   25",",,7,0700","    0",",,7","    0",",,7","  222",",,7","  133",",,7",,,,,,,,,"  139",",,7,0700",,,,,,,,,,,,,,,,,,,,
"USC00238444","2019-06-01","40.0824","-93.6086","255.1","TRENTON, MO US","    0","T,,7,0700","    0",",,7","    0",",,7","  278",",,7","  139",",,7",,,,,,,,,"  156",",,7,0700",,,,,,,,,,,,,,,,,,,,
"USC00238444","2019-06-02","40.0824","-93.6086","255.1","TRENTON, MO US","    0",",,7,0700","    0",",,7","    0",",,7","  289",",,7","  144",",,7",,,,,,,,,"  144",",,7,0700",,,,,,,,,,,,,,,,,,,,
"USC00238444","2019-06-03","40.0824","-93.6086","255.1","TRENTON, MO US","    0",",,7,0700","    0",",,7","    0",",,7","  250",",,7","  133",",,7",,,,,,,,,"  139",",,7,0700",,,,,,,,,,,,,,,,,,,,
"USC00238444","2019-06-04","40.0824","-93.6086","255.1","TRENTON, MO US","    0",",,7,0700","    0",",,7","    0",",,7","  267",",,7","  139",",,7",,,,,,,,,"  194",",,7,0700",,,,,,,,,,,,,,,,,,,,
"USC00238444","2019-06-05","40.0824","-93.6086","255.1","TRENTON, MO US","    0",",,7,0700","    0",",,7","    0",",,7","  294",",,7","  194",",,7",,,,,,,,,"  211",",,7,0700",,,,,,,,,,,,,,,,,,,,
"USC00238444","2019-06-06","40.0824","-93.6086","255.1","TRENTON, MO US","   48",",,7,0700","    0",",,7","    0",",,7","  328",",,7","  183",",,7",,,,,,,,,"  189",",,7,0700",,,,,,,,,,,,,,,,,,,,
"USC00238444","2019-06-07","40.0824","-93.6086","255.1","TRENTON, MO US","    0",",,7,0700","    0",",,7","    0",",,7","  300",",,7","  178",",,7",,,,,,,,,"  194",",,7,0700",,,,,,,,,,,,,,,,,,,,
"USC00238444","2019-06-08","40.0824","-93.6086","255.1","TRENTON, MO US","    0",",,7,0700","    0",",,7","    0",",,7","  306",",,7","  172",",,7",,,,,,,,,"  189",",,7,0700",,,,,,,,,,,,,,,,,,,,
"USC00238444","2019-06-09","40.0824","-93.6086","255.1","TRENTON, MO US","    0",",,7,0700","    0",",,7","    0",",,7","  300",",,7","  183",",,7",,,,,,,,,"  189",",,7,0700",,,,,,,,,,,,,,,,,,,,
"USC00238444","2019-06-10","40.0824","-93.6086","255.1","TRENTON, MO US","    0",",,7,0700","    0",",,7","    0",",,7","  278",",,7","  133",",,7",,,,,,,,,"  133",",,7,0700",,,,,,,,,,,,,,,,,,,,
"USC00238444","2019-06-11","40.0824","-93.6086","255.1","TRENTON, MO US","    0",",,7,0700","    0",",,7","    0",",,7","  256",",,7","  133",",,7",,,,,,,,,"  139",",,7,0700",,,,,,,,,,,,,,,,,,,,
"USC00238444","2019-06-12","40.0824","-93.6086","255.1","TRENTON, MO US","    5",",,7,0700","    0",",,7","    0",",,7","  267",",,7","  139",",,7",,,,,,,,,"  156",",,7,0700",,,,,,,,,,,,,,,,,,,,
"USC00238444","2019-06-13","40.0824","-93.6086","255.1","TRENTON, MO US","   71",",,7,0700","    0",",,7","    0",",,7","  233",",,7","  106",",,7",,,,,,,,,"  111",",,7,0700",,,,,,,,,,,,,,,,,,,,
"USC00238444","2019-06-14","40.0824","-93.6086","255.1","TRENTON, MO US","    0",",,7,0700","    0",",,7","    0",",,7","  244",",,7","  111",",,7",,,,,,,,,"  167",",,7,0700",,,,,,,,,,,,,,,,,,,,
"USC00238444","2019-06-15","40.0824","-93.6086","255.1","TRENTON, MO US","   51",",,7,0700","    0",",,7","    0",",,7","  239",",,7","  167",",,7",,,,,,,,,"  194",",,7,0700",,,,,,,,,,,,,,,,,,,,
"USC00238444","2019-06-16","40.0824","-93.6086","255.1","TRENTON, MO US","   10",",,7,0700","    0",",,7","    0",",,7","  300",",,7","  189",",,7",,,,,,,,,"  200",",,7,0700",,,,,,,,,,,,,,,,,,,,
"USC00238444","2019-06-17","40.0824","-93.6086","255.1","TRENTON, MO US","    0",",,7,0700","    0",",,7","    0",",,7","  300",",,7","  172",",,7",,,,,,,,,"  178",",,7,0700",,,,,,,,,,,,,,,,,,,,
"USC00238444","2019-06-18","40.0824","-93.6086","255.1","TRENTON, MO US","    0",",,7,0700","    0",",,7","    0",",,7","  278",",,7","  161",",,7",,,,,,,,,"  167",",,7,0700",,,,,,,,,,,,,,,,,,,,
"USC00238444","2019-06-19","40.0824","-93.6086","255.1","TRENTON, MO US","  173",",,7,0700","    0",",,7","    0",",,7","  267",",,7","  167",",,7",,,,,,,,,"  189",",,7,0700",,,,,,,,,,,,,,,,,,,,
"USC00238444","2019-06-20","40.0824","-93.6086","255.1","TRENTON, MO US","   99",",,7,0700","    0",",,7","    0",",,7","  211",",,7","  156",",,7",,,,,,,,,"  156",",,7,0700",,,,,,,,,,,,,,,,,,,,
"USC00238444","2019-06-21","40.0824","-93.6086","255.1","TRENTON, MO US","    0",",,7,0700","    0",",,7","    0",",,7","  267",",,7","  156",",,7",,,,,,,,,"  211",",,7,0700",,,,,,,,,,,,,,,,,,,,
"USC00238444","2019-06-22","40.0824","-93.6086","255.1","TRENTON, MO US","  673",",,7,0700","    0",",,7","    0",",,7","  256",",,7","  183",",,7",,,,,,,,,"  194",",,7,0700",,,,,,,,,,,,,,,,,,,,
"USC00238444","2019-06-23","40.0824","-93.6086","255.1","TRENTON, MO US","  394",",,7,0700","    0",",,7","    0",",,7","  300",",,7","  178",",,7",,,,,,,,,"  183",",,7,0700",,,"    1",",,7",,,,,,,,,,,,,,,,
"USC00238444","2019-06-24","40.0824","-93.6086","255.1","TRENTON, MO US","   33",",,7,0700","    0",",,7","    0",",,7","  222",",,7","  183",",,7",,,,,,,,,"  183",",,7,0700",,,,,,,,,,,,,,,,,,,,
"USC00238444","2019-06-25","40.0824","-93.6086","255.1","TRENTON, MO US","    0",",,7,0700","    0",",,7","    0",",,7","  250",",,7","  167",",,7",,,,,,,,,"  178",",,7,0700",,,,,,,,,,,,,,,,,,,,
"USC00238444","2019-06-26","40.0824","-93.6086","255.1","TRENTON, MO US","    0",",,7,0700","    0",",,7","    0",",,7","  311",",,7","  178",",,7",,,,,,,,,"  189",",,7,0700",,,,,,,,,,,,,,,,,,,,
"USC00238444","2019-06-27","40.0824","-93.6086","255.1","TRENTON, MO US","    0",",,7,0700","    0",",,7","    0",",,7","  317",",,7","  178",",,7",,,,,,,,,"  211",",,7,0700",,,,,,,,,,,,,,,,,,,,
"USC00238444","2019-06-28","40.0824","-93.6086","255.1","TRENTON, MO US","    0",",,7,0700","    0",",,7","    0",",,7","  322",",,7","  211",",,7",,,,,,,,,"  239",",,7,0700",,,,,,,,,,,,,,,,,,,,
"USC00238444","2019-06-29","40.0824","-93.6086","255.1","TRENTON, MO US","    0",",,7,0700","    0",",,7","    0",",,7","  317",",,7","  228",",,7",,,,,,,,,"  233",",,7,0700",,,,,,,,,,,,,,,,,,,,
"USC00238444","2019-06-30","40.0824","-93.6086","255.1","TRENTON, MO US","    0",",,7,0700","    0",",,7","    0",",,7","  339",",,7","  228",",,7",,,,,,,,,,,,,,,,,,,,,,,,,,,,,,
"USC00238444","2019-07-01","40.0824","-93.6086","255.1","TRENTON, MO US","    0",",,7,0700","    0",",,7","    0",",,7","  339",",,7","  222",",,7",,,,,,,,,"  228",",,7,0700",,,,,,,,,,,,,,,,,,,,
"USC00238444","2019-07-02","40.0824","-93.6086","255.1","TRENTON, MO US","    0",",,7,0700","    0",",,7","    0",",,7","  328",",,7","  222",",,7",,,,,,,,,"  228",",,7,0700",,,,,,,,,,,,,,,,,,,,
"USC00238444","2019-07-03","40.0824","-93.6086","255.1","TRENTON, MO US","    0",",,7,0700","    0",",,7","    0",",,7","  333",",,7","  228",",,7",,,,,,,,,"  233",",,7,0700",,,,,,,,,,,,,,,,,,,,
"USC00238444","2019-07-04","40.0824","-93.6086","255.1","TRENTON, MO US","    0",",,7,0700","    0",",,7","    0",",,7","  328",",,7","  211",",,7",,,,,,,,,"  217",",,7,0700",,,,,,,,,,,,,,,,,,,,
"USC00238444","2019-07-05","40.0824","-93.6086","255.1","TRENTON, MO US","    0",",,7,0700","    0",",,7","    0",",,7","  300",",,7","  206",",,7",,,,,,,,,"  222",",,7,0700",,,,,,,,,,,,,,,,,,,,
"USC00238444","2019-07-06","40.0824","-93.6086","255.1","TRENTON, MO US","    0",",,7,0700","    0",",,7","    0",",,7","  300",",,7","  222",",,7",,,,,,,,,"  222",",,7,0700",,,,,,,,,,,,,,,,,,,,
"USC00238444","2019-07-07","40.0824","-93.6086","255.1","TRENTON, MO US","    0",",,7,0700","    0",",,7","    0",",,7","  300",",,7","  206",",,7",,,,,,,,,"  206",",,7,0700",,,,,,,,,,,,,,,,,,,,
"USC00238444","2019-07-08","40.0824","-93.6086","255.1","TRENTON, MO US","    0",",,7,0700","    0",",,7","    0",",,7","  311",",,7","  206",",,7",,,,,,,,,"  211",",,7,0700",,,,,,,,,,,,,,,,,,,,
"USC00238444","2019-07-09","40.0824","-93.6086","255.1","TRENTON, MO US","    0",",,7,0700","    0",",,7","    0",",,7","  311",",,7","  211",",,7",,,,,,,,,"  228",",,7,0700",,,,,,,,,,,,,,,,,,,,
"USC00238444","2019-07-10","40.0824","-93.6086","255.1","TRENTON, MO US","    3",",,7,0700","    0",",,7","    0",",,7","  333",",,7","  217",",,7",,,,,,,,,"  222",",,7,0700",,,,,,,,,,,,,,,,,,,,
"USC00238444","2019-07-11","40.0824","-93.6086","255.1","TRENTON, MO US","    0",",,7,0700","    0",",,7","    0",",,7","  311",",,7","  194",",,7",,,,,,,,,"  194",",,7,0700",,,,,,,,,,,,,,,,,,,,
"USC00238444","2019-07-12","40.0824","-93.6086","255.1","TRENTON, MO US","    0",",,7,0700","    0",",,7","    0",",,7","  294",",,7","  183",",,7",,,,,,,,,"  183",",,7,0700",,,,,,,,,,,,,,,,,,,,
"USC00238444","2019-07-13","40.0824","-93.6086","255.1","TRENTON, MO US","    0",",,7,0700","    0",",,7","    0",",,7","  322",",,7","  183",",,7",,,,,,,,,"  200",",,7,0700",,,,,,,,,,,,,,,,,,,,
"USC00238444","2019-07-14","40.0824","-93.6086","255.1","TRENTON, MO US","    0",",,7,0700","    0",",,7","    0",",,7","  333",",,7","  200",",,7",,,,,,,,,"  200",",,7,0700",,,,,,,,,,,,,,,,,,,,
"USC00238444","2019-07-15","40.0824","-93.6086","255.1","TRENTON, MO US","    0",",,7,0700","    0",",,7","    0",",,7","  339",",,7","  200",",,7",,,,,,,,,"  200",",,7,0700",,,,,,,,,,,,,,,,,,,,
"USC00238444","2019-07-16","40.0824","-93.6086","255.1","TRENTON, MO US","    0",",,7,0700","    0",",,7","    0",",,7","  300",",,7","  194",",,7",,,,,,,,,"  206",",,7,0700",,,,,,,,,,,,,,,,,,,,
"USC00238444","2019-07-17","40.0824","-93.6086","255.1","TRENTON, MO US","    0",",,7,0700","    0",",,7","    0",",,7","  322",",,7","  200",",,7",,,,,,,,,"  228",",,7,0700",,,,,,,,,,,,,,,,,,,,
"USC00238444","2019-07-18","40.0824","-93.6086","255.1","TRENTON, MO US","    0",",,7,0700","    0",",,7","    0",",,7","  350",",,7","  228",",,7",,,,,,,,,"  261",",,7,0700",,,,,,,,,,,,,,,,,,,,
"USC00238444","2019-07-19","40.0824","-93.6086","255.1","TRENTON, MO US","    0",",,7,0700","    0",",,7","    0",",,7","  356",",,7","  228",",,7",,,,,,,,,"  261",",,7,0700",,,,,,,,,,,,,,,,,,,,
"USC00238444","2019-07-20","40.0824","-93.6086","255.1","TRENTON, MO US","    0",",,7,0700","    0",",,7","    0",",,7","  361",",,7","  256",",,7",,,,,,,,,"  256",",,7,0700",,,,,,,,,,,,,,,,,,,,
"USC00238444","2019-07-21","40.0824","-93.6086","255.1","TRENTON, MO US","  711",",,7,0700","    0",",,7","    0",",,7","  361",",,7","  206",",,7",,,,,,,,,"  217",",,7,0700",,,"    1",",,7",,,,,,,,,,,,,,,,
"USC00238444","2019-07-22","40.0824","-93.6086","255.1","TRENTON, MO US","   13",",,7,0700","    0",",,7","    0",",,7","  289",",,7","  189",",,7",,,,,,,,,"  189",",,7,0700",,,,,,,,,,,,,,,,,,,,
"USC00238444","2019-07-23","40.0824","-93.6086","255.1","TRENTON, MO US","    0",",,7,0700","    0",",,7","    0",",,7","  289",",,7","  150",",,7",,,,,,,,,"  150",",,7,0700",,,,,,,,,,,,,,,,,,,,
"USC00238444","2019-07-24","40.0824","-93.6086","255.1","TRENTON, MO US","    0",",,7,0700","    0",",,7","    0",",,7","  272",",,7","  150",",,7",,,,,,,,,"  161",",,7,0700",,,,,,,,,,,,,,,,,,,,
"USC00238444","2019-07-25","40.0824","-93.6086","255.1","TRENTON, MO US","    0",",,7,0700","    0",",,7","    0",",,7","  289",",,7","  161",",,7",,,,,,,,,"  172",",,7,0700",,,,,,,,,,,,,,,,,,,,
"USC00238444","2019-07-26","40.0824","-93.6086","255.1","TRENTON, MO US","    0",",,7,0700","    0",",,7","    0",",,7","  294",",,7","  172",",,7",,,,,,,,,"  194",",,7,0700",,,,,,,,,,,,,,,,,,,,
"USC00238444","2019-07-27","40.0824","-93.6086","255.1","TRENTON, MO US","    0",",,7,0700","    0",",,7","    0",",,7","  300",",,7","  189",",,7",,,,,,,,,"  194",",,7,0700",,,,,,,,,,,,,,,,,,,,
"USC00238444","2019-07-28","40.0824","-93.6086","255.1","TRENTON, MO US","    0",",,7,0700","    0",",,7","    0",",,7","  317",",,7","  194",",,7",,,,,,,,,"  200",",,7,0700",,,,,,,,,,,,,,,,,,,,
"USC00238444","2019-07-29","40.0824","-93.6086","255.1","TRENTON, MO US","  368",",,7,0700","    0",",,7","    0",",,7","  317",",,7","  200",",,7",,,,,,,,,"  200",",,7,0700",,,,,,,,,,,,,,,,,,,,
"USC00238444","2019-07-30","40.0824","-93.6086","255.1","TRENTON, MO US","    0",",,7,0700","    0",",,7","    0",",,7","  300",",,7","  172",",,7",,,,,,,,,"  178",",,7,0700",,,,,,,,,,,,,,,,,,,,
"USC00238444","2019-07-31","40.0824","-93.6086","255.1","TRENTON, MO US","    3",",,7,0700","    0",",,7","    0",",,7","  278",",,7","  178",",,7",,,,,,,,,"  189",",,7,0700",,,,,,,,,,,,,,,,,,,,
"USC00238444","2019-08-01","40.0824","-93.6086","255.1","TRENTON, MO US","  124",",,7,0700","    0",",,7","    0",",,7","  233",",,7","  189",",,7",,,,,,,,,"  194",",,7,0700",,,,,,,,,,,,,,,,,,,,
"USC00238444","2019-08-02","40.0824","-93.6086","255.1","TRENTON, MO US","    0",",,7,0700","    0",",,7","    0",",,7","  289",",,7","  167",",,7",,,,,,,,,"  172",",,7,0700",,,,,,,,,,,,,,,,,,,,
"USC00238444","2019-08-03","40.0824","-93.6086","255.1","TRENTON, MO US","    0",",,7,0700","    0",",,7","    0",",,7","  294",",,7","  167",",,7",,,,,,,,,"  200",",,7,0700",,,,,,,,,,,,,,,,,,,,
"USC00238444","2019-08-04","40.0824","-93.6086","255.1","TRENTON, MO US","    0",",,7,0700","    0",",,7","    0",",,7","  300",",,7","  183",",,7",,,,,,,,,"  183",",,7,0700",,,,,,,,,,,,,,,,,,,,
"USC00238444","2019-08-05","40.0824","-93.6086","255.1","TRENTON, MO US","    0",",,7,0700","    0",",,7","    0",",,7","  306",",,7","  183",",,7",,,,,,,,,"  183",",,7,0700",,,,,,,,,,,,,,,,,,,,
"USC00238444","2019-08-06","40.0824","-93.6086","255.1","TRENTON, MO US","    0",",,7,0700","    0",",,7","    0",",,7","  300",",,7","  183",",,7",,,,,,,,,"  233",",,7,0700",,,,,,,,,,,,,,,,,,,,
"USC00238444","2019-08-07","40.0824","-93.6086","255.1","TRENTON, MO US","    0",",,7,0700","    0",",,7","    0",",,7","  300",",,7","  183",",,7",,,,,,,,,"  189",",,7,0700",,,,,,,,,,,,,,,,,,,,
"USC00238444","2019-08-08","40.0824","-93.6086","255.1","TRENTON, MO US","    0",",,7,0700","    0",",,7","    0",",,7","  306",",,7","  189",",,7",,,,,,,,,"  206",",,7,0700",,,,,,,,,,,,,,,,,,,,
"USC00238444","2019-08-09","40.0824","-93.6086","255.1","TRENTON, MO US","    0",",,7,0700","    0",",,7","    0",",,7","  311",",,7","  200",",,7",,,,,,,,,"  200",",,7,0700",,,,,,,,,,,,,,,,,,,,
"USC00238444","2019-08-10","40.0824","-93.6086","255.1","TRENTON, MO US","    0",",,7,0700","    0",",,7","    0",",,7","  306",",,7","  194",",,7",,,,,,,,,"  200",",,7,0700",,,,,,,,,,,,,,,,,,,,
"USC00238444","2019-08-11","40.0824","-93.6086","255.1","TRENTON, MO US","    0",",,7,0700","    0",",,7","    0",",,7","  322",",,7","  194",",,7",,,,,,,,,"  228",",,7,0700",,,,,,,,,,,,,,,,,,,,
"USC00238444","2019-08-12","40.0824","-93.6086","255.1","TRENTON, MO US","  500",",,7,0700","    0",",,7","    0",",,7","  278",",,7","  217",",,7",,,,,,,,,"  217",",,7,0700",,,,,,,,,,,,,,,,,,,,
"USC00238444","2019-08-13","40.0824","-93.6086","255.1","TRENTON, MO US","    0",",,7,0700","    0",",,7","    0",",,7","  322",",,7","  217",",,7",,,,,,,,,"  222",",,7,0700",,,,,,,,,,,,,,,,,,,,
"USC00238444","2019-08-14","40.0824","-93.6086","255.1","TRENTON, MO US",,,"    0",",,7","    0",",,7","  306",",,7","  194",",,7",,,,,,,,,"  194",",,7,0700",,,,,,,,,,,,,,,,,,,,
"USC00238444","2019-08-15","40.0824","-93.6086","255.1","TRENTON, MO US","    0",",,7,0700","    0",",,7","    0",",,7","  261",",,7","  167",",,7",,,,,,,,,"  167",",,7,0700",,,,,,,,,,,,,,,,,,,,
"USC00238444","2019-08-16","40.0824","-93.6086","255.1","TRENTON, MO US","   25",",,7,0700","    0",",,7","    0",",,7","  256",",,7","  167",",,7",,,,,,,,,"  200",",,7,0700",,,,,,,,,,,,,,,,,,,,
"USC00238444","2019-08-17","40.0824","-93.6086","255.1","TRENTON, MO US","  178",",,7,0700","    0",",,7","    0",",,7","  278",",,7","  189",",,7",,,,,,,,,"  194",",,7,0700",,,,,,,,,,,,,,,,,,,,
"USC00238444","2019-08-18","40.0824","-93.6086","255.1","TRENTON, MO US","  135",",,7,0700","    0",",,7","    0",",,7","  283",",,7","  194",",,7",,,,,,,,,"  228",",,7,0700",,,,,,,,,,,,,,,,,,,,
"USC00238444","2019-08-19","40.0824","-93.6086","255.1","TRENTON, MO US","   10",",,7,0700","    0",",,7","    0",",,7","  294",",,7","  194",",,7",,,,,,,,,"  217",",,7,0700",,,,,,,,,,,,,,,,,,,,
"USC00238444","2019-08-20","40.0824","-93.6086","255.1","TRENTON, MO US","    0",",,7,0700","    0",",,7","    0",",,7","  328",",,7","  217",",,7",,,,,,,,,"  256",",,7,0700",,,,,,,,,,,,,,,,,,,,
"USC00238444","2019-08-21","40.0824","-93.6086","255.1","TRENTON, MO US","   89",",,7,0700","    0",",,7","    0",",,7","  294",",,7","  206",",,7",,,,,,,,,"  206",",,7,0700",,,,,,,,,,,,,,,,,,,,
"USC00238444","2019-08-22","40.0824","-93.6086","255.1","TRENTON, MO US","   53",",,7,0700","    0",",,7","    0",",,7","  272",",,7","  194",",,7",,,,,,,,,"  200",",,7,0700",,,,,,,,,,,,,,,,,,,,
"USC00238444","2019-08-23","40.0824","-93.6086","255.1","TRENTON, MO US","    3",",,7,0700","    0",",,7","    0",",,7","  278",",,7","  167",",,7",,,,,,,,,"  167",",,7,0700",,,,,,,,,,,,,,,,,,,,
"USC00238444","2019-08-24","40.0824","-93.6086","255.1","TRENTON, MO US","    0",",,7,0700","    0",",,7","    0",",,7","  278",",,7","  161",",,7",,,,,,,,,"  161",",,7,0700",,,,,,,,,,,,,,,,,,,,
"USC00238444","2019-08-25","40.0824","-93.6086","255.1","TRENTON, MO US","   10",",,7,0700","    0",",,7","    0",",,7","  250",",,7","  161",",,7",,,,,,,,,"  183",",,7,0700",,,,,,,,,,,,,,,,,,,,
"USC00238444","2019-08-26","40.0824","-93.6086","255.1","TRENTON, MO US","  147",",,7,0700","    0",",,7","    0",",,7","  200",",,7","  183",",,7",,,,,,,,,"  183",",,7,0700",,,"    1",",,7",,,,,,,,,,,,,,,,
"USC00238444","2019-08-27","40.0824","-93.6086","255.1","TRENTON, MO US","   23",",,7,0700","    0",",,7","    0",",,7","  233",",,7","  167",",,7",,,,,,,,,"  167",",,7,0700",,,,,,,,,,,,,,,,,,,,
"USC00238444","2019-08-28","40.0824","-93.6086","255.1","TRENTON, MO US","    0",",,7,0700","    0",",,7","    0",",,7","  261",",,7","  139",",,7",,,,,,,,,"  139",",,7,0700",,,,,,,,,,,,,,,,,,,,
"USC00238444","2019-08-29","40.0824","-93.6086","255.1","TRENTON, MO US","    0",",,7,0700","    0",",,7","    0",",,7","  267",",,7","  139",",,7",,,,,,,,,"  183",",,7,0700",,,,,,,,,,,,,,,,,,,,
"USC00238444","2019-08-30","40.0824","-93.6086","255.1","TRENTON, MO US","  452",",,7,0700","    0",",,7","    0",",,7","  317",",,7","  178",",,7",,,,,,,,,"  183",",,7,0700",,,,,,,,,,,,,,,,,,,,
"USC00238444","2019-08-31","40.0824","-93.6086","255.1","TRENTON, MO US","    0",",,7,0700","    0",",,7","    0",",,7","  244",",,7","  128",",,7",,,,,,,,,"  128",",,7,0700",,,,,,,,,,,,,,,,,,,,
"USC00238444","2019-09-01","40.0824","-93.6086","255.1","TRENTON, MO US","    0",",,7,0700","    0",",,7","    0",",,7","  244",",,7","  128",",,7",,,,,,,,,"  156",",,7,0700",,,,,,,,,,,,,,,,,,,,
"USC00238444","2019-09-02","40.0824","-93.6086","255.1","TRENTON, MO US","    0",",,7,0700","    0",",,7","    0",",,7","  267",",,7","  150",",,7",,,,,,,,,"  161",",,7,0700",,,,,,,,,,,,,,,,,,,,
"USC00238444","2019-09-03","40.0824","-93.6086","255.1","TRENTON, MO US","    3",",,7,0700","    0",",,7","    0",",,7","  283",",,7","  161",",,7",,,,,,,,,"  239",",,7,0700",,,,,,,,,,,,,,,,,,,,
"USC00238444","2019-09-04","40.0824","-93.6086","255.1","TRENTON, MO US","    0",",,7,0700","    0",",,7","    0",",,7","  322",",,7","  156",",,7",,,,,,,,,"  156",",,7,0700",,,,,,,,,,,,,,,,,,,,
"USC00238444","2019-09-05","40.0824","-93.6086","255.1","TRENTON, MO US","    0",",,7,0700","    0",",,7","    0",",,7","  250",",,7","  144",",,7",,,,,,,,,"  150",",,7,0700",,,,,,,,,,,,,,,,,,,,
"USC00238444","2019-09-06","40.0824","-93.6086","255.1","TRENTON, MO US","    0",",,7,0700","    0",",,7","    0",",,7","  294",",,7","  150",",,7",,,,,,,,,"  217",",,7,0700",,,,,,,,,,,,,,,,,,,,
"USC00238444","2019-09-07","40.0824","-93.6086","255.1","TRENTON, MO US","    3",",,7,0700","    0",",,7","    0",",,7","  272",",,7","  156",",,7",,,,,,,,,"  161",",,7,0700",,,,,,,,,,,,,,,,,,,,
"USC00238444","2019-09-08","40.0824","-93.6086","255.1","TRENTON, MO US","  310",",,7,0700","    0",",,7","    0",",,7","  272",",,7","  161",",,7",,,,,,,,,"  178",",,7,0700",,,,,,,,,,,,,,,,,,,,
"USC00238444","2019-09-09","40.0824","-93.6086","255.1","TRENTON, MO US","    3",",,7,0700","    0",",,7","    0",",,7","  256",",,7","  178",",,7",,,,,,,,,"  206",",,7,0700",,,,,,,,,,,,,,,,,,,,
"USC00238444","2019-09-10","40.0824","-93.6086","255.1","TRENTON, MO US","    0",",,7,0700","    0",",,7","    0",",,7","  322",",,7","  206",",,7",,,,,,,,,"  233",",,7,0700",,,,,,,,,,,,,,,,,,,,
"USC00238444","2019-09-11","40.0824","-93.6086","255.1","TRENTON, MO US","    0",",,7,0700","    0",",,7","    0",",,7","  300",",,7","  228",",,7",,,,,,,,,"  228",",,7,0700",,,,,,,,,,,,,,,,,,,,
"USC00238444","2019-09-12","40.0824","-93.6086","255.1","TRENTON, MO US","    0",",,7,0700","    0",",,7","    0",",,7","  317",",,7","  217",",,7",,,,,,,,,"  217",",,7,0700",,,,,,,,,,,,,,,,,,,,
"USC00238444","2019-09-13","40.0824","-93.6086","255.1","TRENTON, MO US",,,"    0",",,7","    0",",,7","  300",",,7","  161",",,7",,,,,,,,,"  161",",,7,0700",,,,,,,,,,,,,,,,,,,,
"USC00238444","2019-09-14","40.0824","-93.6086","255.1","TRENTON, MO US","    0",",,7,0700","    0",",,7","    0",",,7","  250",",,7","  139",",,7",,,,,,,,,"  144",",,7,0700",,,,,,,,,,,,,,,,,,,,
"USC00238444","2019-09-15","40.0824","-93.6086","255.1","TRENTON, MO US","   20",",,7,0700","    0",",,7","    0",",,7","  294",",,7","  144",",,7",,,,,,,,,"  239",",,7,0700",,,,,,,,,,,,,,,,,,,,
"USC00238444","2019-09-16","40.0824","-93.6086","255.1","TRENTON, MO US","    3",",,7,0700","    0",",,7","    0",",,7","  322",",,7","  206",",,7",,,,,,,,,"  211",",,7,0700",,,,,,,,,,,,,,,,,,,,
"USC00238444","2019-09-17","40.0824","-93.6086","255.1","TRENTON, MO US","    0",",,7,0700","    0",",,7","    0",",,7","  333",",,7","  206",",,7",,,,,,,,,"  211",",,7,0700",,,,,,,,,,,,,,,,,,,,
"USC00238444","2019-09-18","40.0824","-93.6086","255.1","TRENTON, MO US","    0",",,7,0700","    0",",,7","    0",",,7","  322",",,7","  206",",,7",,,,,,,,,"  217",",,7,0700",,,,,,,,,,,,,,,,,,,,
"USC00238444","2019-09-19","40.0824","-93.6086","255.1","TRENTON, MO US","    0",",,7,0700","    0",",,7","    0",",,7","  328",",,7","  206",",,7",,,,,,,,,"  211",",,7,0700",,,,,,,,,,,,,,,,,,,,
"USC00238444","2019-09-20","40.0824","-93.6086","255.1","TRENTON, MO US","    0",",,7,0700","    0",",,7","    0",",,7","  311",",,7","  200",",,7",,,,,,,,,"  206",",,7,0700",,,,,,,,,,,,,,,,,,,,
"USC00238444","2019-09-21","40.0824","-93.6086","255.1","TRENTON, MO US","   48",",,7,0700","    0",",,7","    0",",,7","  306",",,7","  200",",,7",,,,,,,,,"  217",",,7,0700",,,,,,,,,,,,,,,,,,,,
"USC00238444","2019-09-22","40.0824","-93.6086","255.1","TRENTON, MO US","  470",",,7,0700","    0",",,7","    0",",,7","  244",",,7","  178",",,7",,,,,,,,,"  178",",,7,0700",,,,,,,,,,,,,,,,,,,,
"USC00238444","2019-09-23","40.0824","-93.6086","255.1","TRENTON, MO US","  175",",,7,0700","    0",",,7","    0",",,7","  217",",,7","  133",",,7",,,,,,,,,"  133",",,7,0700",,,,,,,,,,,,,,,,,,,,
"USC00238444","2019-09-24","40.0824","-93.6086","255.1","TRENTON, MO US","    0",",,7,0700","    0",",,7","    0",",,7","  256",",,7","  128",",,7",,,,,,,,,"  139",",,7,0700",,,,,,,,,,,,,,,,,,,,
"USC00238444","2019-09-25","40.0824","-93.6086","255.1","TRENTON, MO US","   10",",,7,0700","    0",",,7","    0",",,7","  278",",,7","  133",",,7",,,,,,,,,"  200",",,7,0700",,,,,,,,,,,,,,,,,,,,
"USC00238444","2019-09-26","40.0824","-93.6086","255.1","TRENTON, MO US","    3",",,7,0700","    0",",,7","    0",",,7","  267",",,7","  139",",,7",,,,,,,,,"  139",",,7,0700",,,,,,,,,,,,,,,,,,,,
"USC00238444","2019-09-27","40.0824","-93.6086","255.1","TRENTON, MO US","    0",",,7,0700","    0",",,7","    0",",,7","  233",",,7","  128",",,7",,,,,,,,,"  189",",,7,0700",,,,,,,,,,,,,,,,,,,,
"USC00238444","2019-09-28","40.0824","-93.6086","255.1","TRENTON, MO US","   97",",,7,0700","    0",",,7","    0",",,7","  311",",,7","  122",",,7",,,,,,,,,"  144",",,7,0700",,,,,,,,,,,,,,,,,,,,
"USC00238444","2019-09-29","40.0824","-93.6086","255.1","TRENTON, MO US","  328",",,7,0700","    0",",,7","    0",",,7","  194",",,7","  144",",,7",,,,,,,,,"  189",",,7,0700",,,,,,,,,,,,,,,,,,,,
"USC00238444","2019-09-30","40.0824","-93.6086","255.1","TRENTON, MO US","  198",",,7,0700","    0",",,7","    0",",,7","  244",",,7","  189",",,7",,,,,,,,,"  217",",,7,0700",,,,,,,,,,,,,,,,,,,,
"USC00238444","2019-10-01","40.0824","-93.6086","255.1","TRENTON, MO US","    0",",,7,0700","    0",",,7","    0",",,7","  306",",,7","  206",",,7",,,,,,,,,"  211",",,7,0700",,,,,,,,,,,,,,,,,,,,
"USC00238444","2019-10-02","40.0824","-93.6086","255.1","TRENTON, MO US","   64",",,7,0700","    0",",,7","    0",",,7","  317",",,7",,,,,,,,,,,"  206",",,7,0700",,,,,,,,,,,,,,,,,,,,
"USC00238444","2019-10-03","40.0824","-93.6086","255.1","TRENTON, MO US","  127",",,7,0700","    0",",,7","    0",",,7","  250",",,7","  100",",,7",,,,,,,,,"  106",",,7,0700",,,,,,,,,,,,,,,,,,,,
"USC00238444","2019-10-04","40.0824","-93.6086","255.1","TRENTON, MO US","    0",",,7,0700","    0",",,7","    0",",,7","  161",",,7","   72",",,7",,,,,,,,,"   72",",,7,0700",,,,,,,,,,,,,,,,,,,,
"USC00238444","2019-10-05","40.0824","-93.6086","255.1","TRENTON, MO US","    3",",,7,0700","    0",",,7","    0",",,7","  156",",,7","   72",",,7",,,,,,,,,"  133",",,7,0700",,,,,,,,,,,,,,,,,,,,
"USC00238444","2019-10-06","40.0824","-93.6086","255.1","TRENTON, MO US","   74",",,7,0700","    0",",,7","    0",",,7","  217",",,7","   72",",,7",,,,,,,,,"   83",",,7,0700",,,,,,,,,,,,,,,,,,,,
"USC00238444","2019-10-07","40.0824","-93.6086","255.1","TRENTON, MO US","    0",",,7,0700","    0",",,7","    0",",,7","  200",",,7","   67",",,7",,,,,,,,,"   67",",,7,0700",,,,,,,,,,,,,,,,,,,,
"USC00238444","2019-10-08","40.0824","-93.6086","255.1","TRENTON, MO US","    0",",,7,0700","    0",",,7","    0",",,7","  222",",,7","   67",",,7",,,,,,,,,"   72",",,7,0700",,,,,,,,,,,,,,,,,,,,
"USC00238444","2019-10-09","40.0824","-93.6086","255.1","TRENTON, MO US","    0",",,7,0700","    0",",,7","    0",",,7","  217",",,7","   72",",,7",,,,,,,,,"  100",",,7,0700",,,,,,,,,,,,,,,,,,,,
"USC00238444","2019-10-10","40.0824","-93.6086","255.1","TRENTON, MO US","  157",",,7,0700","    0",",,7","    0",",,7","  172",",,7","   94",",,7",,,,,,,,,,,,,,,,,,,,,,,,,,,,,,
"USC00238444","2019-10-11","40.0824","-93.6086","255.1","TRENTON, MO US","   13",",,7,0700","    0",",,7","    0",",,7","  200",",,7","   39",",,7",,,,,,,,,"   39",",,7,0700",,,,,,,,,,,,,,,,,,,,
"USC00238444","2019-10-12","40.0824","-93.6086","255.1","TRENTON, MO US","    0",",,7,0700","    0",",,7","    0",",,7","   78",",,7","  -11",",,7",,,,,,,,,"   -6",",,7,0700",,,,,,,,,,,,,,,,,,,,
"USC00238444","2019-10-13","40.0824","-93.6086","255.1","TRENTON, MO US","    0",",,7,0700","    0",",,7","    0",",,7","  178",",,7","   -6",",,7",,,,,,,,,"   11",",,7,0700",,,,,,,,,,,,,,,,,,,,
"USC00238444","2019-10-14","40.0824","-93.6086","255.1","TRENTON, MO US","    0",",,7,0700","    0",",,7","    0",",,7","  167",",,7","   11",",,7",,,,,,,,,"   17",",,7,0700",,,,,,,,,,,,,,,,,,,,
"USC00238444","2019-10-15","40.0824","-93.6086","255.1","TRENTON, MO US","    0",",,7,0700","    0",",,7","    0",",,7","  200",",,7","   11",",,7",,,,,,,,,"  122",",,7,0700",,,,,,,,,,,,,,,,,,,,
"USC00238444","2019-10-16","40.0824","-93.6086","255.1","TRENTON, MO US","    0",",,7,0700","    0",",,7","    0",",,7","  178",",,7","   61",",,7",,,,,,,,,"   72",",,7,0700",,,,,,,,,,,,,,,,,,,,
"USC00238444","2019-10-17","40.0824","-93.6086","255.1","TRENTON, MO US","    0",",,7,0700","    0",",,7","    0",",,7","  117",",,7","   17",",,7",,,,,,,,,"   17",",,7,0700",,,,,,,,,,,,,,,,,,,,
"USC00238444","2019-10-18","40.0824","-93.6086","255.1","TRENTON, MO US","    0",",,7,0700","    0",",,7","    0",",,7","  178",",,7","   17",",,7",,,,,,,,,"   78",",,7,0700",,,,,,,,,,,,,,,,,,,,
"USC00238444","2019-10-19","40.0824","-93.6086","255.1","TRENTON, MO US","    0",",,7,0700","    0",",,7","    0",",,7","  217",",,7","   78",",,7",,,,,,,,,"   94",",,7,0700",,,,,,,,,,,,,,,,,,,,
"USC00238444","2019-10-20","40.0824","-93.6086","255.1","TRENTON, MO US","   30",",,7,0700","    0",",,7","    0",",,7","  172",",,7","   39",",,7",,,,,,,,,"   44",",,7,0700",,,,,,,,,,,,,,,,,,,,
"USC00238444","2019-10-21","40.0824","-93.6086","255.1","TRENTON, MO US","   69",",,7,0700","    0",",,7","    0",",,7","  178",",,7","   44",",,7",,,,,,,,,"  106",",,7,0700",,,"    1",",,7",,,,,,,,,,,,,,,,
"USC00238444","2019-10-22","40.0824","-93.6086","255.1","TRENTON, MO US","    0","T,,7,0700","    0",",,7","    0",",,7","  122",",,7","   61",",,7",,,,,,,,,"   67",",,7,0700",,,,,,,,,,,,,,,,,,,,
"USC00238444","2019-10-23","40.0824","-93.6086","255.1","TRENTON, MO US","    0",",,7,0700","    0",",,7","    0",",,7","  133",",,7","   50",",,7",,,,,,,,,"   56",",,7,0700",,,,,,,,,,,,,,,,,,,,
"USC00238444","2019-10-24","40.0824","-93.6086","255.1","TRENTON, MO US","    3",",,7,0700","    0",",,7","    0",",,7","  194",",,7","   39",",,7",,,,,,,,,"   39",",,7,0700",,,,,,,,,,,,,,,,,,,,
"USC00238444","2019-10-25","40.0824","-93.6086","255.1","TRENTON, MO US","    0",",,7,0700","    0",",,7","    0",",,7","   72",",,7","   28",",,7",,,,,,,,,"   28",",,7,0700",,,,,,,,,,,,,,,,,,,,
"USC00238444","2019-10-26","40.0824","-93.6086","255.1","TRENTON, MO US","    0",",,7,0700","    0",",,7","    0",",,7","  122",",,7","   -6",",,7",,,,,,,,,"    0",",,7,0700",,,,,,,,,,,,,,,,,,,,
"USC00238444","2019-10-27","40.0824","-93.6086","255.1","TRENTON, MO US","    0",",,7,0700","    0",",,7","    0",",,7","  133",",,7","   -6",",,7",,,,,,,,,"   50",",,7,0700",,,,,,,,,,,,,,,,,,,,
"USC00238444","2019-10-28","40.0824","-93.6086","255.1","TRENTON, MO US","    0",",,7,0700","    0",",,7","    0",",,7","  144",",,7","   44",",,7",,,,,,,,,"   44",",,7,0700",,,,,,,,,,,,,,,,,,,,
"USC00238444","2019-10-29","40.0824","-93.6086","255.1","TRENTON, MO US",,,"   10",",,7","    0","T,,7","   50",",,7","   -6",",,7",,,,,,,,,"   -6",",,7,0700",,,,,,,,,,,,,,,,,,,,
"USC00238444","2019-10-30","40.0824","-93.6086","255.1","TRENTON, MO US","    0",",,7,0700","    0",",,7","    0",",,7","   22",",,7","  -11",",,7",,,,,,,,,"   17",",,7,0700",,,,,,,,,,,,,,,,,,,,
"USC00238444","2019-10-31","40.0824","-93.6086","255.1","TRENTON, MO US","   71",",,7,0700","   46",",,7","   51",",,7","   17",",,7","  -33",",,7",,,,,,,,,"  -28",",,7,0700",,,,,,,,,,,,,,,,,,,,
"USC00238444","2019-11-01","40.0824","-93.6086","255.1","TRENTON, MO US","    0",",,7,0700","    0",",,7","    0",",,7","   50",",,7","  -33",",,7",,,,,,,,,"  -17",",,7,0700",,,,,,,,,,,,,,,,,,,,
"USC00238444","2019-11-02","40.0824","-93.6086","255.1","TRENTON, MO US","    0",",,7,0700","    0",",,7","    0",",,7","  106",",,7","  -17",",,7",,,,,,,,,"    6",",,7,0700",,,,,,,,,,,,,,,,,,,,
"USC00238444","2019-11-03","40.0824","-93.6086","255.1","TRENTON, MO US","    0",",,7,0700","    0",",,7","    0",",,7","  106",",,7","    0",",,7",,,,,,,,,"   28",",,7,0700",,,,,,,,,,,,,,,,,,,,
"USC00238444","2019-11-04","40.0824","-93.6086","255.1","TRENTON, MO US","    0",",,7,0700","    0",",,7","    0",",,7","  161",",,7","   22",",,7",,,,,,,,,"   61",",,7,0700",,,,,,,,,,,,,,,,,,,,
"USC00238444","2019-11-05","40.0824","-93.6086","255.1","TRENTON, MO US","    0",",,7,0700","    0",",,7","    0",",,7","  117",",,7","   17",",,7",,,,,,,,,"   17",",,7,0700",,,,,,,,,,,,,,,,,,,,
"USC00238444","2019-11-06","40.0824","-93.6086","255.1","TRENTON, MO US","    0",",,7,0700","    0",",,7","    0",",,7","  111",",,7","   11",",,7",,,,,,,,,"   11",",,7,0700",,,,,,,,,,,,,,,,,,,,
"USC00238444","2019-11-07","40.0824","-93.6086","255.1","TRENTON, MO US","    0",",,7,0700","    0",",,7","    0",",,7","  172",",,7","  -56",",,7",,,,,,,,,"  -56",",,7,0700",,,,,,,,,,,,,,,,,,,,
"USC00238444","2019-11-08","40.0824","-93.6086","255.1","TRENTON, MO US","    0",",,7,0700","    0",",,7","    0",",,7","   17",",,7","  -89",",,7",,,,,,,,,"  -83",",,7,0700",,,,,,,,,,,,,,,,,,,,
"USC00238444","2019-11-09","40.0824","-93.6086","255.1","TRENTON, MO US","    0",",,7,0700","    0",",,7","    0",",,7","   50",",,7","  -83",",,7",,,,,,,,,"   11",",,7,0700",,,,,,,,,,,,,,,,,,,,
"USC00238444","2019-11-10","40.0824","-93.6086","255.1","TRENTON, MO US","    0",",,7,0700","    0",",,7","    0",",,7","  178",",,7","    6",",,7",,,,,,,,,"   28",",,7,0700",,,,,,,,,,,,,,,,,,,,
"USC00238444","2019-11-11","40.0824","-93.6086","255.1","TRENTON, MO US",,,"   15",",,7","   25",",,7","  122",",,7","  -56",",,7",,,,,,,,,"  -56",",,7,0700",,,,,,,,,,,,,,,,,,,,
"USC00238444","2019-11-12","40.0824","-93.6086","255.1","TRENTON, MO US","    3",",,7,0700","    5",",,7","   25",",,7",,," -144",",,7",,,,,,,,," -144",",,7,0700",,,,,,,,,,,,,,,,,,,,
"USC00238444","2019-11-13","40.0824","-93.6086","255.1","TRENTON, MO US","    0",",,7,0700","    0",",,7","    0","T,,7","  -56",",,7"," -144",",,7",,,,,,,,,"  -61",",,7,0700",,,,,,,,,,,,,,,,,,,,
"USC00238444","2019-11-14","40.0824","-93.6086","255.1","TRENTON, MO US","    0",",,7,0700","    0",",,7","    0",",,7","   17",",,7","  -67",",,7",,,,,,,,,"    0",",,7,0700",,,,,,,,,,,,,,,,,,,,
"USC00238444","2019-11-15","40.0824","-93.6086","255.1","TRENTON, MO US","    0",",,7,0700","    0",",,7","    0",",,7","   56",",,7","  -78",",,7",,,,,,,,,"  -72",",,7,0700",,,,,,,,,,,,,,,,,,,,
"USC00238444","2019-11-16","40.0824","-93.6086","255.1","TRENTON, MO US","    0",",,7,0700","    0",",,7","    0",",,7","  117",",,7","  -78",",,7",,,,,,,,,"  -17",",,7,0700",,,,,,,,,,,,,,,,,,,,
"USC00238444","2019-11-17","40.0824","-93.6086","255.1","TRENTON, MO US","    0",",,7,0700","    0",",,7","    0",",,7","  111",",,7","  -22",",,7",,,,,,,,,"   44",",,7,0700",,,,,,,,,,,,,,,,,,,,
"USC00238444","2019-11-18","40.0824","-93.6086","255.1","TRENTON, MO US","    0",",,7,0700","    0",",,7","    0",",,7","   89",",,7","  -33",",,7",,,,,,,,,"  -28",",,7,0700",,,,,,,,,,,,,,,,,,,,
"USC00238444","2019-11-19","40.0824","-93.6086","255.1","TRENTON, MO US","   10",",,7,0700","    0",",,7","    0",",,7","  106",",,7","  -28",",,7",,,,,,,,,"   44",",,7,0700",,,,,,,,,,,,,,,,,,,,
"USC00238444","2019-11-20","40.0824","-93.6086","255.1","TRENTON, MO US","    0",",,7,0700","    0",",,7","    0",",,7","  161",",,7","   22",",,7",,,,,,,,,"   44",",,7,0700",,,,,,,,,,,,,,,,,,,,
"USC00238444","2019-11-21","40.0824","-93.6086","255.1","TRENTON, MO US","   89",",,7,0700","    0",",,7","    0",",,7","  178",",,7","   44",",,7",,,,,,,,,"   83",",,7,0700",,,,,,,,,,,,,,,,,,,,
"USC00238444","2019-11-22","40.0824","-93.6086","255.1","TRENTON, MO US","    0",",,7,0700","    0",",,7","    0",",,7","   83",",,7","  -33",",,7",,,,,,,,,"  -33",",,7,0700",,,,,,,,,,,,,,,,,,,,
"USC00238444","2019-11-23","40.0824","-93.6086","255.1","TRENTON, MO US","    3",",,7,0700","    5",",,7","    0","T,,7","   22",",,7","  -39",",,7",,,,,,,,,"   -6",",,7,0700",,,,,,,,,,,,,,,,,,,,
"USC00238444","2019-11-24","40.0824","-93.6086","255.1","TRENTON, MO US","    0",",,7,0700","    0",",,7","    0",",,7","   78",",,7","  -11",",,7",,,,,,,,,"   -6",",,7,0700",,,,,,,,,,,,,,,,,,,,
"USC00238444","2019-11-25","40.0824","-93.6086","255.1","TRENTON, MO US","    0",",,7,0700","    0",",,7","    0",",,7","  172",",,7","   -6",",,7",,,,,,,,,"   28",",,7,0700",,,,,,,,,,,,,,,,,,,,
"USC00238444","2019-11-26","40.0824","-93.6086","255.1","TRENTON, MO US","    0",",,7,0700","    0",",,7","    0",",,7","  150",",,7","   22",",,7",,,,,,,,,"   33",",,7,0700",,,,,,,,,,,,,,,,,,,,
"USC00238444","2019-11-27","40.0824","-93.6086","255.1","TRENTON, MO US","   15",",,7,0700","    0",",,7","    0",",,7","   61",",,7","    6",",,7",,,,,,,,,"   11",",,7,0700",,,,,,,,,,,,,,,,,,,,
"USC00238444","2019-11-28","40.0824","-93.6086","255.1","TRENTON, MO US","    0",",,7,0700","    0",",,7","    0",",,7","   39",",,7","  -17",",,7",,,,,,,,,"  -17",",,7,0700",,,,,,,,,,,,,,,,,,,,
"USC00238444","2019-11-29","40.0824","-93.6086","255.1","TRENTON, MO US","    8",",,7,0700","    0",",,7","    0",",,7","    6",",,7","  -17",",,7",,,,,,,,,"    6",",,7,0700",,,,,,,,,,,,,,,,,,,,
"USC00238444","2019-11-30","40.0824","-93.6086","255.1","TRENTON, MO US","  157",",,7,0700","    0",",,7","    0",",,7","   50",",,7","    6",",,7",,,,,,,,,"   50",",,7,0700",,,,,,,,,,,,,,,,,,,,
"USC00238444","2019-12-01","40.0824","-93.6086","255.1","TRENTON, MO US","    3",",,7,0700","    0","T,,7","    0",",,7","  144",",,7","   11",",,7",,,,,,,,,"   17",",,7,0700",,,,,,,,,,,,,,,,,,,,
"USC00238444","2019-12-02","40.0824","-93.6086","255.1","TRENTON, MO US","    0",",,7,0700","    0",",,7","    0",",,7","   17",",,7","  -50",",,7",,,,,,,,,"  -50",",,7,0700",,,,,,,,,,,,,,,,,,,,
"USC00238444","2019-12-03","40.0824","-93.6086","255.1","TRENTON, MO US","    0",",,7,0700","    0",",,7","    0",",,7","   44",",,7","  -50",",,7",,,,,,,,,"   11",",,7,0700",,,,,,,,,,,,,,,,,,,,
"USC00238444","2019-12-04","40.0824","-93.6086","255.1","TRENTON, MO US","    0",",,7,0700","    0",",,7","    0",",,7","  128",",,7","   11",",,7",,,,,,,,,"   11",",,7,0700",,,,,,,,,,,,,,,,,,,,
"USC00238444","2019-12-05","40.0824","-93.6086","255.1","TRENTON, MO US","    0",",,7,0700","    0",",,7","    0",",,7","  133",",,7","  -22",",,7",,,,,,,,,"  -22",",,7,0700",,,,,,,,,,,,,,,,,,,,
"USC00238444","2019-12-06","40.0824","-93.6086","255.1","TRENTON, MO US","    0",",,7,0700","    0",",,7","    0",",,7","  161",",,7","  -28",",,7",,,,,,,,,"   -6",",,7,0700",,,,,,,,,,,,,,,,,,,,
"USC00238444","2019-12-07","40.0824","-93.6086","255.1","TRENTON, MO US","    0",",,7,0700","    0",",,7","    0",",,7","   44",",,7","  -61",",,7",,,,,,,,,"  -56",",,7,0700",,,,,,,,,,,,,,,,,,,,
"USC00238444","2019-12-08","40.0824","-93.6086","255.1","TRENTON, MO US","    0",",,7,0700","    0",",,7","    0",",,7","   89",",,7","  -56",",,7",,,,,,,,,"   28",",,7,0700",,,,,,,,,,,,,,,,,,,,
"USC00238444","2019-12-09","40.0824","-93.6086","255.1","TRENTON, MO US","    0",",,7,0700","    0",",,7","    0",",,7","  100",",,7","   28",",,7",,,,,,,,,"   83",",,7,0700",,,,,,,,,,,,,,,,,,,,
"USC00238444","2019-12-10","40.0824","-93.6086","255.1","TRENTON, MO US","    0",",,7,0700","    0",",,7","    0",",,7","   83",",,7","  -94",",,7",,,,,,,,,"  -78",",,7,0700",,,,,,,,,,,,,,,,,,,,
"USC00238444","2019-12-11","40.0824","-93.6086","255.1","TRENTON, MO US","    0",",,7,0700","    0",",,7","    0",",,7","   -6",",,7","  -89",",,7",,,,,,,,,"  -56",",,7,0700",,,,,,,,,,,,,,,,,,,,
"USC00238444","2019-12-12","40.0824","-93.6086","255.1","TRENTON, MO US","    0",",,7,0700","    0",",,7","    0",",,7","   44",",,7","  -67",",,7",,,,,,,,,"   44",",,7,0700",,,,,,,,,,,,,,,,,,,,
"USC00238444","2019-12-13","40.0824","-93.6086","255.1","TRENTON, MO US","    0",",,7,0700","    0",",,7","    0",",,7","  106",",,7","  -39",",,7",,,,,,,,,"  -39",",,7,0700",,,,,,,,,,,,,,,,,,,,
"USC00238444","2019-12-14","40.0824","-93.6086","255.1","TRENTON, MO US","    0",",,7,0700","    0",",,7","    0",",,7","   72",",,7","  -44",",,7",,,,,,,,,"  -11",",,7,0700",,,,,,,,,,,,,,,,,,,,
"USC00238444","2019-12-15","40.0824","-93.6086","255.1","TRENTON, MO US","    0",",,7,0700","    0",",,7","    0",",,7","   -6",",,7","  -72",",,7",,,,,,,,,"  -72",",,7,0700",,,,,,,,,,,,,,,,,,,,
"USC00238444","2019-12-16","40.0824","-93.6086","255.1","TRENTON, MO US","   58",",,7,0700","   79",",,7","   76",",,7","  -56",",,7","  -78",",,7",,,,,,,,,"  -67",",,7,0700",,,,,,,,,,,,,,,,,,,,
"USC00238444","2019-12-17","40.0824","-93.6086","255.1","TRENTON, MO US","    0",",,7,0700","    0",",,7","   76",",,7","  -22",",,7","  -83",",,7",,,,,,,,,"  -67",",,7,0700",,,,,,,,,,,,,,,,,,,,
"USC00238444","2019-12-18","40.0824","-93.6086","255.1","TRENTON, MO US","    0",",,7,0700","    0",",,7","   51",",,7","  -11",",,7","  -94",",,7",,,,,,,,,"  -89",",,7,0700",,,,,,,,,,,,,,,,,,,,
"USC00238444","2019-12-19","40.0824","-93.6086","255.1","TRENTON, MO US","    0",",,7,0700","    0",",,7","   51",",,7","  -11",",,7"," -122",",,7",,,,,,,,,"  -56",",,7,0700",,,,,,,,,,,,,,,,,,,,
"USC00238444","2019-12-20","40.0824","-93.6086","255.1","TRENTON, MO US","    0",",,7,0700","    0",",,7","    0",",,7","   78",",,7","  -56",",,7",,,,,,,,,"  -11",",,7,0700",,,,,,,,,,,,,,,,,,,,
"USC00238444","2019-12-21","40.0824","-93.6086","255.1","TRENTON, MO US","    0",",,7,0700","    0",",,7","    0",",,7","   83",",,7","  -22",",,7",,,,,,,,,"   -6",",,7,0700",,,,,,,,,,,,,,,,,,,,
"USC00238444","2019-12-22","40.0824","-93.6086","255.1","TRENTON, MO US","    0",",,7,0700","    0",",,7","    0",",,7","  117",",,7","  -17",",,7",,,,,,,,,"   11",",,7,0700",,,,,,,,,,,,,,,,,,,,
"USC00238444","2019-12-23","40.0824","-93.6086","255.1","TRENTON, MO US","    0",",,7,0700","    0",",,7","    0",",,7","  117",",,7","    0",",,7",,,,,,,,,"    0",",,7,0700",,,,,,,,,,,,,,,,,,,,
"USC00238444","2019-12-24","40.0824","-93.6086","255.1","TRENTON, MO US","    0",",,7,0700","    0",",,7","    0",",,7","  150",",,7","   -6",",,7",,,,,,,,,"   22",",,7,0700",,,,,,,,,,,,,,,,,,,,
"USC00238444","2019-12-25","40.0824","-93.6086","255.1","TRENTON, MO US","    0",",,7,0700","    0",",,7","    0",",,7","  133",",,7","   22",",,7",,,,,,,,,"   67",",,7,0700",,,,,,,,,,,,,,,,,,,,
"USC00238444","2019-12-26","40.0824","-93.6086","255.1","TRENTON, MO US","    0",",,7,0700","    0",",,7","    0",",,7","  178",",,7","    0",",,7",,,,,,,,,"    0",",,7,0700",,,,,,,,,,,,,,,,,,,,
"USC00238444","2019-12-27","40.0824","-93.6086","255.1","TRENTON, MO US","    0",",,7,0700","    0",",,7","    0",",,7","   22",",,7","  -39",",,7",,,,,,,,,"  -39",",,7,0700",,,,,,,,,,,,,,,,,,,,
"USC00238444","2019-12-28","40.0824","-93.6086","255.1","TRENTON, MO US","    0","T,,7,0700","    0",",,7","    0",",,7","   50",",,7","  -44",",,7",,,,,,,,,"   50",",,7,0700",,,,,,,,,,,,,,,,,,,,
"USC00238444","2019-12-29","40.0824","-93.6086","255.1","TRENTON, MO US","  191",",,7,0700","    0",",,7","    0",",,7","  133",",,7","   50",",,7",,,,,,,,,"   67",",,7,0700",,,,,,,,,,,,,,,,,,,,
"USC00238444","2019-12-30","40.0824","-93.6086","255.1","TRENTON, MO US","    0",",,7,0700","    0",",,7","    0",",,7","   67",",,7","  -28",",,7",,,,,,,,,"  -22",",,7,0700",,,,,,,,,,,,,,,,,,,,
"USC00238444","2019-12-31","40.0824","-93.6086","255.1","TRENTON, MO US","    0",",,7,0700","    0",",,7","    0",",,7","   -6",",,7","  -22",",,7",,,,,,,,,"   -6",",,7,0700",,,,,,,,,,,,,,,,,,,,
"USC00238444","2020-01-01","40.0824","-93.6086","255.1","TRENTON, MO US","    0",",,7,0700","    0",",,7","    0",",,7","   39",",,7","  -50",",,7",,,,,,,,,"  -44",",,7,0700",,,,,,,,,,,,,,,,,,,,
"USC00238444","2020-01-02","40.0824","-93.6086","255.1","TRENTON, MO US","    0",",,7,0700","    0",",,7","    0",",,7","  128",",,7","  -50",",,7",,,,,,,,,"   22",",,7,0700",,,,,,,,,,,,,,,,,,,,
"USC00238444","2020-01-03","40.0824","-93.6086","255.1","TRENTON, MO US","    0",",,7,0700","    0",",,7","    0",",,7","  111",",,7","    0",",,7",,,,,,,,,"    0",",,7,0700",,,,,,,,,,,,,,,,,,,,
"USC00238444","2020-01-04","40.0824","-93.6086","255.1","TRENTON, MO US","    0","T,,7,0700","    0","T,,7","    0",",,7","   67",",,7","  -22",",,7",,,,,,,,,"  -17",",,7,0700",,,,,,,,,,,,,,,,,,,,
"USC00238444","2020-01-05","40.0824","-93.6086","255.1","TRENTON, MO US","    0",",,7,0700","    0",",,7","    0",",,7","   50",",,7","  -22",",,7",,,,,,,,,"   22",",,7,0700",,,,,,,,,,,,,,,,,,,,
"USC00238444","2020-01-06","40.0824","-93.6086","255.1","TRENTON, MO US","    0",",,7,0700","    0",",,7","    0",",,7","  100",",,7","  -33",",,7",,,,,,,,,"  -33",",,7,0700",,,,,,,,,,,,,,,,,,,,
"USC00238444","2020-01-07","40.0824","-93.6086","255.1","TRENTON, MO US","    0",",,7,0700","    0",",,7","    0",",,7","  106",",,7","  -33",",,7",,,,,,,,,"  -11",",,7,0700",,,,,,,,,,,,,,,,,,,,
"USC00238444","2020-01-08","40.0824","-93.6086","255.1","TRENTON, MO US","    0",",,7,0700","    0",",,7","    0",",,7","   89",",,7","  -56",",,7",,,,,,,,,"  -56",",,7,0700",,,,,,,,,,,,,,,,,,,,
"USC00238444","2020-01-09","40.0824","-93.6086","255.1","TRENTON, MO US","    0",",,7,0700","    0",",,7","    0",",,7","  100",",,7","  -56",",,7",,,,,,,,,"  100",",,7,0700",,,,,,,,,,,,,,,,,,,,
"USC00238444","2020-01-10","40.0824","-93.6086","255.1","TRENTON, MO US","    0",",,7,0700","    0",",,7","    0",",,7","  172",",,7","  -61",",,7",,,,,,,,,"    0",",,7,0700",,,,,,,,,,,,,,,,,,,,
"USC00238444","2020-01-11","40.0824","-93.6086","255.1","TRENTON, MO US","  279",",,7,0700","    0","T,,7","    0",",,7","    0",",,7","  -83",",,7",,,,,,,,,"  -83",",,7,0700",,,,,,,,,,,,,,,,,,,,
"USC00238444","2020-01-12","40.0824","-93.6086","255.1","TRENTON, MO US","   30",",,7,0700","   25",",,7","   25",",,7","  -67",",,7","  -94",",,7",,,,,,,,,"  -67",",,7,0700",,,,,,,,,,,,,,,,,,,,
"USC00238444","2020-01-13","40.0824","-93.6086","255.1","TRENTON, MO US","    0",",,7,0700","    0",",,7","   25",",,7","  -22",",,7","  -67",",,7",,,,,,,,,"  -28",",,7,0700",,,,,,,,,,,,,,,,,,,,
"USC00238444","2020-01-14","40.0824","-93.6086","255.1","TRENTON, MO US","    0",",,7,0700","    0",",,7","    0",",,7","   33",",,7","  -28",",,7",,,,,,,,,"   17",",,7,0700",,,,,,,,,,,,,,,,,,,,
"USC00238444","2020-01-15","40.0824","-93.6086","255.1","TRENTON, MO US","    0",",,7,0700","    0",",,7","    0",",,7","   67",",,7","    6",",,7",,,,,,,,,"   22",",,7,0700","    1",",,7",,,,,,,,,,,,,,,,,,
"USC00238444","2020-01-16","40.0824","-93.6086","255.1","TRENTON, MO US","    0","T,,7,0700","    0",",,7","    0",",,7","   67",",,7"," -128",",,7",,,,,,,,," -128",",,7,0700",,,,,,,,,,,,,,,,,,,,
"USC00238444","2020-01-17","40.0824","-93.6086","255.1","TRENTON, MO US","   15",",,7,0700","   10",",,7","    0","T,,7","  -50",",,7"," -139",",,7",,,,,,,,,"  -61",",,7,0700",,,,,,,,,,,,,,,,,,,,
"USC00238444","2020-01-18","40.0824","-93.6086","255.1","TRENTON, MO US","  183",",,7,0700","   20",",,7","   25",",,7","   11",",,7","  -61",",,7",,,,,,,,,"    0",",,7,0700",,,,,,,,,,,,,,,,,,,,
"USC00238444","2020-01-19","40.0824","-93.6086","255.1","TRENTON, MO US","    0",",,7,0700","    0",",,7","   25",",,7","    0",",,7"," -156",",,7",,,,,,,,," -156",",,7,0700",,,,,,,,,,,,,,,,,,,,
"USC00238444","2020-01-20","40.0824","-93.6086","255.1","TRENTON, MO US","    0",",,7,0700","    0",",,7","    0",",,7"," -100",",,7"," -167",",,7",,,,,,,,," -161",",,7,0700",,,,,,,,,,,,,,,,,,,,
"USC00238444","2020-01-21","40.0824","-93.6086","255.1","TRENTON, MO US","    0","T,,7,0700","    0","T,,7","   25",",,7"," -100",",,7"," -167",",,7",,,,,,,,," -156",",,7,0700",,,,,,,,,,,,,,,,,,,,
"USC00238444","2020-01-22","40.0824","-93.6086","255.1","TRENTON, MO US","    0","T,,7,0700","    0","T,,7","    0",",,7","  -11",",,7"," -156",",,7",,,,,,,,,"  -17",",,7,0700",,,,,,,,,,,,,,,,,,,,
"USC00238444","2020-01-23","40.0824","-93.6086","255.1","TRENTON, MO US","  114",",,7,0700","   84",",,7","  102",",,7","    0",",,7","  -17",",,7",,,,,,,,,"    0",",,7,0700",,,,,,,,,,,,,,,,,,,,
"USC00238444","2020-01-24","40.0824","-93.6086","255.1","TRENTON, MO US","  114",",,7,0700","  165",",,7","  203",",,7","   17",",,7","   -6",",,7",,,,,,,,,"   -6",",,7,0700",,,,,,,,,,,,,,,,,,,,
"USC00238444","2020-01-25","40.0824","-93.6086","255.1","TRENTON, MO US","   13",",,7,0700","   25",",,7","  152",",,7","    0",",,7","  -22",",,7",,,,,,,,,"  -17",",,7,0700",,,,,,,,,,,,,,,,,,,,
"USC00238444","2020-01-26","40.0824","-93.6086","255.1","TRENTON, MO US","    0",",,7,0700","    0",",,7","  152",",,7","    6",",,7","  -56",",,7",,,,,,,,,"  -44",",,7,0700",,,,,,,,,,,,,,,,,,,,
"USC00238444","2020-01-27","40.0824","-93.6086","255.1","TRENTON, MO US","    0",",,7,0700","    0",",,7","  127",",,7","    0",",,7","  -44",",,7",,,,,,,,,"  -22",",,7,0700","    1",",,7",,,,,,,,,,,,,,,,,,
"USC00238444","2020-01-28","40.0824","-93.6086","255.1","TRENTON, MO US","    0",",,7,0700","    0",",,7","  102",",,7","   28",",,7","  -22",",,7",,,,,,,,,"  -17",",,7,0700",,,,,,,,,,,,,,,,,,,,
"USC00238444","2020-01-29","40.0824","-93.6086","255.1","TRENTON, MO US","    0",",,7,0700","    0",",,7","  102",",,7","  -11",",,7","  -50",",,7",,,,,,,,,"  -50",",,7,0700",,,,,,,,,,,,,,,,,,,,
"USC00238444","2020-01-30","40.0824","-93.6086","255.1","TRENTON, MO US","    0","T,,7,0700","    0","T,,7","  102",",,7","  -17",",,7","  -50",",,7",,,,,,,,,"  -33",",,7,0700",,,,,,,,,,,,,,,,,,,,
"USC00238444","2020-01-31","40.0824","-93.6086","255.1","TRENTON, MO US","    0",",,7,0700","    0",",,7","  102",",,7","    6",",,7","  -44",",,7",,,,,,,,,"  -11",",,7,0700",,,,,,,,,,,,,,,,,,,,
"USC00238444","2020-02-01","40.0824","-93.6086","255.1","TRENTON, MO US","    0",",,7,0700","    0",",,7","   76",",,7","   33",",,7","  -11",",,7",,,,,,,,,"    6",",,7,0700",,,,,,,,,,,,,,,,,,,,
"USC00238444","2020-02-02","40.0824","-93.6086","255.1","TRENTON, MO US","    0",",,7,0700","    0",",,7","   76",",,7","   83",",,7","    0",",,7",,,,,,,,,"   61",",,7,0700",,,,,,,,,,,,,,,,,,,,
"USC00238444","2020-02-03","40.0824","-93.6086","255.1","TRENTON, MO US","    0",",,7,0700","    0",",,7","    0",",,7","  150",",,7","    0",",,7",,,,,,,,,"    0",",,7,0700",,,,,,,,,,,,,,,,,,,,
"USC00238444","2020-02-04","40.0824","-93.6086","255.1","TRENTON, MO US","    0",",,7,0700","    0",",,7","    0",",,7","   50",",,7","  -22",",,7",,,,,,,,,"  -22",",,7,0700",,,,,,,,,,,,,,,,,,,,
"USC00238444","2020-02-05","40.0824","-93.6086","255.1","TRENTON, MO US","    0",",,7,0700","    0",",,7","    0",",,7","    0",",,7","  -44",",,7",,,,,,,,,"  -44",",,7,0700",,,,,,,,,,,,,,,,,,,,
"USC00238444","2020-02-06","40.0824","-93.6086","255.1","TRENTON, MO US","    0","T,,7,0700","    0","T,,7","    0",",,7","  -33",",,7"," -100",",,7",,,,,,,,," -100",",,7,0700",,,,,,,,,,,,,,,,,,,,
"USC00238444","2020-02-07","40.0824","-93.6086","255.1","TRENTON, MO US","    0",",,7,0700","    0",",,7","    0",",,7","   11",",,7"," -106",",,7",,,,,,,,,"  -39",",,7,0700",,,,,,,,,,,,,,,,,,,,
"USC00238444","2020-02-08","40.0824","-93.6086","255.1","TRENTON, MO US","    0","T,,7,0700","    0","T,,7","    0",",,7","    6",",,7","  -61",",,7",,,,,,,,,"  -61",",,7,0700",,,,,,,,,,,,,,,,,,,,
"USC00238444","2020-02-09","40.0824","-93.6086","255.1","TRENTON, MO US","    0",",,7,0700","    0",",,7","    0",",,7","   33",",,7","  -72",",,7",,,,,,,,,"   33",",,7,0700",,,,,,,,,,,,,,,,,,,,
"USC00238444","2020-02-10","40.0824","-93.6086","255.1","TRENTON, MO US","    0",",,7,0700","    0",",,7","    0",",,7","  106",",,7","  -61",",,7",,,,,,,,,"  -56",",,7,0700",,,,,,,,,,,,,,,,,,,,
"USC00238444","2020-02-11","40.0824","-93.6086","255.1","TRENTON, MO US","    0",",,7,0700","    0",",,7","    0",",,7","   50",",,7","  -67",",,7",,,,,,,,,"  -11",",,7,0700",,,,,,,,,,,,,,,,,,,,
"USC00238444","2020-02-12","40.0824","-93.6086","255.1","TRENTON, MO US","    0",",,7,0700","    0",",,7","    0",",,7","   50",",,7","  -28",",,7",,,,,,,,,"  -28",",,7,0700",,,,,,,,,,,,,,,,,,,,
"USC00238444","2020-02-13","40.0824","-93.6086","255.1","TRENTON, MO US","   66",",,7,0700","   25",",,7","   25",",,7","    0",",,7"," -189",",,7",,,,,,,,," -189",",,7,0700",,,,,,,,,,,,,,,,,,,,
"USC00238444","2020-02-14","40.0824","-93.6086","255.1","TRENTON, MO US","    0",",,7,0700","    0",",,7",,,"    6",",,7"," -222",",,7",,,,,,,,," -222",",,7,0700",,,,,,,,,,,,,,,,,,,,
"USC00238444","2020-02-15","40.0824","-93.6086","255.1","TRENTON, MO US","    0",",,7,0700","    0",",,7","    0",",,7","  -33",",,7"," -228",",,7",,,,,,,,,"  -33",",,7,0700",,,,,,,,,,,,,,,,,,,,
"USC00238444","2020-02-16","40.0824","-93.6086","255.1","TRENTON, MO US","    0",",,7,0700","    0",",,7","    0",",,7","   72",",,7","  -50",",,7",,,,,,,,,"  -50",",,7,0700",,,,,,,,,,,,,,,,,,,,
"USC00238444","2020-02-17","40.0824","-93.6086","255.1","TRENTON, MO US","    3",",,7,0700","    0",",,7","    0",",,7","   89",",,7","  -56",",,7",,,,,,,,,"   17",",,7,0700",,,,,,,,,,,,,,,,,,,,
"USC00238444","2020-02-18","40.0824","-93.6086","255.1","TRENTON, MO US","    0",",,7,0700","    0",",,7","    0",",,7","  106",",,7","  -28",",,7",,,,,,,,,"  -28",",,7,0700",,,,,,,,,,,,,,,,,,,,
"USC00238444","2020-02-19","40.0824","-93.6086","255.1","TRENTON, MO US","    0",",,7,0700","    0",",,7","    0",",,7",,,"  -56",",,7",,,,,,,,,"  -50",",,7,0700",,,,,,,,,,,,,,,,,,,,
"USC00238444","2020-02-20","40.0824","-93.6086","255.1","TRENTON, MO US","    0",",,7,0700","    0",",,7","    0",",,7","   17",",,7"," -106",",,7",,,,,,,,," -100",",,7,0700",,,,,,,,,,,,,,,,,,,,
"USC00238444","2020-02-21","40.0824","-93.6086","255.1","TRENTON, MO US","    0",",,7,0700","    0",",,7","    0",",,7","  -22",",,7"," -111",",,7",,,,,,,,," -100",",,7,0700",,,,,,,,,,,,,,,,,,,,
"USC00238444","2020-02-22","40.0824","-93.6086","255.1","TRENTON, MO US","    0",",,7,0700","    0",",,7","    0",",,7","   61",",,7"," -100",",,7",,,,,,,,,"  -17",",,7,0700",,,,,,,,,,,,,,,,,,,,
"USC00238444","2020-02-23","40.0824","-93.6086","255.1","TRENTON, MO US","    0",",,7,0700","    0",",,7","    0",",,7","  117",",,7","  -22",",,7",,,,,,,,,"   22",",,7,0700",,,,,,,,,,,,,,,,,,,,
"USC00238444","2020-02-24","40.0824","-93.6086","255.1","TRENTON, MO US","   15",",,7,0700","    0",",,7","    0",",,7","  167",",,7","   11",",,7",,,,,,,,,"   17",",,7,0700",,,,,,,,,,,,,,,,,,,,
"USC00238444","2020-02-25","40.0824","-93.6086","255.1","TRENTON, MO US","   18",",,7,0700","    0",",,7","    0",",,7","   56",",,7","    0",",,7",,,,,,,,,"    6",",,7,0700",,,,,,,,,,,,,,,,,,,,
"USC00238444","2020-02-26","40.0824","-93.6086","255.1","TRENTON, MO US","    0",",,7,0700","    0",",,7","    0",",,7","   67",",,7","  -22",",,7",,,,,,,,,"  -22",",,7,0700",,,,,,,,,,,,,,,,,,,,
"USC00238444","2020-02-27","40.0824","-93.6086","255.1","TRENTON, MO US","    0",",,7,0700","    0",",,7","    0",",,7","   39",",,7","  -50",",,7",,,,,,,,,"  -39",",,7,0700",,,,,,,,,,,,,,,,,,,,
"USC00238444","2020-02-28","40.0824","-93.6086","255.1","TRENTON, MO US","    0","T,,7,0700","    0","T,,7","    0",",,7","   61",",,7","  -50",",,7",,,,,,,,,"   -6",",,7,0700",,,,,,,,,,,,,,,,,,,,
"USC00238444","2020-02-29","40.0824","-93.6086","255.1","TRENTON, MO US","    0",",,7,0700","    0",",,7","    0",",,7","   89",",,7","  -56",",,7",,,,,,,,,"  -50",",,7,0700",,,,,,,,,,,,,,,,,,,,
"USC00238444","2020-03-01","40.0824","-93.6086","255.1","TRENTON, MO US","    0",",,7,0700","    0",",,7","    0",",,7","  128",",,7","  -56",",,7",,,,,,,,,"   72",",,7,0700",,,,,,,,,,,,,,,,,,,,
"USC00238444","2020-03-04","40.0824","-93.6086","255.1","TRENTON, MO US","    0",",,7,0700","    0",",,7","    0",",,7","  144",",,7","   33",",,7",,,,,,,,,"   33",",,7,0700",,,,,,,,,,,,,,,,,,,,
"USC00238444","2020-03-05","40.0824","-93.6086","255.1","TRENTON, MO US","    0",",,7,0700","    0",",,7","    0",",,7","  144",",,7","   33",",,7",,,,,,,,,"   67",",,7,0700",,,,,,,,,,,,,,,,,,,,
"USC00238444","2020-03-09","40.0824","-93.6086","255.1","TRENTON, MO US","   76",",,7,0700","    0",",,7","    0",",,7","  217",",,7","   78",",,7",,,,,,,,,"   83",",,7,0700",,,,,,,,,,,,,,,,,,,,
"USC00238444","2020-03-10","40.0824","-93.6086","255.1","TRENTON, MO US","  305",",,7,0700","    0",",,7","    0",",,7","  111",",,7","    6",",,7",,,,,,,,,"    6",",,7,0700",,,,,,,,,,,,,,,,,,,,
"USC00238444","2020-03-11","40.0824","-93.6086","255.1","TRENTON, MO US","    0",",,7,0700","    0",",,7","    0",",,7","   67",",,7","   -6",",,7",,,,,,,,,"   22",",,7,0700",,,,,,,,,,,,,,,,,,,,
"USC00238444","2020-03-12","40.0824","-93.6086","255.1","TRENTON, MO US","    0",",,7,0700","    0",",,7","    0",",,7","  167",",,7","   11",",,7",,,,,,,,,"   89",",,7,0700",,,,,,,,,,,,,,,,,,,,
"USC00238444","2020-03-13","40.0824","-93.6086","255.1","TRENTON, MO US","    0",",,7,0700","    0",",,7","    0",",,7","  172",",,7","    6",",,7",,,,,,,,,"    6",",,7,0700",,,,,,,,,,,,,,,,,,,,
"USC00238444","2020-03-14","40.0824","-93.6086","255.1","TRENTON, MO US","   38",",,7,0700","    0","T,,7","    0",",,7","   78",",,7","    0",",,7",,,,,,,,,"   11",",,7,0700",,,,,,,,,,,,,,,,,,,,
"USC00238444","2020-03-15","40.0824","-93.6086","255.1","TRENTON, MO US","   46",",,7,0700","    0","T,,7","    0",",,7","   28",",,7","    0",",,7",,,,,,,,,"    0",",,7,0700",,,,,,,,,,,,,,,,,,,,
"USC00238444","2020-03-16","40.0824","-93.6086","255.1","TRENTON, MO US","   25",",,7,0700","    0",",,7","    0",",,7","   28",",,7","    0",",,7",,,,,,,,,"   11",",,7,0700",,,,,,,,,,,,,,,,,,,,
"USC00238444","2020-03-17","40.0824","-93.6086","255.1","TRENTON, MO US","    5",",,7,0700","    0",",,7","    0",",,7","   67",",,7","   11",",,7",,,,,,,,,"   33",",,7,0700",,,,,,,,,,,,,,,,,,,,
"USC00238444","2020-03-18","40.0824","-93.6086","255.1","TRENTON, MO US","   25",",,7,0700","    0",",,7","    0",",,7","  100",",,7","   28",",,7",,,,,,,,,"   67",",,7,0700",,,,,,,,,,,,,,,,,,,,
"USC00238444","2020-03-19","40.0824","-93.6086","255.1","TRENTON, MO US","  165",",,7,0700","    0",",,7","    0",",,7","  117",",,7","   67",",,7",,,,,,,,,"  117",",,7,0700",,,,,,,,,,,,,,,,,,,,
"USC00238444","2020-03-20","40.0824","-93.6086","255.1","TRENTON, MO US","   89",",,7,0700","    0",",,7","    0",",,7","  228",",,7","   11",",,7",,,,,,,,,"   11",",,7,0700",,,,,,,,,,,,,,,,,,,,
"USC00238444","2020-03-21","40.0824","-93.6086","255.1","TRENTON, MO US","    0",",,7,0700","    0",",,7","    0",",,7","   44",",,7","  -39",",,7",,,,,,,,,"  -39",",,7,0700",,,,,,,,,,,,,,,,,,,,
"USC00238444","2020-03-22","40.0824","-93.6086","255.1","TRENTON, MO US","    0",",,7,0700","    0",",,7","    0",",,7","   72",",,7","  -44",",,7",,,,,,,,,"   11",",,7,0700",,,,,,,,,,,,,,,,,,,,
"USC00238444","2020-03-23","40.0824","-93.6086","255.1","TRENTON, MO US","   81",",,7,0700","    0","T,,7","    0",",,7","   28",",,7","    0",",,7",,,,,,,,,"   17",",,7,0700",,,,,,,,,,,,,,,,,,,,
"USC00238444","2020-03-24","40.0824","-93.6086","255.1","TRENTON, MO US","    0",",,7,0700","    0",",,7","    0",",,7","   94",",,7","    0",",,7",,,,,,,,,"   44",",,7,0700",,,,,,,,,,,,,,,,,,,,
"USC00238444","2020-03-25","40.0824","-93.6086","255.1","TRENTON, MO US","    0",",,7,0700","    0",",,7","    0",",,7","  139",",,7","   33",",,7",,,,,,,,,"   56",",,7,0700",,,,,,,,,,,,,,,,,,,,
"USC00238444","2020-03-26","40.0824","-93.6086","255.1","TRENTON, MO US","    0",",,7,0700","    0",",,7","    0",",,7","  172",",,7","   56",",,7",,,,,,,,,"   83",",,7,0700",,,,,,,,,,,,,,,,,,,,
"USC00238444","2020-03-27","40.0824","-93.6086","255.1","TRENTON, MO US","    0",",,7,0700","    0",",,7","    0",",,7","  172",",,7","   61",",,7",,,,,,,,,"  100",",,7,0700",,,,,,,,,,,,,,,,,,,,
"USC00238444","2020-03-28","40.0824","-93.6086","255.1","TRENTON, MO US","    0","T,,7,0700","    0",",,7","    0",",,7","  128",",,7","   89",",,7",,,,,,,,,"  106",",,7,0700",,,,,,,,,,,,,,,,,,,,
"USC00238444","2020-03-29","40.0824","-93.6086","255.1","TRENTON, MO US","    0",",,7,0700","    0",",,7","    0",",,7","  244",",,7","   50",",,7",,,,,,,,,"   67",",,7,0700",,,,,,,,,,,,,,,,,,,,
"USC00238444","2020-03-30","40.0824","-93.6086","255.1","TRENTON, MO US","    0",",,7,0700","    0",",,7","    0",",,7","  172",",,7","   22",",,7",,,,,,,,,"   22",",,7,0700",,,,,,,,,,,,,,,,,,,,
"USC00238444","2020-03-31","40.0824","-93.6086","255.1","TRENTON, MO US","    0",",,7,0700","    0",",,7","    0",",,7","  194",",,7","   17",",,7",,,,,,,,,"   50",",,7,0700",,,,,,,,,,,,,,,,,,,,
"USC00238444","2020-04-01","40.0824","-93.6086","255.1","TRENTON, MO US","    0",",,H,0700","    0",",,H","    0",",,H","  183",",,H","   44",",,H",,,,,,,,,"   44",",,H,0700",,,,,,,,,,,,,,,,,,,,
"USC00238444","2020-04-02","40.0824","-93.6086","255.1","TRENTON, MO US","    0",",,H,0700","    0",",,H","    0",",,H","  200",",,H","   44",",,H",,,,,,,,,"  117",",,H,0700",,,,,,,,,,,,,,,,,,,,
"USC00238444","2020-04-03","40.0824","-93.6086","255.1","TRENTON, MO US","   64",",,H,0700","    0",",,H","    0",",,H","  156",",,H","   17",",,H",,,,,,,,,"   17",",,H,0700",,,,,,,,,,,,,,,,,,,,
"USC00238444","2020-04-04","40.0824","-93.6086","255.1","TRENTON, MO US","   51",",,H,0700","    0",",,H","    0",",,H","   17",",,H","  -17",",,H",,,,,,,,,"  -17",",,H,0700",,,,,,,,,,,,,,,,,,,,
"USC00238444","2020-04-05","40.0824","-93.6086","255.1","TRENTON, MO US","    0",",,H,0700","    0",",,H","    0",",,H","   67",",,H","  -22",",,H",,,,,,,,,"    0",",,H,0700",,,,,,,,,,,,,,,,,,,,
"USC00238444","2020-04-06","40.0824","-93.6086","255.1","TRENTON, MO US","    0",",,H,0700","    0",",,H","    0",",,H","  156",",,H","   -6",",,H",,,,,,,,,"   94",",,H,0700",,,,,,,,,,,,,,,,,,,,
"USC00238444","2020-04-07","40.0824","-93.6086","255.1","TRENTON, MO US","    3",",,H,0700","    0",",,H","    0",",,H","  167",",,H","   94",",,H",,,,,,,,,"  133",",,H,0700",,,,,,,,,,,,,,,,,,,,
"USC00238444","2020-04-08","40.0824","-93.6086","255.1","TRENTON, MO US","    0",",,H,0700","    0",",,H","    0",",,H","  272",",,H","  111",",,H",,,,,,,,,"  117",",,H,0700",,,,,,,,,,,,,,,,,,,,
"USC00238444","2020-04-09","40.0824","-93.6086","255.1","TRENTON, MO US","    0",",,H,0700","    0",",,H","    0",",,H","  289",",,H","   44",",,H",,,,,,,,,"   44",",,H,0700",,,,,,,,,,,,,,,,,,,,
"USC00238444","2020-04-10","40.0824","-93.6086","255.1","TRENTON, MO US","    0",",,H,0700","    0",",,H","    0",",,H","  139",",,H","  -22",",,H",,,,,,,,,"  -22",",,H,0700",,,,,,,,,,,,,,,,,,,,
"USC00238444","2020-04-11","40.0824","-93.6086","255.1","TRENTON, MO US","    0",",,H,0700","    0",",,H","    0",",,H","  128",",,H","  -28",",,H",,,,,,,,,"   67",",,H,0700",,,,,,,,,,,,,,,,,,,,
"USC00238444","2020-04-12","40.0824","-93.6086","255.1","TRENTON, MO US","   15",",,H,0700","    0",",,H","    0",",,H","  206",",,H","   61",",,H",,,,,,,,,"  117",",,H,0700",,,,,,,,,,,,,,,,,,,,
"USC00238444","2020-04-13","40.0824","-93.6086","255.1","TRENTON, MO US","  254",",,H,0700","    0",",,H","    0",",,H","  189",",,H","  -28",",,H",,,,,,,,,"  -28",",,H,0700",,,,,,,,,,,,,,,,,,,,
"USC00238444","2020-04-14","40.0824","-93.6086","255.1","TRENTON, MO US","    0",",,H,0700","    0",",,H","    0",",,H","   67",",,H","  -28",",,H",,,,,,,,,"  -22",",,H,0700",,,,,,,,,,,,,,,,,,,,
"USC00238444","2020-04-15","40.0824","-93.6086","255.1","TRENTON, MO US","    0",",,H,0700","    5",",,H","    0",",,H","   83",",,H","  -28",",,H",,,,,,,,,"  -22",",,H,0700",,,,,,,,,,,,,,,,,,,,
"USC00238444","2020-04-16","40.0824","-93.6086","255.1","TRENTON, MO US","    0",",,H,0700","    0",",,H","    0",",,H","  100",",,H","  -28",",,H",,,,,,,,,"    6",",,H,0700",,,,,,,,,,,,,,,,,,,,
"USC00238444","2020-04-17","40.0824","-93.6086","255.1","TRENTON, MO US","  330",",,H,0700","   33",",,H","   25",",,H","   44",",,H","   -6",",,H",,,,,,,,,"    0",",,H,0700",,,,,,,,,,,,,,,,,,,,
"USC00238444","2020-04-18","40.0824","-93.6086","255.1","TRENTON, MO US","    0",",,H,0700","    0",",,H","    0",",,H","   72",",,H","   -6",",,H",,,,,,,,,"   11",",,H,0700",,,,,,,,,,,,,,,,,,,,
"USC00238444","2020-04-19","40.0824","-93.6086","255.1","TRENTON, MO US","    0",",,H,0700","    0",",,H","    0",",,H","  172",",,H","   11",",,H",,,,,,,,,"   11",",,H,0700",,,,,,,,,,,,,,,,,,,,
"USC00238444","2020-04-20","40.0824","-93.6086","255.1","TRENTON, MO US","    0",",,H,0700","    0",",,H","    0",",,H","  183",",,H","   11",",,H",,,,,,,,,"   56",",,H,0700",,,,,,,,,,,,,,,,,,,,
"USC00238444","2020-04-21","40.0824","-93.6086","255.1","TRENTON, MO US","    0",",,H,0700","    0",",,H","    0",",,H","  200",",,H","   44",",,H",,,,,,,,,"   61",",,H,0700",,,,,,,,,,,,,,,,,,,,
"USC00238444","2020-04-22","40.0824","-93.6086","255.1","TRENTON, MO US","    0",",,H,0700","    0",",,H","    0",",,H","  189",",,H","   56",",,H",,,,,,,,,"   83",",,H,0700",,,,,,,,,,,,,,,,,,,,
"USC00238444","2020-04-23","40.0824","-93.6086","255.1","TRENTON, MO US","    0",",,H,0700","    0",",,H","    0",",,H","  228",",,H","   83",",,H",,,,,,,,,"  117",",,H,0700",,,,,,,,,,,,,,,,,,,,
"USC00238444","2020-04-24","40.0824","-93.6086","255.1","TRENTON, MO US","    3",",,H,0700","    0",",,H","    0",",,H","  222",",,H","  111",",,H",,,,,,,,,"  122",",,H,0700",,,,,,,,,,,,,,,,,,,,
"USC00238444","2020-04-25","40.0824","-93.6086","255.1","TRENTON, MO US","  244",",,H,0700","    0",",,H","    0",",,H","  156",",,H","   94",",,H",,,,,,,,,"   94",",,H,0700",,,,,,,,,,,,,,,,,,,,
"USC00238444","2020-04-26","40.0824","-93.6086","255.1","TRENTON, MO US","    0",",,H,0700","    0",",,H","    0",",,H","  194",",,H","   61",",,H",,,,,,,,,"   67",",,H,0700",,,,,,,,,,,,,,,,,,,,
"USC00238444","2020-04-27","40.0824","-93.6086","255.1","TRENTON, MO US","   25",",,H,0700","    0",",,H","    0",",,H","  211",",,H","   67",",,H",,,,,,,,,"  111",",,H,0700",,,,,,,,,,,,,,,,,,,,
"USC00238444","2020-04-28","40.0824","-93.6086","255.1","TRENTON, MO US","    0",",,H,0700","    0",",,H","    0",",,H","  244",",,H","  106",",,H",,,,,,,,,"  117",",,H,0700",,,,,,,,,,,,,,,,,,,,
"USC00238444","2020-04-29","40.0824","-93.6086","255.1","TRENTON, MO US","   25",",,H,0700","    0",",,H","    0",",,H","  244",",,H","  100",",,H",,,,,,,,,"  106",",,H,0700",,,,,,,,,,,,,,,,,,,,
"USC00238444","2020-04-30","40.0824","-93.6086","255.1","TRENTON, MO US","    0",",,H,0700","    0",",,H","    0",",,H","  194",",,H","   89",",,H",,,,,,,,,"   89",",,H,0700",,,,,,,,,,,,,,,,,,,,
"USC00238444","2020-05-01","40.0824","-93.6086","255.1","TRENTON, MO US","    0",",,H,0700","    0",",,H","    0",",,H","  222",",,H","   83",",,H",,,,,,,,,"   94",",,H,0700",,,,,,,,,,,,,,,,,,,,
"USC00238444","2020-05-02","40.0824","-93.6086","255.1","TRENTON, MO US","    0",",,H,0700","    0",",,H","    0",",,H","  261",",,H","   94",",,H",,,,,,,,,"  133",",,H,0700",,,,,,,,,,,,,,,,,,,,
"USC00238444","2020-05-03","40.0824","-93.6086","255.1","TRENTON, MO US","    0",",,H,0700","    0",",,H","    0",",,H","  261",",,H","  133",",,H",,,,,,,,,"  144",",,H,0700",,,,,,,,,,,,,,,,,,,,
"USC00238444","2020-05-04","40.0824","-93.6086","255.1","TRENTON, MO US","    5",",,H,0700","    0",",,H","    0",",,H","  233",",,H","  100",",,H",,,,,,,,,"  111",",,H,0700",,,,,,,,,,,,,,,,,,,,
"USC00238444","2020-05-05","40.0824","-93.6086","255.1","TRENTON, MO US","   76",",,H,0700","    0",",,H","    0",",,H","  172",",,H","   89",",,H",,,,,,,,,"   94",",,H,0700",,,,,,,,,,,,,,,,,,,,
"USC00238444","2020-05-06","40.0824","-93.6086","255.1","TRENTON, MO US","    0",",,H,0700","    0",",,H","    0",",,H","  172",",,H","   50",",,H",,,,,,,,,"   50",",,H,0700",,,,,,,,,,,,,,,,,,,,
"USC00238444","2020-05-07","40.0824","-93.6086","255.1","TRENTON, MO US","    0",",,H,0700","    0",",,H","    0",",,H","  144",",,H","   50",",,H",,,,,,,,,"   56",",,H,0700",,,,,,,,,,,,,,,,,,,,
"USC00238444","2020-05-08","40.0824","-93.6086","255.1","TRENTON, MO US","   89",",,H,0700","    0",",,H","    0",",,H","  189",",,H","   56",",,H",,,,,,,,,"   83",",,H,0700",,,,,,,,,,,,,,,,,,,,
"USC00238444","2020-05-09","40.0824","-93.6086","255.1","TRENTON, MO US","    0",",,H,0700","    0",",,H","    0",",,H","  139",",,H","   17",",,H",,,,,,,,,"   22",",,H,0700",,,,,,,,,,,,,,,,,,,,
"USC00238444","2020-05-10","40.0824","-93.6086","255.1","TRENTON, MO US","    0",",,H,0700","    0",",,H","    0",",,H","  183",",,H","   17",",,H",,,,,,,,,"   61",",,H,0700",,,,,,,,,,,,,,,,,,,,
"USC00238444","2020-05-11","40.0824","-93.6086","255.1","TRENTON, MO US","    0",",,H,0700","    0",",,H","    0",",,H","  139",",,H","   28",",,H",,,,,,,,,"   28",",,H,0700",,,,,,,,,,,,,,,,,,,,
"USC00238444","2020-05-12","40.0824","-93.6086","255.1","TRENTON, MO US","    0",",,H,0700","    0",",,H","    0",",,H","  139",",,H","   28",",,H",,,,,,,,,"   72",",,H,0700",,,,,,,,,,,,,,,,,,,,
"USC00238444","2020-05-13","40.0824","-93.6086","255.1","TRENTON, MO US","    0",",,H,0700","    0",",,H","    0",",,H","  144",",,H","   72",",,H",,,,,,,,,"   94",",,H,0700",,,,,,,,,,,,,,,,,,,,
"USC00238444","2020-05-14","40.0824","-93.6086","255.1","TRENTON, MO US","   20",",,H,0700","    0",",,H","    0",",,H","  178",",,H","   94",",,H",,,,,,,,,"  172",",,H,0700",,,,,,,,,,,,,,,,,,,,
"USC00238444","2020-05-15","40.0824","-93.6086","255.1","TRENTON, MO US","  508",",,H,0700","    0",",,H","    0",",,H","  272",",,H",,,,,,,,,,,"  161",",,H,0700",,,,,,,,,,,,,,,,,,,,
"USC00238444","2020-05-16","40.0824","-93.6086","255.1","TRENTON, MO US","    0",",,H,0700","    0",",,H","    0",",,H","  228",",,H","  133",",,H",,,,,,,,,"  133",",,H,0700",,,,,,,,,,,,,,,,,,,,
"USC00238444","2020-05-17","40.0824","-93.6086","255.1","TRENTON, MO US","   56",",,H,0700","    0",",,H","    0",",,H","  244",",,H","  133",",,H",,,,,,,,,"  133",",,H,0700",,,,,,,,,,,,,,,,,,,,
"USC00238444","2020-05-18","40.0824","-93.6086","255.1","TRENTON, MO US","    0",",,H,0700","    0",",,H","    0",",,H","  183",",,H","  122",",,H",,,,,,,,,"  128",",,H,0700",,,,,,,,,,,,,,,,,,,,
"USC00238444","2020-05-19","40.0824","-93.6086","255.1","TRENTON, MO US","    0",",,H,0700","    0",",,H","    0",",,H","  150",",,H","  117",",,H",,,,,,,,,"  117",",,H,0700",,,,,,,,,,,,,,,,,,,,
"USC00238444","2020-05-20","40.0824","-93.6086","255.1","TRENTON, MO US","    0",",,H,0700","    0",",,H","    0",",,H","  139",",,H","  117",",,H",,,,,,,,,"  122",",,H,0700",,,,,,,,,,,,,,,,,,,,
"USC00238444","2020-05-21","40.0824","-93.6086","255.1","TRENTON, MO US","    0",",,H,0700","    0",",,H","    0",",,H","  194",",,H","  122",",,H",,,,,,,,,"  139",",,H,0700",,,,,,,,,,,,,,,,,,,,
"USC00238444","2020-05-22","40.0824","-93.6086","255.1","TRENTON, MO US","    0",",,H,0700","    0",",,H","    0",",,H","  194",",,H","  139",",,H",,,,,,,,,"  144",",,H,0700",,,,,,,,,,,,,,,,,,,,
"USC00238444","2020-05-23","40.0824","-93.6086","255.1","TRENTON, MO US","    0",",,H,0700","    0",",,H","    0",",,H","  233",",,H","  144",",,H",,,,,,,,,"  167",",,H,0700",,,,,,,,,,,,,,,,,,,,
"USC00238444","2020-05-24","40.0824","-93.6086","255.1","TRENTON, MO US","    0",",,H,0700","    0",",,H","    0",",,H","  272",",,H","  161",",,H",,,,,,,,,"  189",",,H,0700",,,,,,,,,,,,,,,,,,,,
"USC00238444","2020-05-25","40.0824","-93.6086","255.1","TRENTON, MO US","  338",",,H,0700","    0",",,H","    0",",,H","  283",",,H","  183",",,H",,,,,,,,,"  189",",,H,0700",,,,,,,,,,,,,,,,,,,,
"USC00238444","2020-05-26","40.0824","-93.6086","255.1","TRENTON, MO US","  137",",,H,0700","    0",",,H","    0",",,H","  278",",,H","  178",",,H",,,,,,,,,"  189",",,H,0700",,,,,,,,,,,,,,,,,,,,
"USC00238444","2020-05-28","40.0824","-93.6086","255.1","TRENTON, MO US","   23",",,H,0700","    0",",,H","    0",",,H","  244",",,H","  167",",,H",,,,,,,,,"  183",",,H,0700",,,,,,,,,,,,,,,,,,,,
"USC00238444","2020-05-29","40.0824","-93.6086","255.1","TRENTON, MO US","  267",",,H,0700","    0",",,H","    0",",,H","  239",",,H","  133",",,H",,,,,,,,,"  133",",,H,0700",,,,,,,,,,,,,,,,,,,,
"USC00238444","2020-05-30","40.0824","-93.6086","255.1","TRENTON, MO US","    0",",,H,0700","    0",",,H","    0",",,H","  239",",,H","  111",",,H",,,,,,,,,"  117",",,H,0700",,,,,,,,,,,,,,,,,,,,
"USC00238444","2020-05-31","40.0824","-93.6086","255.1","TRENTON, MO US","    5",",,H,0700","    0",",,H","    0",",,H","  211",",,H","  111",",,H",,,,,,,,,"  144",",,H,0700",,,,,,,,,,,,,,,,,,,,
"USC00238444","2020-06-01","40.0824","-93.6086","255.1","TRENTON, MO US","    0",",,H,0700","    0",",,H","    0",",,H","  244",",,H","  144",",,H",,,,,,,,,"  183",",,H,0700",,,,,,,,,,,,,,,,,,,,
"USC00238444","2020-06-03","40.0824","-93.6086","255.1","TRENTON, MO US","    0",",,H,0700","    0",",,H","    0",",,H","  311",",,H","  183",",,H",,,,,,,,,"  217",",,H,0700",,,,,,,,,,,,,,,,,,,,
"USC00238444","2020-06-04","40.0824","-93.6086","255.1","TRENTON, MO US","  114",",,H,0700",,,,,"  311",",,H","  183",",,H",,,,,,,,,"  189",",,H,0700",,,,,,,,,,,,,,,,,,,,
