"STATION","DATE","LATITUDE","LONGITUDE","ELEVATION","NAME","PRCP","PRCP_ATTRIBUTES","SNOW","SNOW_ATTRIBUTES","SNWD","SNWD_ATTRIBUTES","TMAX","TMAX_ATTRIBUTES","TMIN","TMIN_ATTRIBUTES","DAPR","DAPR_ATTRIBUTES","MDPR","MDPR_ATTRIBUTES","TOBS","TOBS_ATTRIBUTES","WT01","WT01_ATTRIBUTES"
"USC00087304","2018-06-30","27.0997","-80.2627","3.7","PORT SALERNO 5 W, FL US","    0",",,7,0700",,,,,"  328",",,7","  233",",,7",,,,,"  233",",,7,0700",,
"USC00087304","2018-07-01","27.0997","-80.2627","3.7","PORT SALERNO 5 W, FL US","   25",",,7,0700",,,,,"  328",",,7","  228",",,7",,,,,"  228",",,7,0700",,
"USC00087304","2018-07-02","27.0997","-80.2627","3.7","PORT SALERNO 5 W, FL US","    3",",,7,0700",,,,,"  311",",,7","  228",",,7",,,,,"  239",",,7,0700",,
"USC00087304","2018-07-03","27.0997","-80.2627","3.7","PORT SALERNO 5 W, FL US","   46",",,7,0700",,,,,"  317",",,7","  239",",,7",,,,,"  244",",,7,0700",,
"USC00087304","2018-07-04","27.0997","-80.2627","3.7","PORT SALERNO 5 W, FL US","    3",",,7,0700",,,,,"  322",",,7","  239",",,7",,,,,"  239",",,7,0700",,
"USC00087304","2018-07-05","27.0997","-80.2627","3.7","PORT SALERNO 5 W, FL US","   56",",,7,0700",,,,,"  322",",,7","  228",",,7",,,,,"  233",",,7,0700",,
"USC00087304","2018-07-06","27.0997","-80.2627","3.7","PORT SALERNO 5 W, FL US","    0",",,7,0700",,,,,"  322",",,7","  228",",,7",,,,,"  239",",,7,0700",,
"USC00087304","2018-07-07","27.0997","-80.2627","3.7","PORT SALERNO 5 W, FL US","  163",",,7,0700",,,,,"  317",",,7","  211",",,7",,,,,"  222",",,7,0700",,
"USC00087304","2018-07-08","27.0997","-80.2627","3.7","PORT SALERNO 5 W, FL US","   13",",,7,0700",,,,,"  317",",,7","  211",",,7",,,,,"  222",",,7,0700",,
"USC00087304","2018-07-09","27.0997","-80.2627","3.7","PORT SALERNO 5 W, FL US","    0",",,7,0700",,,,,"  322",",,7","  217",",,7",,,,,"  233",",,7,0700",,
"USC00087304","2018-07-10","27.0997","-80.2627","3.7","PORT SALERNO 5 W, FL US","    0",",,7,0700",,,,,"  317",",,7","  233",",,7",,,,,"  239",",,7,0700",,
"USC00087304","2018-07-11","27.0997","-80.2627","3.7","PORT SALERNO 5 W, FL US","    0",",,7,0700",,,,,"  311",",,7","  222",",,7",,,,,"  228",",,7,0700",,
"USC00087304","2018-07-12","27.0997","-80.2627","3.7","PORT SALERNO 5 W, FL US","    0",",,7,0700",,,,,"  311",",,7","  222",",,7",,,,,"  233",",,7,0700",,
"USC00087304","2018-07-13","27.0997","-80.2627","3.7","PORT SALERNO 5 W, FL US","    0",",,7,0700",,,,,"  311",",,7","  228",",,7",,,,,"  228",",,7,0700",,
"USC00087304","2018-07-14","27.0997","-80.2627","3.7","PORT SALERNO 5 W, FL US","    0",",,7,0700",,,,,"  328",",,7","  222",",,7",,,,,"  222",",,7,0700",,
"USC00087304","2018-07-15","27.0997","-80.2627","3.7","PORT SALERNO 5 W, FL US","    0",",,7,0700",,,,,"  328",",,7","  222",",,7",,,,,"  233",",,7,0700",,
"USC00087304","2018-07-16","27.0997","-80.2627","3.7","PORT SALERNO 5 W, FL US","    0",",,7,0700",,,,,"  328",",,7","  228",",,7",,,,,"  233",",,7,0700",,
"USC00087304","2018-07-17","27.0997","-80.2627","3.7","PORT SALERNO 5 W, FL US","    0",",,7,0700",,,,,"  333",",,7","  228",",,7",,,,,"  244",",,7,0700",,
"USC00087304","2018-07-18","27.0997","-80.2627","3.7","PORT SALERNO 5 W, FL US","   53",",,7,0700",,,,,"  339",",,7","  239",",,7",,,,,"  244",",,7,0700",,
"USC00087304","2018-07-19","27.0997","-80.2627","3.7","PORT SALERNO 5 W, FL US","    0",",,7,0700",,,,,"  339",",,7","  233",",,7",,,,,"  244",",,7,0700",,
"USC00087304","2018-07-20","27.0997","-80.2627","3.7","PORT SALERNO 5 W, FL US","   28",",,7,0700",,,,,"  344",",,7","  244",",,7",,,,,"  244",",,7,0700",,
"USC00087304","2018-07-21","27.0997","-80.2627","3.7","PORT SALERNO 5 W, FL US","    0",",,7,0700",,,,,"  350",",,7","  244",",,7",,,,,"  250",",,7,0700",,
"USC00087304","2018-07-22","27.0997","-80.2627","3.7","PORT SALERNO 5 W, FL US","    0",",,7,0700",,,,,"  339",",,7","  239",",,7",,,,,"  244",",,7,0700",,
"USC00087304","2018-07-23","27.0997","-80.2627","3.7","PORT SALERNO 5 W, FL US","  102",",,7,0700",,,,,"  333",",,7","  239",",,7",,,,,"  239",",,7,0700",,
"USC00087304","2018-07-24","27.0997","-80.2627","3.7","PORT SALERNO 5 W, FL US","   99",",,7,0700",,,,,"  350",",,7","  222",",,7",,,,,"  250",",,7,0700",,
"USC00087304","2018-07-25","27.0997","-80.2627","3.7","PORT SALERNO 5 W, FL US","  160",",,7,0700",,,,,"  328",",,7","  233",",,7",,,,,"  239",",,7,0700",,
"USC00087304","2018-07-26","27.0997","-80.2627","3.7","PORT SALERNO 5 W, FL US","    0",",,7,0700",,,,,"  322",",,7","  228",",,7",,,,,"  250",",,7,0700",,
"USC00087304","2018-07-27","27.0997","-80.2627","3.7","PORT SALERNO 5 W, FL US","    0",",,7,0700",,,,,"  333",",,7","  244",",,7",,,,,"  244",",,7,0700",,
"USC00087304","2018-07-28","27.0997","-80.2627","3.7","PORT SALERNO 5 W, FL US","  345",",,7,0700",,,,,"  344",",,7","  244",",,7",,,,,"  244",",,7,0700",,
"USC00087304","2018-07-29","27.0997","-80.2627","3.7","PORT SALERNO 5 W, FL US","  168",",,7,0700",,,,,"  328",",,7","  233",",,7",,,,,"  233",",,7,0700",,
"USC00087304","2018-07-30","27.0997","-80.2627","3.7","PORT SALERNO 5 W, FL US","    3",",,7,0700",,,,,"  317",",,7","  233",",,7",,,,,"  233",",,7,0700",,
"USC00087304","2018-07-31","27.0997","-80.2627","3.7","PORT SALERNO 5 W, FL US","   48",",,7,0700",,,,,"  317",",,7","  228",",,7",,,,,"  239",",,7,0700",,
"USC00087304","2018-08-01","27.0997","-80.2627","3.7","PORT SALERNO 5 W, FL US","   25",",,7,0700",,,,,"  311",",,7","  233",",,7",,,,,"  256",",,7,0700",,
"USC00087304","2018-08-02","27.0997","-80.2627","3.7","PORT SALERNO 5 W, FL US","  417",",,7,0700",,,,,"  317",",,7","  244",",,7",,,,,"  244",",,7,0700",,
"USC00087304","2018-08-03","27.0997","-80.2627","3.7","PORT SALERNO 5 W, FL US","   20",",,7,0700",,,,,"  317",",,7","  233",",,7",,,,,"  239",",,7,0700",,
"USC00087304","2018-08-04","27.0997","-80.2627","3.7","PORT SALERNO 5 W, FL US","    0",",,7,0700",,,,,"  322",",,7","  239",",,7",,,,,"  239",",,7,0700",,
"USC00087304","2018-08-05","27.0997","-80.2627","3.7","PORT SALERNO 5 W, FL US","   10",",,7,0700",,,,,"  328",",,7","  239",",,7",,,,,"  250",",,7,0700",,
"USC00087304","2018-08-06","27.0997","-80.2627","3.7","PORT SALERNO 5 W, FL US","    0",",,7,0700",,,,,"  328",",,7","  244",",,7",,,,,"  244",",,7,0700",,
"USC00087304","2018-08-07","27.0997","-80.2627","3.7","PORT SALERNO 5 W, FL US","  112",",,7,0700",,,,,"  322",",,7","  239",",,7",,,,,"  239",",,7,0700",,
"USC00087304","2018-08-08","27.0997","-80.2627","3.7","PORT SALERNO 5 W, FL US","    0",",,7,0700",,,,,"  311",",,7","  228",",,7",,,,,"  239",",,7,0700",,
"USC00087304","2018-08-09","27.0997","-80.2627","3.7","PORT SALERNO 5 W, FL US","   13",",,7,0700",,,,,"  328",",,7","  222",",,7",,,,,"  239",",,7,0700",,
"USC00087304","2018-08-10","27.0997","-80.2627","3.7","PORT SALERNO 5 W, FL US","   13",",,7,0700",,,,,"  328",",,7","  222",",,7",,,,,"  222",",,7,0700",,
"USC00087304","2018-08-11","27.0997","-80.2627","3.7","PORT SALERNO 5 W, FL US","  531",",,7,0700",,,,,"  344",",,7","  217",",,7",,,,,"  233",",,7,0700",,
"USC00087304","2018-08-12","27.0997","-80.2627","3.7","PORT SALERNO 5 W, FL US","  323",",,7,0700",,,,,"  339",",,7","  222",",,7",,,,,"  228",",,7,0700",,
"USC00087304","2018-08-13","27.0997","-80.2627","3.7","PORT SALERNO 5 W, FL US","   13",",,7,0700",,,,,"  317",",,7","  222",",,7",,,,,"  228",",,7,0700",,
"USC00087304","2018-08-14","27.0997","-80.2627","3.7","PORT SALERNO 5 W, FL US","    0",",,7,0700",,,,,"  317",",,7","  222",",,7",,,,,"  222",",,7,0700",,
"USC00087304","2018-08-15","27.0997","-80.2627","3.7","PORT SALERNO 5 W, FL US","   61",",,7,0700",,,,,"  328",",,7","  222",",,7",,,,,"  228",",,7,0700",,
"USC00087304","2018-08-16","27.0997","-80.2627","3.7","PORT SALERNO 5 W, FL US","    0",",,7,0700",,,,,"  306",",,7","  222",",,7",,,,,"  250",",,7,0700",,
"USC00087304","2018-08-17","27.0997","-80.2627","3.7","PORT SALERNO 5 W, FL US","    0",",,7,0700",,,,,"  328",",,7","  244",",,7",,,,,"  244",",,7,0700",,
"USC00087304","2018-08-18","27.0997","-80.2627","3.7","PORT SALERNO 5 W, FL US","    0",",,7,0700",,,,,"  333",",,7","  239",",,7",,,,,"  244",",,7,0700",,
"USC00087304","2018-08-19","27.0997","-80.2627","3.7","PORT SALERNO 5 W, FL US","   58",",,7,0700",,,,,"  328",",,7","  239",",,7",,,,,"  239",",,7,0700",,
"USC00087304","2018-08-20","27.0997","-80.2627","3.7","PORT SALERNO 5 W, FL US","   25",",,7,0700",,,,,"  328",",,7","  228",",,7",,,,,"  239",",,7,0700",,
"USC00087304","2018-08-21","27.0997","-80.2627","3.7","PORT SALERNO 5 W, FL US","  124",",,7,0700",,,,,"  322",",,7","  239",",,7",,,,,"  239",",,7,0700",,
"USC00087304","2018-08-22","27.0997","-80.2627","3.7","PORT SALERNO 5 W, FL US","    0",",,7,0700",,,,,"  328",",,7","  228",",,7",,,,,"  228",",,7,0700",,
"USC00087304","2018-08-23","27.0997","-80.2627","3.7","PORT SALERNO 5 W, FL US","  173",",,7,0700",,,,,"  328",",,7","  222",",,7",,,,,"  233",",,7,0700",,
"USC00087304","2018-08-24","27.0997","-80.2627","3.7","PORT SALERNO 5 W, FL US","  427",",,7,0700",,,,,"  333",",,7","  228",",,7",,,,,"  239",",,7,0700",,
"USC00087304","2018-08-25","27.0997","-80.2627","3.7","PORT SALERNO 5 W, FL US","    0",",,7,0700",,,,,"  333",",,7","  222",",,7",,,,,"  239",",,7,0700",,
"USC00087304","2018-08-26","27.0997","-80.2627","3.7","PORT SALERNO 5 W, FL US","   97",",,7,0700",,,,,"  328",",,7","  239",",,7",,,,,"  239",",,7,0700",,
"USC00087304","2018-08-27","27.0997","-80.2627","3.7","PORT SALERNO 5 W, FL US","    3",",,7,0700",,,,,"  289",",,7","  228",",,7",,,,,"  244",",,7,0700",,
"USC00087304","2018-08-28","27.0997","-80.2627","3.7","PORT SALERNO 5 W, FL US","    0",",,7,0700",,,,,"  317",",,7","  239",",,7",,,,,"  250",",,7,0700",,
"USC00087304","2018-08-29","27.0997","-80.2627","3.7","PORT SALERNO 5 W, FL US","   66",",,7,0700",,,,,"  328",",,7","  244",",,7",,,,,"  244",",,7,0700",,
"USC00087304","2018-08-30","27.0997","-80.2627","3.7","PORT SALERNO 5 W, FL US","    0",",,7,0700",,,,,"  317",",,7","  239",",,7",,,,,"  250",",,7,0700",,
"USC00087304","2018-08-31","27.0997","-80.2627","3.7","PORT SALERNO 5 W, FL US","   38",",,7,0700",,,,,"  322",",,7","  250",",,7",,,,,"  250",",,7,0700",,
"USC00087304","2018-09-01","27.0997","-80.2627","3.7","PORT SALERNO 5 W, FL US","    5",",,7,0700",,,,,"  322",",,7","  233",",,7",,,,,"  244",",,7,0700",,
"USC00087304","2018-09-02","27.0997","-80.2627","3.7","PORT SALERNO 5 W, FL US","   18",",,7,0700",,,,,"  322",",,7","  222",",,7",,,,,"  233",",,7,0700",,
"USC00087304","2018-09-03","27.0997","-80.2627","3.7","PORT SALERNO 5 W, FL US","  343",",,7,0700",,,,,"  317",",,7","  222",",,7",,,,,"  228",",,7,0700",,
"USC00087304","2018-09-04","27.0997","-80.2627","3.7","PORT SALERNO 5 W, FL US","   86",",,7,0700",,,,,"  300",",,7","  228",",,7",,,,,"  256",",,7,0700",,
"USC00087304","2018-09-05","27.0997","-80.2627","3.7","PORT SALERNO 5 W, FL US","    0",",,7,0700",,,,,"  322",",,7","  233",",,7",,,,,"  256",",,7,0700",,
"USC00087304","2018-09-06","27.0997","-80.2627","3.7","PORT SALERNO 5 W, FL US","   25",",,7,0700",,,,,"  322",",,7","  244",",,7",,,,,"  244",",,7,0700",,
"USC00087304","2018-09-07","27.0997","-80.2627","3.7","PORT SALERNO 5 W, FL US","  107",",,7,0700",,,,,"  322",",,7","  233",",,7",,,,,"  239",",,7,0700",,
"USC00087304","2018-09-08","27.0997","-80.2627","3.7","PORT SALERNO 5 W, FL US","   20",",,7,0700",,,,,"  311",",,7","  228",",,7",,,,,"  228",",,7,0700",,
"USC00087304","2018-09-09","27.0997","-80.2627","3.7","PORT SALERNO 5 W, FL US","   66",",,7,0700",,,,,"  306",",,7","  222",",,7",,,,,"  228",",,7,0700",,
"USC00087304","2018-09-10","27.0997","-80.2627","3.7","PORT SALERNO 5 W, FL US","    0",",,7,0700",,,,,"  306",",,7","  222",",,7",,,,,"  233",",,7,0700",,
"USC00087304","2018-09-11","27.0997","-80.2627","3.7","PORT SALERNO 5 W, FL US","   28",",,7,0700",,,,,"  322",",,7","  228",",,7",,,,,"  233",",,7,0700",,
"USC00087304","2018-09-12","27.0997","-80.2627","3.7","PORT SALERNO 5 W, FL US","    0",",,7,0700",,,,,"  322",",,7","  233",",,7",,,,,"  244",",,7,0700",,
"USC00087304","2018-09-13","27.0997","-80.2627","3.7","PORT SALERNO 5 W, FL US","    0",",,7,0700",,,,,"  322",",,7","  239",",,7",,,,,"  239",",,7,0700",,
"USC00087304","2018-09-14","27.0997","-80.2627","3.7","PORT SALERNO 5 W, FL US","    0",",,7,0700",,,,,"  322",",,7","  228",",,7",,,,,"  233",",,7,0700",,
"USC00087304","2018-09-15","27.0997","-80.2627","3.7","PORT SALERNO 5 W, FL US","    0",",,7,0700",,,,,"  317",",,7","  228",",,7",,,,,"  244",",,7,0700",,
"USC00087304","2018-09-16","27.0997","-80.2627","3.7","PORT SALERNO 5 W, FL US","    0",",,7,0700",,,,,"  333",",,7","  239",",,7",,,,,"  244",",,7,0700",,
"USC00087304","2018-09-17","27.0997","-80.2627","3.7","PORT SALERNO 5 W, FL US","    0",",,7,0700",,,,,"  333",",,7","  239",",,7",,,,,"  239",",,7,0700",,
"USC00087304","2018-09-18","27.0997","-80.2627","3.7","PORT SALERNO 5 W, FL US","    0",",,7,0700",,,,,"  339",",,7","  239",",,7",,,,,"  239",",,7,0700",,
"USC00087304","2018-09-19","27.0997","-80.2627","3.7","PORT SALERNO 5 W, FL US","    0",",,7,0700",,,,,"  328",",,7","  233",",,7",,,,,"  233",",,7,0700",,
"USC00087304","2018-09-20","27.0997","-80.2627","3.7","PORT SALERNO 5 W, FL US","    0",",,7,0700",,,,,"  328",",,7","  228",",,7",,,,,"  244",",,7,0700",,
"USC00087304","2018-09-21","27.0997","-80.2627","3.7","PORT SALERNO 5 W, FL US","    0",",,7,0700",,,,,"  328",",,7","  239",",,7",,,,,"  244",",,7,0700",,
"USC00087304","2018-09-22","27.0997","-80.2627","3.7","PORT SALERNO 5 W, FL US","   13",",,7,0700",,,,,"  328",",,7","  233",",,7",,,,,"  233",",,7,0700",,
"USC00087304","2018-09-23","27.0997","-80.2627","3.7","PORT SALERNO 5 W, FL US","    0",",,7,0700",,,,,"  306",",,7","  228",",,7",,,,,"  239",",,7,0700",,
"USC00087304","2018-09-24","27.0997","-80.2627","3.7","PORT SALERNO 5 W, FL US","  244",",,7,0700",,,,,"  311",",,7","  233",",,7",,,,,"  233",",,7,0700",,
"USC00087304","2018-09-25","27.0997","-80.2627","3.7","PORT SALERNO 5 W, FL US","  145",",,7,0700",,,,,"  311",",,7","  233",",,7",,,,,"  256",",,7,0700",,
"USC00087304","2018-09-26","27.0997","-80.2627","3.7","PORT SALERNO 5 W, FL US","  137",",,7,0700",,,,,"  317",",,7","  239",",,7",,,,,"  239",",,7,0700",,
"USC00087304","2018-09-27","27.0997","-80.2627","3.7","PORT SALERNO 5 W, FL US","    0",",,7,0700",,,,,"  322",",,7","  233",",,7",,,,,"  244",",,7,0700",,
"USC00087304","2018-09-28","27.0997","-80.2627","3.7","PORT SALERNO 5 W, FL US","    0",",,7,0700",,,,,"  322",",,7","  239",",,7",,,,,"  239",",,7,0700",,
"USC00087304","2018-09-29","27.0997","-80.2627","3.7","PORT SALERNO 5 W, FL US","    0",",,7,0700",,,,,"  328",",,7","  233",",,7",,,,,"  256",",,7,0700",,
"USC00087304","2018-09-30","27.0997","-80.2627","3.7","PORT SALERNO 5 W, FL US","    0",",,7,0700",,,,,"  322",",,7","  244",",,7",,,,,"  261",",,7,0700",,
"USC00087304","2018-10-01","27.0997","-80.2627","3.7","PORT SALERNO 5 W, FL US","   66",",,7,0700",,,,,"  317",",,7","  244",",,7",,,,,"  244",",,7,0700",,
"USC00087304","2018-10-02","27.0997","-80.2627","3.7","PORT SALERNO 5 W, FL US","   23",",,7,0700",,,,,"  317",",,7","  233",",,7",,,,,"  239",",,7,0700",,
"USC00087304","2018-10-03","27.0997","-80.2627","3.7","PORT SALERNO 5 W, FL US","    0",",,7,0700",,,,,"  311",",,7","  239",",,7",,,,,"  250",",,7,0700",,
"USC00087304","2018-10-04","27.0997","-80.2627","3.7","PORT SALERNO 5 W, FL US","   10",",,7,0700",,,,,"  306",",,7","  233",",,7",,,,,"  250",",,7,0700",,
"USC00087304","2018-10-05","27.0997","-80.2627","3.7","PORT SALERNO 5 W, FL US","   15",",,7,0700",,,,,"  300",",,7","  233",",,7",,,,,"  233",",,7,0700",,
"USC00087304","2018-10-06","27.0997","-80.2627","3.7","PORT SALERNO 5 W, FL US","    0",",,7,0700",,,,,"  311",",,7","  228",",,7",,,,,"  228",",,7,0700",,
"USC00087304","2018-10-07","27.0997","-80.2627","3.7","PORT SALERNO 5 W, FL US","    0",",,7,0700",,,,,"  311",",,7","  217",",,7",,,,,"  261",",,7,0700",,
"USC00087304","2018-10-08","27.0997","-80.2627","3.7","PORT SALERNO 5 W, FL US","   25",",,7,0700",,,,,"  306",",,7","  222",",,7",,,,,"  250",",,7,0700",,
"USC00087304","2018-10-09","27.0997","-80.2627","3.7","PORT SALERNO 5 W, FL US","   33",",,7,0700",,,,,"  311",",,7","  244",",,7",,,,,"  250",",,7,0700",,
"USC00087304","2018-10-10","27.0997","-80.2627","3.7","PORT SALERNO 5 W, FL US","   18",",,7,0700",,,,,"  306",",,7","  250",",,7",,,,,"  261",",,7,0700",,
"USC00087304","2018-10-11","27.0997","-80.2627","3.7","PORT SALERNO 5 W, FL US","    0",",,7,0700",,,,,"  311",",,7","  256",",,7",,,,,"  256",",,7,0700",,
"USC00087304","2018-10-12","27.0997","-80.2627","3.7","PORT SALERNO 5 W, FL US","   25",",,7,0700",,,,,"  317",",,7","  239",",,7",,,,,"  250",",,7,0700",,
"USC00087304","2018-10-13","27.0997","-80.2627","3.7","PORT SALERNO 5 W, FL US","    0",",,7,0700",,,,,"  311",",,7","  211",",,7",,,,,"  211",",,7,0700",,
"USC00087304","2018-10-14","27.0997","-80.2627","3.7","PORT SALERNO 5 W, FL US","   25",",,7,0700",,,,,"  311",",,7","  206",",,7",,,,,"  244",",,7,0700",,
"USC00087304","2018-10-15","27.0997","-80.2627","3.7","PORT SALERNO 5 W, FL US","    0",",,7,0700",,,,,"  311",",,7","  211",",,7",,,,,"  233",",,7,0700",,
"USC00087304","2018-10-16","27.0997","-80.2627","3.7","PORT SALERNO 5 W, FL US","   10",",,7,0700",,,,,"  322",",,7","  233",",,7",,,,,"  239",",,7,0700",,
"USC00087304","2018-10-17","27.0997","-80.2627","3.7","PORT SALERNO 5 W, FL US","   30",",,7,0700",,,,,"  317",",,7","  233",",,7",,,,,"  233",",,7,0700",,
"USC00087304","2018-10-18","27.0997","-80.2627","3.7","PORT SALERNO 5 W, FL US","    0",",,7,0700",,,,,"  317",",,7","  228",",,7",,,,,"  233",",,7,0700",,
"USC00087304","2018-10-19","27.0997","-80.2627","3.7","PORT SALERNO 5 W, FL US","    5",",,7,0700",,,,,"  317",",,7","  228",",,7",,,,,"  239",",,7,0700",,
"USC00087304","2018-10-20","27.0997","-80.2627","3.7","PORT SALERNO 5 W, FL US","    0",",,7,0700",,,,,"  317",",,7","  228",",,7",,,,,"  228",",,7,0700",,
"USC00087304","2018-10-21","27.0997","-80.2627","3.7","PORT SALERNO 5 W, FL US","    0",",,7,0700",,,,,"  311",",,7","  211",",,7",,,,,"  222",",,7,0700",,
"USC00087304","2018-10-22","27.0997","-80.2627","3.7","PORT SALERNO 5 W, FL US","    0",",,7,0700",,,,,"  317",",,7","  211",",,7",,,,,"  239",",,7,0700",,
"USC00087304","2018-10-23","27.0997","-80.2627","3.7","PORT SALERNO 5 W, FL US","    0",",,7,0700",,,,,"  283",",,7","  178",",,7",,,,,"  183",",,7,0700",,
"USC00087304","2018-10-24","27.0997","-80.2627","3.7","PORT SALERNO 5 W, FL US","    0",",,7,0700",,,,,"  283",",,7","  178",",,7",,,,,"  222",",,7,0700",,
"USC00087304","2018-10-25","27.0997","-80.2627","3.7","PORT SALERNO 5 W, FL US","    0",",,7,0700",,,,,"  294",",,7","  200",",,7",,,,,"  200",",,7,0700",,
"USC00087304","2018-10-26","27.0997","-80.2627","3.7","PORT SALERNO 5 W, FL US","    0",",,7,0700",,,,,"  283",",,7","  194",",,7",,,,,"  200",",,7,0700",,
"USC00087304","2018-10-27","27.0997","-80.2627","3.7","PORT SALERNO 5 W, FL US","    0",",,7,0700",,,,,"  306",",,7","  200",",,7",,,,,"  211",",,7,0700",,
"USC00087304","2018-10-28","27.0997","-80.2627","3.7","PORT SALERNO 5 W, FL US","    0",",,7,0700",,,,,"  317",",,7","  156",",,7",,,,,"  156",",,7,0700",,
"USC00087304","2018-10-29","27.0997","-80.2627","3.7","PORT SALERNO 5 W, FL US","    0",",,7,0700",,,,,,,"  139",",,7",,,,,"  139",",,7,0700",,
"USC00087304","2018-10-30","27.0997","-80.2627","3.7","PORT SALERNO 5 W, FL US","    0",",,7,0700",,,,,"  261",",,7","  139",",,7",,,,,"  156",",,7,0700",,
"USC00087304","2018-10-31","27.0997","-80.2627","3.7","PORT SALERNO 5 W, FL US","    0",",,7,0700",,,,,"  278",",,7","  156",",,7",,,,,"  178",",,7,0700",,
"USC00087304","2018-11-01","27.0997","-80.2627","3.7","PORT SALERNO 5 W, FL US","    0",",,7,0700",,,,,"  278",",,7","  172",",,7",,,,,"  172",",,7,0700",,
"USC00087304","2018-11-02","27.0997","-80.2627","3.7","PORT SALERNO 5 W, FL US","    0",",,7,0700",,,,,"  278",",,7","  172",",,7",,,,,"  194",",,7,0700",,
"USC00087304","2018-11-03","27.0997","-80.2627","3.7","PORT SALERNO 5 W, FL US","  208",",,7,0700",,,,,"  300",",,7","  183",",,7",,,,,"  200",",,7,0700",,
"USC00087304","2018-11-04","27.0997","-80.2627","3.7","PORT SALERNO 5 W, FL US","  178",",,7,0700",,,,,,,"  189",",,7",,,,,"  228",",,7,0700",,
"USC00087304","2018-11-05","27.0997","-80.2627","3.7","PORT SALERNO 5 W, FL US","    0",",,7,0700",,,,,"  250",",,7","  194",",,7",,,,,"  200",",,7,0700",,
"USC00087304","2018-11-06","27.0997","-80.2627","3.7","PORT SALERNO 5 W, FL US","    8",",,7,0700",,,,,"  306",",,7","  200",",,7",,,,,"  222",",,7,0700",,
"USC00087304","2018-11-07","27.0997","-80.2627","3.7","PORT SALERNO 5 W, FL US","   69",",,7,0700",,,,,"  306",",,7","  200",",,7",,,,,"  211",",,7,0700",,
"USC00087304","2018-11-08","27.0997","-80.2627","3.7","PORT SALERNO 5 W, FL US","   28",",,7,0700",,,,,"  294",",,7","  211",",,7",,,,,"  217",",,7,0700",,
"USC00087304","2018-11-09","27.0997","-80.2627","3.7","PORT SALERNO 5 W, FL US","    8",",,7,0700",,,,,"  294",",,7","  206",",,7",,,,,"  217",",,7,0700",,
"USC00087304","2018-11-10","27.0997","-80.2627","3.7","PORT SALERNO 5 W, FL US","    0",",,7,0700",,,,,"  294",",,7","  206",",,7",,,,,"  206",",,7,0700",,
"USC00087304","2018-11-11","27.0997","-80.2627","3.7","PORT SALERNO 5 W, FL US","    0",",,7,0700",,,,,"  289",",,7","  206",",,7",,,,,"  222",",,7,0700",,
"USC00087304","2018-11-12","27.0997","-80.2627","3.7","PORT SALERNO 5 W, FL US","    0",",,7,0700",,,,,"  306",",,7","  200",",,7",,,,,"  244",",,7,0700",,
"USC00087304","2018-11-13","27.0997","-80.2627","3.7","PORT SALERNO 5 W, FL US","   41",",,7,0700",,,,,"  283",",,7","  206",",,7",,,,,"  211",",,7,0700",,
"USC00087304","2018-11-14","27.0997","-80.2627","3.7","PORT SALERNO 5 W, FL US","  193",",,7,0700",,,,,"  294",",,7","  211",",,7",,,,,"  222",",,7,0700",,
"USC00087304","2018-11-15","27.0997","-80.2627","3.7","PORT SALERNO 5 W, FL US","    0",",,7,0700",,,,,"  289",",,7","  211",",,7",,,,,"  217",",,7,0700",,
"USC00087304","2018-11-16","27.0997","-80.2627","3.7","PORT SALERNO 5 W, FL US","    5",",,7,0700",,,,,"  278",",,7","  122",",,7",,,,,"  128",",,7,0700",,
"USC00087304","2018-11-17","27.0997","-80.2627","3.7","PORT SALERNO 5 W, FL US","    0",",,7,0700",,,,,"  211",",,7","  122",",,7",,,,,"  133",",,7,0700",,
"USC00087304","2018-11-18","27.0997","-80.2627","3.7","PORT SALERNO 5 W, FL US","    0",",,7,0700",,,,,,,"  122",",,7",,,,,"  161",",,7,0700",,
"USC00087304","2018-11-19","27.0997","-80.2627","3.7","PORT SALERNO 5 W, FL US","    5",",,7,0700",,,,,"  250",",,7","  133",",,7",,,,,"  211",",,7,0700",,
"USC00087304","2018-11-20","27.0997","-80.2627","3.7","PORT SALERNO 5 W, FL US","    0",",,7,0700",,,,,"  283",",,7","  161",",,7",,,,,"  217",",,7,0700",,
"USC00087304","2018-11-21","27.0997","-80.2627","3.7","PORT SALERNO 5 W, FL US","    0",",,7,0700",,,,,"  289",",,7","  178",",,7",,,,,"  183",",,7,0700",,
"USC00087304","2018-11-22","27.0997","-80.2627","3.7","PORT SALERNO 5 W, FL US","    0",",,7,0700",,,,,"  289",",,7","  178",",,7",,,,,"  189",",,7,0700",,
"USC00087304","2018-11-23","27.0997","-80.2627","3.7","PORT SALERNO 5 W, FL US","   28",",,7,0700",,,,,"  256",",,7","  167",",,7",,,,,"  172",",,7,0700",,
"USC00087304","2018-11-24","27.0997","-80.2627","3.7","PORT SALERNO 5 W, FL US","    0",",,7,0700",,,,,"  261",",,7","  167",",,7",,,,,"  183",",,7,0700",,
"USC00087304","2018-11-25","27.0997","-80.2627","3.7","PORT SALERNO 5 W, FL US","    0",",,7,0700",,,,,"  261",",,7","  167",",,7",,,,,"  194",",,7,0700",,
"USC00087304","2018-11-26","27.0997","-80.2627","3.7","PORT SALERNO 5 W, FL US","    0",",,7,0700",,,,,"  283",",,7","  167",",,7",,,,,"  167",",,7,0700",,
"USC00087304","2018-11-27","27.0997","-80.2627","3.7","PORT SALERNO 5 W, FL US","   13",",,7,0700",,,,,"  294",",,7","  167",",,7",,,,,"  183",",,7,0700",,
"USC00087304","2018-11-28","27.0997","-80.2627","3.7","PORT SALERNO 5 W, FL US","    0",",,7,0700",,,,,"  183",",,7","   44",",,7",,,,,"   44",",,7,0700",,
"USC00087304","2018-11-29","27.0997","-80.2627","3.7","PORT SALERNO 5 W, FL US","    0",",,7,0700",,,,,"  161",",,7","   33",",,7",,,,,"   78",",,7,0700",,
"USC00087304","2018-11-30","27.0997","-80.2627","3.7","PORT SALERNO 5 W, FL US","    0",",,7,0700",,,,,"  206",",,7","   78",",,7",,,,,"  150",",,7,0700",,
"USC00087304","2018-12-01","27.0997","-80.2627","3.7","PORT SALERNO 5 W, FL US","    0",",,7,0700",,,,,"  256",",,7","  150",",,7",,,,,"  189",",,7,0700",,
"USC00087304","2018-12-02","27.0997","-80.2627","3.7","PORT SALERNO 5 W, FL US","    0",",,7,0700",,,,,"  283",",,7","  189",",,7",,,,,"  189",",,7,0700",,
"USC00087304","2018-12-03","27.0997","-80.2627","3.7","PORT SALERNO 5 W, FL US","   15",",,7,0700",,,,,"  300",",,7","  189",",,7",,,,,"  228",",,7,0700",,
"USC00087304","2018-12-04","27.0997","-80.2627","3.7","PORT SALERNO 5 W, FL US","    0",",,7,0700",,,,,"  306",",,7","  206",",,7",,,,,"  217",",,7,0700",,
"USC00087304","2018-12-05","27.0997","-80.2627","3.7","PORT SALERNO 5 W, FL US","   43",",,7,0700",,,,,"  272",",,7","  156",",,7",,,,,"  156",",,7,0700",,
"USC00087304","2018-12-06","27.0997","-80.2627","3.7","PORT SALERNO 5 W, FL US","    0",",,7,0700",,,,,"  189",",,7","   83",",,7",,,,,"   83",",,7,0700",,
"USC00087304","2018-12-07","27.0997","-80.2627","3.7","PORT SALERNO 5 W, FL US","    0",",,7,0700",,,,,"  233",",,7","   83",",,7",,,,,"  144",",,7,0700",,
"USC00087304","2018-12-08","27.0997","-80.2627","3.7","PORT SALERNO 5 W, FL US","    0",",,7,0700",,,,,"  256",",,7","  144",",,7",,,,,"  150",",,7,0700",,
"USC00087304","2018-12-09","27.0997","-80.2627","3.7","PORT SALERNO 5 W, FL US","    8",",,7,0700",,,,,"  261",",,7","  150",",,7",,,,,"  211",",,7,0700",,
"USC00087304","2018-12-10","27.0997","-80.2627","3.7","PORT SALERNO 5 W, FL US","    0",",,7,0700",,,,,"  261",",,7","  150",",,7",,,,,"  156",",,7,0700",,
"USC00087304","2018-12-11","27.0997","-80.2627","3.7","PORT SALERNO 5 W, FL US","    0",",,7,0700",,,,,"  206",",,7","   61",",,7",,,,,"   61",",,7,0700",,
"USC00087304","2018-12-12","27.0997","-80.2627","3.7","PORT SALERNO 5 W, FL US","    0",",,7,0700",,,,,"  161",",,7","   56",",,7",,,,,"   78",",,7,0700",,
"USC00087304","2018-12-13","27.0997","-80.2627","3.7","PORT SALERNO 5 W, FL US","    0",",,7,0700",,,,,"  217",",,7","   78",",,7",,,,,"  206",",,7,0700",,
"USC00087304","2018-12-14","27.0997","-80.2627","3.7","PORT SALERNO 5 W, FL US","   43",",,7,0700",,,,,"  261",",,7","  183",",,7",,,,,"  217",",,7,0700",,
"USC00087304","2018-12-15","27.0997","-80.2627","3.7","PORT SALERNO 5 W, FL US","    0",",,7,0700",,,,,"  278",",,7","  217",",,7",,,,,"  222",",,7,0700",,
"USC00087304","2018-12-16","27.0997","-80.2627","3.7","PORT SALERNO 5 W, FL US","   41",",,7,0700",,,,,"  239",",,7","  156",",,7",,,,,"  156",",,7,0700",,
"USC00087304","2018-12-17","27.0997","-80.2627","3.7","PORT SALERNO 5 W, FL US","    0",",,7,0700",,,,,"  250",",,7","  106",",,7",,,,,"  111",",,7,0700",,
"USC00087304","2018-12-18","27.0997","-80.2627","3.7","PORT SALERNO 5 W, FL US","    0",",,7,0700",,,,,,,"  106",",,7",,,,,"  106",",,7,0700",,
"USC00087304","2018-12-19","27.0997","-80.2627","3.7","PORT SALERNO 5 W, FL US","    0",",,7,0700",,,,,"  233",",,7","  100",",,7",,,,,"  122",",,7,0700",,
"USC00087304","2018-12-20","27.0997","-80.2627","3.7","PORT SALERNO 5 W, FL US","    0",",,7,0700",,,,,"  256",",,7","  117",",,7",,,,,"  217",",,7,0700",,
"USC00087304","2018-12-21","27.0997","-80.2627","3.7","PORT SALERNO 5 W, FL US","  135",",,7,0700",,,,,"  294",",,7","  161",",,7",,,,,"  178",",,7,0700",,
"USC00087304","2018-12-22","27.0997","-80.2627","3.7","PORT SALERNO 5 W, FL US","   15",",,7,0700",,,,,"  200",",,7","   94",",,7",,,,,"  100",",,7,0700",,
"USC00087304","2018-12-23","27.0997","-80.2627","3.7","PORT SALERNO 5 W, FL US","    0",",,7,0700",,,,,"  189",",,7","   61",",,7",,,,,"   67",",,7,0700",,
"USC00087304","2018-12-24","27.0997","-80.2627","3.7","PORT SALERNO 5 W, FL US","    0",",,7,0700",,,,,"  211",",,7","   61",",,7",,,,,"  100",",,7,0700",,
"USC00087304","2018-12-25","27.0997","-80.2627","3.7","PORT SALERNO 5 W, FL US","    0",",,7,0700",,,,,"  222",",,7","  100",",,7",,,,,"  139",",,7,0700",,
"USC00087304","2018-12-26","27.0997","-80.2627","3.7","PORT SALERNO 5 W, FL US","    0",",,7,0700",,,,,"  250",",,7","  139",",,7",,,,,"  172",",,7,0700",,
"USC00087304","2018-12-27","27.0997","-80.2627","3.7","PORT SALERNO 5 W, FL US","    0",",,7,0700",,,,,"  261",",,7","  144",",,7",,,,,"  144",",,7,0700",,
"USC00087304","2018-12-28","27.0997","-80.2627","3.7","PORT SALERNO 5 W, FL US","    0",",,7,0700",,,,,"  272",",,7","  144",",,7",,,,,"  189",",,7,0700",,
"USC00087304","2018-12-29","27.0997","-80.2627","3.7","PORT SALERNO 5 W, FL US","    0",",,7,0700",,,,,"  283",",,7","  189",",,7",,,,,"  189",",,7,0700",,
"USC00087304","2018-12-30","27.0997","-80.2627","3.7","PORT SALERNO 5 W, FL US","   51",",,7,0700",,,,,"  300",",,7","  183",",,7",,,,,"  183",",,7,0700",,
"USC00087304","2018-12-31","27.0997","-80.2627","3.7","PORT SALERNO 5 W, FL US","    0",",,7,0700",,,,,"  289",",,7","  178",",,7",,,,,"  183",",,7,0700",,
"USC00087304","2019-01-01","27.0997","-80.2627","3.7","PORT SALERNO 5 W, FL US","    0",",,7,0700",,,,,"  283",",,7","  172",",,7",,,,,"  178",",,7,0700",,
"USC00087304","2019-01-02","27.0997","-80.2627","3.7","PORT SALERNO 5 W, FL US","    0",",,7,0700",,,,,"  289",",,7","  156",",,7",,,,,"  161",",,7,0700",,
"USC00087304","2019-01-03","27.0997","-80.2627","3.7","PORT SALERNO 5 W, FL US","    0",",,7,0700",,,,,"  289",",,7","  156",",,7",,,,,"  178",",,7,0700",,
"USC00087304","2019-01-04","27.0997","-80.2627","3.7","PORT SALERNO 5 W, FL US","    8",",,7,0700",,,,,"  289",",,7","  178",",,7",,,,,"  183",",,7,0700",,
"USC00087304","2019-01-05","27.0997","-80.2627","3.7","PORT SALERNO 5 W, FL US","    0",",,7,0700",,,,,"  289",",,7","  178",",,7",,,,,"  178",",,7,0700",,
"USC00087304","2019-01-06","27.0997","-80.2627","3.7","PORT SALERNO 5 W, FL US","    0",",,7,0700",,,,,"  244",",,7","  100",",,7",,,,,"  106",",,7,0700",,
"USC00087304","2019-01-07","27.0997","-80.2627","3.7","PORT SALERNO 5 W, FL US","    0",",,7,0700",,,,,"  233",",,7","  106",",,7",,,,,"  139",",,7,0700",,
"USC00087304","2019-01-08","27.0997","-80.2627","3.7","PORT SALERNO 5 W, FL US","    0",",,7,0700",,,,,"  233",",,7","  106",",,7",,,,,"  133",",,7,0700",,
"USC00087304","2019-01-09","27.0997","-80.2627","3.7","PORT SALERNO 5 W, FL US","    0",",,7,0700",,,,,"  267",",,7","  128",",,7",,,,,"  139",",,7,0700",,
"USC00087304","2019-01-10","27.0997","-80.2627","3.7","PORT SALERNO 5 W, FL US","    0",",,7,0700",,,,,,,,,,,,,,,,
"USC00087304","2019-01-11","27.0997","-80.2627","3.7","PORT SALERNO 5 W, FL US","    0",",,7,0700",,,,,"  183",",,7","   78",",,7",,,,,"   83",",,7,0700",,
"USC00087304","2019-01-12","27.0997","-80.2627","3.7","PORT SALERNO 5 W, FL US","    0",",,7,0700",,,,,"  228",",,7","   83",",,7",,,,,"  133",",,7,0700",,
"USC00087304","2019-01-13","27.0997","-80.2627","3.7","PORT SALERNO 5 W, FL US","   33",",,7,0700",,,,,"  256",",,7","  133",",,7",,,,,"  156",",,7,0700",,
"USC00087304","2019-01-14","27.0997","-80.2627","3.7","PORT SALERNO 5 W, FL US","    0",",,7,0700",,,,,"  272",",,7","  144",",,7",,,,,"  150",",,7,0700",,
"USC00087304","2019-01-15","27.0997","-80.2627","3.7","PORT SALERNO 5 W, FL US","    0",",,7,0700",,,,,"  217",",,7","  100",",,7",,,,,"  106",",,7,0700",,
"USC00087304","2019-01-16","27.0997","-80.2627","3.7","PORT SALERNO 5 W, FL US","    0",",,7,0700",,,,,"  189",",,7","   83",",,7",,,,,"   83",",,7,0700",,
"USC00087304","2019-01-17","27.0997","-80.2627","3.7","PORT SALERNO 5 W, FL US","    0",",,7,0700",,,,,"  200",",,7","   83",",,7",,,,,"   94",",,7,0700",,
"USC00087304","2019-01-18","27.0997","-80.2627","3.7","PORT SALERNO 5 W, FL US","    0",",,7,0700",,,,,"  200",",,7","   89",",,7",,,,,"  106",",,7,0700",,
"USC00087304","2019-01-19","27.0997","-80.2627","3.7","PORT SALERNO 5 W, FL US","    0",",,7,0700",,,,,"  256",",,7","   89",",,7",,,,,"  111",",,7,0700",,
"USC00087304","2019-01-20","27.0997","-80.2627","3.7","PORT SALERNO 5 W, FL US","   48",",,7,0700",,,,,"  272",",,7","  111",",,7",,,,,"  194",",,7,0700",,
"USC00087304","2019-01-21","27.0997","-80.2627","3.7","PORT SALERNO 5 W, FL US","   64",",,7,0700",,,,,"  217",",,7","   44",",,7",,,,,"   44",",,7,0700",,
"USC00087304","2019-01-22","27.0997","-80.2627","3.7","PORT SALERNO 5 W, FL US","    0",",,7,0700",,,,,,,"   44",",,7",,,,,"  178",",,7,0700",,
"USC00087304","2019-01-23","27.0997","-80.2627","3.7","PORT SALERNO 5 W, FL US","    0",",,7,0700",,,,,"  233",",,7","  178",",,7",,,,,"  206",",,7,0700",,
"USC00087304","2019-01-24","27.0997","-80.2627","3.7","PORT SALERNO 5 W, FL US","   20",",,7,0700",,,,,"  250",",,7","  206",",,7",,,,,"  211",",,7,0700",,
"USC00087304","2019-01-25","27.0997","-80.2627","3.7","PORT SALERNO 5 W, FL US","   86",",,7,0700",,,,,"  239",",,7","  122",",,7",,,,,"  128",",,7,0700",,
"USC00087304","2019-01-26","27.0997","-80.2627","3.7","PORT SALERNO 5 W, FL US","    3",",,7,0700",,,,,"  172",",,7","  106",",,7",,,,,"  122",",,7,0700",,
"USC00087304","2019-01-27","27.0997","-80.2627","3.7","PORT SALERNO 5 W, FL US","  335",",,7,0700",,,,,"  200",",,7","  122",",,7",,,,,"  172",",,7,0700",,
"USC00087304","2019-01-28","27.0997","-80.2627","3.7","PORT SALERNO 5 W, FL US","  711",",,7,0700",,,,,"  183",",,7","  100",",,7",,,,,"  100",",,7,0700",,
"USC00087304","2019-01-29","27.0997","-80.2627","3.7","PORT SALERNO 5 W, FL US","    5",",,7,0700",,,,,"  150",",,7","   72",",,7",,,,,"   72",",,7,0700",,
"USC00087304","2019-01-30","27.0997","-80.2627","3.7","PORT SALERNO 5 W, FL US","    0",",,7,0700",,,,,"  200",",,7","   72",",,7",,,,,"  100",",,7,0700",,
"USC00087304","2019-01-31","27.0997","-80.2627","3.7","PORT SALERNO 5 W, FL US","    0",",,7,0700",,,,,"  194",",,7","  100",",,7",,,,,"  133",",,7,0700",,
"USC00087304","2019-02-01","27.0997","-80.2627","3.7","PORT SALERNO 5 W, FL US","   38",",,7,0700",,,,,"  206",",,7","  133",",,7",,,,,"  200",",,7,0700",,
"USC00087304","2019-02-02","27.0997","-80.2627","3.7","PORT SALERNO 5 W, FL US","   56",",,7,0700",,,,,"  239",",,7","  167",",,7",,,,,"  167",",,7,0700",,
"USC00087304","2019-02-03","27.0997","-80.2627","3.7","PORT SALERNO 5 W, FL US","   43",",,7,0700",,,,,"  239",",,7","  161",",,7",,,,,"  161",",,7,0700",,
"USC00087304","2019-02-04","27.0997","-80.2627","3.7","PORT SALERNO 5 W, FL US","    3",",,7,0700",,,,,"  278",",,7","  156",",,7",,,,,"  161",",,7,0700",,
"USC00087304","2019-02-05","27.0997","-80.2627","3.7","PORT SALERNO 5 W, FL US","    0",",,7,0700",,,,,"  217",",,7","  133",",,7",,,,,"  133",",,7,0700",,
"USC00087304","2019-02-06","27.0997","-80.2627","3.7","PORT SALERNO 5 W, FL US","    0",",,7,0700",,,,,"  244",",,7","  128",",,7",,,,,"  144",",,7,0700",,
"USC00087304","2019-02-07","27.0997","-80.2627","3.7","PORT SALERNO 5 W, FL US","    0",",,7,0700",,,,,"  244",",,7","  128",",,7",,,,,"  139",",,7,0700",,
"USC00087304","2019-02-08","27.0997","-80.2627","3.7","PORT SALERNO 5 W, FL US","    0",",,7,0700",,,,,"  250",",,7","  139",",,7",,,,,"  161",",,7,0700",,
"USC00087304","2019-02-09","27.0997","-80.2627","3.7","PORT SALERNO 5 W, FL US","   28",",,7,0700",,,,,"  267",",,7","  156",",,7",,,,,"  156",",,7,0700",,
"USC00087304","2019-02-10","27.0997","-80.2627","3.7","PORT SALERNO 5 W, FL US","    0",",,7,0700",,,,,"  256",",,7","  156",",,7",,,,,"  206",",,7,0700",,
"USC00087304","2019-02-11","27.0997","-80.2627","3.7","PORT SALERNO 5 W, FL US","    0",",,7,0700",,,,,"  261",",,7","  178",",,7",,,,,"  183",",,7,0700",,
"USC00087304","2019-02-12","27.0997","-80.2627","3.7","PORT SALERNO 5 W, FL US","    5",",,7,0700",,,,,"  261",",,7","  178",",,7",,,,,"  194",",,7,0700",,
"USC00087304","2019-02-13","27.0997","-80.2627","3.7","PORT SALERNO 5 W, FL US","   81",",,7,0700",,,,,"  272",",,7","  178",",,7",,,,,"  200",",,7,0700",,
"USC00087304","2019-02-14","27.0997","-80.2627","3.7","PORT SALERNO 5 W, FL US","  170",",,7,0700",,,,,"  267",",,7","  117",",,7",,,,,"  117",",,7,0700",,
"USC00087304","2019-02-15","27.0997","-80.2627","3.7","PORT SALERNO 5 W, FL US","    0",",,7,0700",,,,,"  233",",,7","  111",",,7",,,,,"  161",",,7,0700",,
"USC00087304","2019-02-16","27.0997","-80.2627","3.7","PORT SALERNO 5 W, FL US","    0",",,7,0700",,,,,"  256",",,7","  133",",,7",,,,,"  133",",,7,0700",,
"USC00087304","2019-02-17","27.0997","-80.2627","3.7","PORT SALERNO 5 W, FL US","    0",",,7,0700",,,,,"  272",",,7","  133",",,7",,,,,"  156",",,7,0700",,
"USC00087304","2019-02-18","27.0997","-80.2627","3.7","PORT SALERNO 5 W, FL US","    0",",,7,0700",,,,,"  300",",,7","  156",",,7",,,,,"  228",",,7,0700",,
"USC00087304","2019-02-19","27.0997","-80.2627","3.7","PORT SALERNO 5 W, FL US","    0",",,7,0700",,,,,"  311",",,7","  222",",,7",,,,,"  222",",,7,0700",,
"USC00087304","2019-02-20","27.0997","-80.2627","3.7","PORT SALERNO 5 W, FL US","    0",",,7,0700",,,,,"  311",",,7","  217",",,7",,,,,"  233",",,7,0700",,
"USC00087304","2019-02-21","27.0997","-80.2627","3.7","PORT SALERNO 5 W, FL US","    0",",,7,0700",,,,,"  289",",,7","  200",",,7",,,,,"  222",",,7,0700",,
"USC00087304","2019-02-22","27.0997","-80.2627","3.7","PORT SALERNO 5 W, FL US","   13",",,7,0700",,,,,"  294",",,7","  194",",,7",,,,,"  206",",,7,0700",,
"USC00087304","2019-02-23","27.0997","-80.2627","3.7","PORT SALERNO 5 W, FL US","    3",",,7,0700",,,,,"  300",",,7","  194",",,7",,,,,"  217",",,7,0700",,
"USC00087304","2019-02-24","27.0997","-80.2627","3.7","PORT SALERNO 5 W, FL US","    0",",,7,0700",,,,,"  294",",,7","  189",",,7",,,,,"  189",",,7,0700",,
"USC00087304","2019-02-25","27.0997","-80.2627","3.7","PORT SALERNO 5 W, FL US","    0",",,7,0700",,,,,"  311",",,7","  189",",,7",,,,,"  200",",,7,0700",,
"USC00087304","2019-02-26","27.0997","-80.2627","3.7","PORT SALERNO 5 W, FL US","    0",",,7,0700",,,,,"  294",",,7","  183",",,7",,,,,"  194",",,7,0700",,
"USC00087304","2019-02-27","27.0997","-80.2627","3.7","PORT SALERNO 5 W, FL US","   23",",,7,0700",,,,,"  239",",,7","  178",",,7",,,,,"  200",",,7,0700",,
"USC00087304","2019-02-28","27.0997","-80.2627","3.7","PORT SALERNO 5 W, FL US","  183",",,7,0700",,,,,"  261",",,7","  178",",,7",,,,,"  178",",,7,0700",,
"USC00087304","2019-03-01","27.0997","-80.2627","3.7","PORT SALERNO 5 W, FL US","    0",",,7,0700",,,,,"  244",",,7","  150",",,7",,,,,"  161",",,7,0700",,
"USC00087304","2019-03-02","27.0997","-80.2627","3.7","PORT SALERNO 5 W, FL US","    0",",,7,0700",,,,,"  278",",,7","  150",",,7",,,,,"  222",",,7,0700",,
"USC00087304","2019-03-03","27.0997","-80.2627","3.7","PORT SALERNO 5 W, FL US","    0",",,7,0700",,,,,"  289",",,7","  178",",,7",,,,,"  178",",,7,0700",,
"USC00087304","2019-03-04","27.0997","-80.2627","3.7","PORT SALERNO 5 W, FL US","   53",",,7,0700",,,,,"  294",",,7","  178",",,7",,,,,"  200",",,7,0700",,
"USC00087304","2019-03-05","27.0997","-80.2627","3.7","PORT SALERNO 5 W, FL US","    3",",,7,0700",,,,,"  306",",,7","  189",",,7",,,,,"  189",",,7,0700",,
"USC00087304","2019-03-06","27.0997","-80.2627","3.7","PORT SALERNO 5 W, FL US","    0",",,7,0700",,,,,"  217",",,7","   94",",,7",,,,,"   94",",,7,0700",,
"USC00087304","2019-03-07","27.0997","-80.2627","3.7","PORT SALERNO 5 W, FL US","    0",",,7,0700",,,,,"  161",",,7","   89",",,7",,,,,"  106",",,7,0700",,
"USC00087304","2019-03-08","27.0997","-80.2627","3.7","PORT SALERNO 5 W, FL US","    0",",,7,0700",,,,,"  233",",,7","  106",",,7",,,,,"  133",",,7,0700",,
"USC00087304","2019-03-09","27.0997","-80.2627","3.7","PORT SALERNO 5 W, FL US","    0",",,7,0700",,,,,"  250",",,7","  133",",,7",,,,,"  222",",,7,0700",,
"USC00087304","2019-03-10","27.0997","-80.2627","3.7","PORT SALERNO 5 W, FL US","   46",",,7,0700",,,,,"  272",",,7","  194",",,7",,,,,"  211",",,7,0700",,
"USC00087304","2019-03-11","27.0997","-80.2627","3.7","PORT SALERNO 5 W, FL US","    0",",,7,0700",,,,,"  283",",,7","  194",",,7",,,,,"  200",",,7,0700",,
"USC00087304","2019-03-12","27.0997","-80.2627","3.7","PORT SALERNO 5 W, FL US","    0",",,7,0700",,,,,"  289",",,7","  189",",,7",,,,,"  194",",,7,0700",,
"USC00087304","2019-03-13","27.0997","-80.2627","3.7","PORT SALERNO 5 W, FL US","    0",",,7,0700",,,,,"  289",",,7","  189",",,7",,,,,"  217",",,7,0700",,
"USC00087304","2019-03-14","27.0997","-80.2627","3.7","PORT SALERNO 5 W, FL US","    0",",,7,0700",,,,,"  261",",,7","  211",",,7",,,,,"  211",",,7,0700",,
"USC00087304","2019-03-15","27.0997","-80.2627","3.7","PORT SALERNO 5 W, FL US","    0",",,7,0700",,,,,"  267",",,7","  178",",,7",,,,,"  200",",,7,0700",,
"USC00087304","2019-03-16","27.0997","-80.2627","3.7","PORT SALERNO 5 W, FL US","    3",",,7,0700",,,,,"  267",",,7","  200",",,7",,,,,"  211",",,7,0700",,
"USC00087304","2019-03-17","27.0997","-80.2627","3.7","PORT SALERNO 5 W, FL US","   61",",,7,0700",,,,,"  244",",,7","  178",",,7",,,,,"  178",",,7,0700",,
"USC00087304","2019-03-18","27.0997","-80.2627","3.7","PORT SALERNO 5 W, FL US","    0",",,7,0700",,,,,"  261",",,7","  178",",,7",,,,,"  178",",,7,0700",,
"USC00087304","2019-03-19","27.0997","-80.2627","3.7","PORT SALERNO 5 W, FL US","  135",",,7,0700",,,,,"  239",",,7","  167",",,7",,,,,"  167",",,7,0700",,
"USC00087304","2019-03-20","27.0997","-80.2627","3.7","PORT SALERNO 5 W, FL US","  216",",,7,0700",,,,,"  239",",,7","  167",",,7",,,,,"  167",",,7,0700",,
"USC00087304","2019-03-21","27.0997","-80.2627","3.7","PORT SALERNO 5 W, FL US","  203",",,7,0700",,,,,"  244",",,7","  161",",,7",,,,,"  161",",,7,0700",,
"USC00087304","2019-03-22","27.0997","-80.2627","3.7","PORT SALERNO 5 W, FL US",,,,,,,"  250",",,7","  100",",,7",,,,,"  111",",,7,0700",,
"USC00087304","2019-03-23","27.0997","-80.2627","3.7","PORT SALERNO 5 W, FL US","    0",",,7,0700",,,,,"  244",",,7","   89",",,7",,,,,"  100",",,7,0700",,
"USC00087304","2019-03-24","27.0997","-80.2627","3.7","PORT SALERNO 5 W, FL US","    0",",,7,0700",,,,,"  244",",,7","  100",",,7",,,,,"  100",",,7,0700",,
"USC00087304","2019-03-25","27.0997","-80.2627","3.7","PORT SALERNO 5 W, FL US","    0",",,7,0700",,,,,"  250",",,7","   89",",,7",,,,,"  167",",,7,0700",,
"USC00087304","2019-03-26","27.0997","-80.2627","3.7","PORT SALERNO 5 W, FL US","   38",",,7,0700",,,,,"  239",",,7","  156",",,7",,,,,"  200",",,7,0700",,
"USC00087304","2019-03-27","27.0997","-80.2627","3.7","PORT SALERNO 5 W, FL US","   20",",,7,0700",,,,,"  244",",,7","  156",",,7",,,,,"  206",",,7,0700",,
"USC00087304","2019-03-28","27.0997","-80.2627","3.7","PORT SALERNO 5 W, FL US","    8",",,7,0700",,,,,"  239",",,7","  156",",,7",,,,,"  156",",,7,0700",,
"USC00087304","2019-03-29","27.0997","-80.2627","3.7","PORT SALERNO 5 W, FL US","    0",",,7,0700",,,,,"  244",",,7","  156",",,7",,,,,"  178",",,7,0700",,
"USC00087304","2019-03-30","27.0997","-80.2627","3.7","PORT SALERNO 5 W, FL US","    8",",,7,0700",,,,,"  256",",,7","  139",",,7",,,,,"  183",",,7,0700",,
"USC00087304","2019-03-31","27.0997","-80.2627","3.7","PORT SALERNO 5 W, FL US","   13",",,7,0700",,,,,"  244",",,7","  150",",,7",,,,,"  150",",,7,0700",,
"USC00087304","2019-04-01","27.0997","-80.2627","3.7","PORT SALERNO 5 W, FL US","    3",",,7,0700",,,,,"  278",",,7","  150",",,7",,,,,"  167",",,7,0700",,
"USC00087304","2019-04-02","27.0997","-80.2627","3.7","PORT SALERNO 5 W, FL US","   25",",,7,0700",,,,,"  278",",,7","  150",",,7",,,,,"  178",",,7,0700",,
"USC00087304","2019-04-03","27.0997","-80.2627","3.7","PORT SALERNO 5 W, FL US","    8",",,7,0700",,,,,"  278",",,7","  161",",,7",,,,,"  206",",,7,0700",,
"USC00087304","2019-04-04","27.0997","-80.2627","3.7","PORT SALERNO 5 W, FL US","    0",",,7,0700",,,,,"  289",",,7","  172",",,7",,,,,"  200",",,7,0700",,
"USC00087304","2019-04-05","27.0997","-80.2627","3.7","PORT SALERNO 5 W, FL US","   13",",,7,0700",,,,,"  250",",,7","  183",",,7",,,,,"  200",",,7,0700",,
"USC00087304","2019-04-06","27.0997","-80.2627","3.7","PORT SALERNO 5 W, FL US","  475",",,7,0700",,,,,"  261",",,7","  194",",,7",,,,,"  194",",,7,0700",,
"USC00087304","2019-04-07","27.0997","-80.2627","3.7","PORT SALERNO 5 W, FL US","    0",",,7,0700",,,,,"  289",",,7","  183",",,7",,,,,"  183",",,7,0700",,
"USC00087304","2019-04-08","27.0997","-80.2627","3.7","PORT SALERNO 5 W, FL US","    0",",,7,0700",,,,,"  289",",,7","  183",",,7",,,,,"  206",",,7,0700",,
"USC00087304","2019-04-09","27.0997","-80.2627","3.7","PORT SALERNO 5 W, FL US","   30",",,7,0700",,,,,"  294",",,7","  194",",,7",,,,,"  200",",,7,0700",,
"USC00087304","2019-04-10","27.0997","-80.2627","3.7","PORT SALERNO 5 W, FL US","    8",",,7,0700",,,,,"  300",",,7","  200",",,7",,,,,"  206",",,7,0700",,
"USC00087304","2019-04-11","27.0997","-80.2627","3.7","PORT SALERNO 5 W, FL US","    0",",,7,0700",,,,,"  278",",,7","  200",",,7",,,,,"  200",",,7,0700",,
"USC00087304","2019-04-12","27.0997","-80.2627","3.7","PORT SALERNO 5 W, FL US","    0",",,7,0700",,,,,"  294",",,7","  183",",,7",,,,,"  194",",,7,0700",,
"USC00087304","2019-04-13","27.0997","-80.2627","3.7","PORT SALERNO 5 W, FL US","    0",",,7,0700",,,,,"  306",",,7","  194",",,7",,,,,"  222",",,7,0700",,
"USC00087304","2019-04-14","27.0997","-80.2627","3.7","PORT SALERNO 5 W, FL US","    0",",,7,0700",,,,,"  306",",,7","  194",",,7",,,,,"  233",",,7,0700",,
"USC00087304","2019-04-15","27.0997","-80.2627","3.7","PORT SALERNO 5 W, FL US","   53",",,7,0700",,,,,"  306",",,7","  222",",,7",,,,,"  228",",,7,0700",,
"USC00087304","2019-04-16","27.0997","-80.2627","3.7","PORT SALERNO 5 W, FL US","   10",",,7,0700",,,,,"  300",",,7","  161",",,7",,,,,"  161",",,7,0700",,
"USC00087304","2019-04-17","27.0997","-80.2627","3.7","PORT SALERNO 5 W, FL US","    0",",,7,0700",,,,,,,"  161",",,7",,,,,"  172",",,7,0700",,
"USC00087304","2019-04-18","27.0997","-80.2627","3.7","PORT SALERNO 5 W, FL US","    0",",,7,0700",,,,,"  272",",,7","  161",",,7",,,,,"  183",",,7,0700",,
"USC00087304","2019-04-19","27.0997","-80.2627","3.7","PORT SALERNO 5 W, FL US","   51",",,7,0700",,,,,"  300",",,7","  183",",,7",,,,,"  244",",,7,0700",,
"USC00087304","2019-04-20","27.0997","-80.2627","3.7","PORT SALERNO 5 W, FL US","   58",",,7,0700",,,,,"  306",",,7","  156",",,7",,,,,"  156",",,7,0700",,
"USC00087304","2019-04-21","27.0997","-80.2627","3.7","PORT SALERNO 5 W, FL US","    0",",,7,0700",,,,,"  261",",,7","  122",",,7",,,,,"  128",",,7,0700",,
"USC00087304","2019-04-22","27.0997","-80.2627","3.7","PORT SALERNO 5 W, FL US","    0",",,7,0700",,,,,"  267",",,7","  122",",,7",,,,,"  139",",,7,0700",,
"USC00087304","2019-04-23","27.0997","-80.2627","3.7","PORT SALERNO 5 W, FL US","    0",",,7,0700",,,,,"  261",",,7","  122",",,7",,,,,"  156",",,7,0700",,
"USC00087304","2019-04-24","27.0997","-80.2627","3.7","PORT SALERNO 5 W, FL US","    0",",,7,0700",,,,,"  256",",,7","  139",",,7",,,,,"  156",",,7,0700",,
"USC00087304","2019-04-25","27.0997","-80.2627","3.7","PORT SALERNO 5 W, FL US","    0",",,7,0700",,,,,"  267",",,7","  150",",,7",,,,,"  167",",,7,0700",,
"USC00087304","2019-04-26","27.0997","-80.2627","3.7","PORT SALERNO 5 W, FL US","    0",",,7,0700",,,,,"  278",",,7","  150",",,7",,,,,"  189",",,7,0700",,
"USC00087304","2019-04-27","27.0997","-80.2627","3.7","PORT SALERNO 5 W, FL US","    0",",,7,0700",,,,,"  300",",,7","  167",",,7",,,,,"  183",",,7,0700",,
"USC00087304","2019-04-28","27.0997","-80.2627","3.7","PORT SALERNO 5 W, FL US","    0",",,7,0700",,,,,"  283",",,7","  178",",,7",,,,,"  178",",,7,0700",,
"USC00087304","2019-04-29","27.0997","-80.2627","3.7","PORT SALERNO 5 W, FL US","    0",",,7,0700",,,,,"  294",",,7","  178",",,7",,,,,"  189",",,7,0700",,
"USC00087304","2019-04-30","27.0997","-80.2627","3.7","PORT SALERNO 5 W, FL US","    0",",,7,0700",,,,,"  300",",,7","  189",",,7",,,,,"  228",",,7,0700",,
"USC00087304","2019-05-01","27.0997","-80.2627","3.7","PORT SALERNO 5 W, FL US","    0",",,7,0700",,,,,"  289",",,7","  189",",,7",,,,,"  239",",,7,0700",,
"USC00087304","2019-05-02","27.0997","-80.2627","3.7","PORT SALERNO 5 W, FL US","   43",",,7,0700",,,,,"  294",",,7","  233",",,7",,,,,"  233",",,7,0700",,
"USC00087304","2019-05-03","27.0997","-80.2627","3.7","PORT SALERNO 5 W, FL US","  191",",,7,0700",,,,,"  306",",,7","  211",",,7",,,,,"  222",",,7,0700",,
"USC00087304","2019-05-04","27.0997","-80.2627","3.7","PORT SALERNO 5 W, FL US","  241",",,7,0700",,,,,"  317",",,7","  200",",,7",,,,,"  206",",,7,0700",,
"USC00087304","2019-05-05","27.0997","-80.2627","3.7","PORT SALERNO 5 W, FL US","  107",",,7,0700",,,,,"  317",",,7","  200",",,7",,,,,"  228",",,7,0700",,
"USC00087304","2019-05-06","27.0997","-80.2627","3.7","PORT SALERNO 5 W, FL US","   51",",,7,0700",,,,,"  317",",,7","  200",",,7",,,,,"  206",",,7,0700",,
"USC00087304","2019-05-07","27.0997","-80.2627","3.7","PORT SALERNO 5 W, FL US","   38",",,7,0700",,,,,"  311",",,7","  206",",,7",,,,,"  206",",,7,0700",,
"USC00087304","2019-05-08","27.0997","-80.2627","3.7","PORT SALERNO 5 W, FL US","   25",",,7,0700",,,,,"  317",",,7","  206",",,7",,,,,"  217",",,7,0700",,
"USC00087304","2019-05-09","27.0997","-80.2627","3.7","PORT SALERNO 5 W, FL US","    0",",,7,0700",,,,,"  306",",,7","  211",",,7",,,,,"  217",",,7,0700",,
"USC00087304","2019-05-10","27.0997","-80.2627","3.7","PORT SALERNO 5 W, FL US","  259",",,7,0700",,,,,"  294",",,7","  217",",,7",,,,,"  222",",,7,0700",,
"USC00087304","2019-05-11","27.0997","-80.2627","3.7","PORT SALERNO 5 W, FL US","    0",",,7,0700",,,,,"  294",",,7","  217",",,7",,,,,"  222",",,7,0700",,
"USC00087304","2019-05-12","27.0997","-80.2627","3.7","PORT SALERNO 5 W, FL US","  173",",,7,0700",,,,,"  300",",,7","  217",",,7",,,,,"  222",",,7,0700",,
"USC00087304","2019-05-13","27.0997","-80.2627","3.7","PORT SALERNO 5 W, FL US","   89",",,7,0700",,,,,"  322",",,7","  211",",,7",,,,,"  222",",,7,0700",,
"USC00087304","2019-05-14","27.0997","-80.2627","3.7","PORT SALERNO 5 W, FL US","  183",",,7,0700",,,,,"  322",",,7","  217",",,7",,,,,"  222",",,7,0700",,
"USC00087304","2019-05-15","27.0997","-80.2627","3.7","PORT SALERNO 5 W, FL US","    5",",,7,0700",,,,,"  322",",,7","  211",",,7",,,,,"  222",",,7,0700",,
"USC00087304","2019-05-16","27.0997","-80.2627","3.7","PORT SALERNO 5 W, FL US","    0",",,7,0700",,,,,"  311",",,7","  217",",,7",,,,,"  233",",,7,0700",,
"USC00087304","2019-05-17","27.0997","-80.2627","3.7","PORT SALERNO 5 W, FL US","    0",",,7,0700",,,,,"  283",",,7","  183",",,7",,,,,"  189",",,7,0700",,
"USC00087304","2019-05-18","27.0997","-80.2627","3.7","PORT SALERNO 5 W, FL US","    0",",,7,0700",,,,,"  289",",,7","  183",",,7",,,,,"  189",",,7,0700",,
"USC00087304","2019-05-19","27.0997","-80.2627","3.7","PORT SALERNO 5 W, FL US","    0",",,7,0700",,,,,"  289",",,7","  189",",,7",,,,,"  194",",,7,0700",,
"USC00087304","2019-05-20","27.0997","-80.2627","3.7","PORT SALERNO 5 W, FL US","    0",",,7,0700",,,,,"  289",",,7","  189",",,7",,,,,"  194",",,7,0700",,
"USC00087304","2019-05-21","27.0997","-80.2627","3.7","PORT SALERNO 5 W, FL US","    0",",,7,0700",,,,,"  306",",,7","  194",",,7",,,,,"  211",",,7,0700",,
"USC00087304","2019-05-22","27.0997","-80.2627","3.7","PORT SALERNO 5 W, FL US","    0",",,7,0700",,,,,"  306",",,7","  206",",,7",,,,,"  211",",,7,0700",,
"USC00087304","2019-05-23","27.0997","-80.2627","3.7","PORT SALERNO 5 W, FL US","    0",",,7,0700",,,,,"  306",",,7","  194",",,7",,,,,"  233",",,7,0700",,
"USC00087304","2019-05-24","27.0997","-80.2627","3.7","PORT SALERNO 5 W, FL US","    0",",,7,0700",,,,,"  294",",,7","  228",",,7",,,,,"  228",",,7,0700",,
"USC00087304","2019-05-25","27.0997","-80.2627","3.7","PORT SALERNO 5 W, FL US","    0",",,7,0700",,,,,"  294",",,7","  228",",,7",,,,,"  228",",,7,0700",,
"USC00087304","2019-05-26","27.0997","-80.2627","3.7","PORT SALERNO 5 W, FL US","    0",",,7,0700",,,,,"  306",",,7","  217",",,7",,,,,"  233",",,7,0700",,
"USC00087304","2019-05-27","27.0997","-80.2627","3.7","PORT SALERNO 5 W, FL US","    0",",,7,0700",,,,,"  294",",,7","  194",",,7",,,,,"  211",",,7,0700",,
"USC00087304","2019-05-28","27.0997","-80.2627","3.7","PORT SALERNO 5 W, FL US","    0",",,7,0700",,,,,"  306",",,7","  211",",,7",,,,,"  211",",,7,0700",,
"USC00087304","2019-05-29","27.0997","-80.2627","3.7","PORT SALERNO 5 W, FL US","    0",",,7,0700",,,,,"  306",",,7","  200",",,7",,,,,"  206",",,7,0700",,
"USC00087304","2019-05-30","27.0997","-80.2627","3.7","PORT SALERNO 5 W, FL US","    0",",,7,0700",,,,,"  317",",,7","  200",",,7",,,,,"  211",",,7,0700",,
"USC00087304","2019-05-31","27.0997","-80.2627","3.7","PORT SALERNO 5 W, FL US","    0",",,7,0700",,,,,"  322",",,7","  211",",,7",,,,,"  239",",,7,0700",,
"USC00087304","2019-06-01","27.0997","-80.2627","3.7","PORT SALERNO 5 W, FL US","    0",",,7,0700",,,,,"  339",",,7","  217",",,7",,,,,"  233",",,7,0700",,
"USC00087304","2019-06-02","27.0997","-80.2627","3.7","PORT SALERNO 5 W, FL US","  330",",,7,0700",,,,,"  328",",,7","  217",",,7",,,,,"  217",",,7,0700",,
"USC00087304","2019-06-03","27.0997","-80.2627","3.7","PORT SALERNO 5 W, FL US","    0",",,7,0700",,,,,"  328",",,7","  217",",,7",,,,,"  222",",,7,0700",,
"USC00087304","2019-06-04","27.0997","-80.2627","3.7","PORT SALERNO 5 W, FL US","    0",",,7,0700",,,,,"  328",",,7","  222",",,7",,,,,"  244",",,7,0700",,
"USC00087304","2019-06-05","27.0997","-80.2627","3.7","PORT SALERNO 5 W, FL US","    0",",,7,0700",,,,,"  339",",,7","  239",",,7",,,,,"  239",",,7,0700",,
"USC00087304","2019-06-06","27.0997","-80.2627","3.7","PORT SALERNO 5 W, FL US","   23",",,7,0700",,,,,"  317",",,7","  228",",,7",,,,,"  233",",,7,0700",,
"USC00087304","2019-06-07","27.0997","-80.2627","3.7","PORT SALERNO 5 W, FL US","   91",",,7,0700",,,,,"  322",",,7","  228",",,7",,,,,"  244",",,7,0700",,
"USC00087304","2019-06-08","27.0997","-80.2627","3.7","PORT SALERNO 5 W, FL US","   56",",,7,0700",,,,,"  328",",,7","  228",",,7",,,,,"  239",",,7,0700",,
"USC00087304","2019-06-09","27.0997","-80.2627","3.7","PORT SALERNO 5 W, FL US","   69",",,7,0700",,,,,"  328",",,7","  239",",,7",,,,,"  244",",,7,0700",,
"USC00087304","2019-06-10","27.0997","-80.2627","3.7","PORT SALERNO 5 W, FL US","   71",",,7,0700",,,,,"  328",",,7","  217",",,7",,,,,"  228",",,7,0700",,
"USC00087304","2019-06-11","27.0997","-80.2627","3.7","PORT SALERNO 5 W, FL US","   91",",,7,0700",,,,,"  333",",,7","  217",",,7",,,,,"  222",",,7,0700",,
"USC00087304","2019-06-12","27.0997","-80.2627","3.7","PORT SALERNO 5 W, FL US","  180",",,7,0700",,,,,"  328",",,7","  211",",,7",,,,,"  222",",,7,0700",,
"USC00087304","2019-06-13","27.0997","-80.2627","3.7","PORT SALERNO 5 W, FL US","    0",",,7,0700",,,,,"  339",",,7","  217",",,7",,,,,"  222",",,7,0700",,
"USC00087304","2019-06-14","27.0997","-80.2627","3.7","PORT SALERNO 5 W, FL US","   84",",,7,0700",,,,,"  333",",,7","  222",",,7",,,,,"  233",",,7,0700",,
"USC00087304","2019-06-15","27.0997","-80.2627","3.7","PORT SALERNO 5 W, FL US","    0",",,7,0700",,,,,"  333",",,7","  222",",,7",,,,,"  233",",,7,0700",,
"USC00087304","2019-06-16","27.0997","-80.2627","3.7","PORT SALERNO 5 W, FL US","   74",",,7,0700",,,,,,,,,,,,,"  250",",,7,0700",,
"USC00087304","2019-06-17","27.0997","-80.2627","3.7","PORT SALERNO 5 W, FL US","   89",",,7,0700",,,,,"  311",",,7","  233",",,7",,,,,"  250",",,7,0700",,
"USC00087304","2019-06-18","27.0997","-80.2627","3.7","PORT SALERNO 5 W, FL US","   20",",,7,0700",,,,,"  294",",,7","  228",",,7",,,,,"  233",",,7,0700",,
"USC00087304","2019-06-19","27.0997","-80.2627","3.7","PORT SALERNO 5 W, FL US","    0",",,7,0700",,,,,"  300",",,7","  222",",,7",,,,,"  233",",,7,0700",,
"USC00087304","2019-06-20","27.0997","-80.2627","3.7","PORT SALERNO 5 W, FL US","  160",",,7,0700",,,,,"  317",",,7","  228",",,7",,,,,"  233",",,7,0700",,
"USC00087304","2019-06-21","27.0997","-80.2627","3.7","PORT SALERNO 5 W, FL US","    0",",,7,0700",,,,,"  344",",,7","  233",",,7",,,,,"  250",",,7,0700",,
"USC00087304","2019-06-22","27.0997","-80.2627","3.7","PORT SALERNO 5 W, FL US","    0",",,7,0700",,,,,"  356",",,7","  244",",,7",,,,,"  250",",,7,0700",,
"USC00087304","2019-06-23","27.0997","-80.2627","3.7","PORT SALERNO 5 W, FL US","    0",",,7,0700",,,,,"  350",",,7","  244",",,7",,,,,"  244",",,7,0700",,
"USC00087304","2019-06-24","27.0997","-80.2627","3.7","PORT SALERNO 5 W, FL US","    0",",,7,0700",,,,,"  328",",,7","  244",",,7",,,,,"  244",",,7,0700",,
"USC00087304","2019-06-25","27.0997","-80.2627","3.7","PORT SALERNO 5 W, FL US","    0",",,7,0700",,,,,"  339",",,7","  244",",,7",,,,,"  250",",,7,0700",,
"USC00087304","2019-06-26","27.0997","-80.2627","3.7","PORT SALERNO 5 W, FL US","    0",",,7,0700",,,,,"  350",",,7","  244",",,7",,,,,"  250",",,7,0700",,
"USC00087304","2019-06-27","27.0997","-80.2627","3.7","PORT SALERNO 5 W, FL US","    0",",,7,0700",,,,,"  350",",,7","  228",",,7",,,,,"  239",",,7,0700",,
"USC00087304","2019-06-28","27.0997","-80.2627","3.7","PORT SALERNO 5 W, FL US","  102",",,7,0700",,,,,"  317",",,7","  217",",,7",,,,,"  228",",,7,0700",,
"USC00087304","2019-06-29","27.0997","-80.2627","3.7","PORT SALERNO 5 W, FL US","   38",",,7,0700",,,,,"  283",",,7","  217",",,7",,,,,"  283",",,7,0700",,
"USC00087304","2019-06-30","27.0997","-80.2627","3.7","PORT SALERNO 5 W, FL US","   10",",,7,0700",,,,,"  283",",,7","  222",",,7",,,,,"  228",",,7,0700",,
"USC00087304","2019-07-01","27.0997","-80.2627","3.7","PORT SALERNO 5 W, FL US","   10",",,7,0700",,,,,"  283",",,7","  222",",,7",,,,,"  228",",,7,0700",,
"USC00087304","2019-07-02","27.0997","-80.2627","3.7","PORT SALERNO 5 W, FL US","    0",",,7,0700",,,,,"  328",",,7","  228",",,7",,,,,"  244",",,7,0700",,
"USC00087304","2019-07-03","27.0997","-80.2627","3.7","PORT SALERNO 5 W, FL US","    0",",,7,0700",,,,,"  339",",,7","  228",",,7",,,,,"  256",",,7,0700",,
"USC00087304","2019-07-04","27.0997","-80.2627","3.7","PORT SALERNO 5 W, FL US","    0",",,7,0700",,,,,"  344",",,7","  244",",,7",,,,,"  244",",,7,0700",,
"USC00087304","2019-07-05","27.0997","-80.2627","3.7","PORT SALERNO 5 W, FL US","    0",",,7,0700",,,,,"  339",",,7","  239",",,7",,,,,"  250",",,7,0700",,
"USC00087304","2019-07-06","27.0997","-80.2627","3.7","PORT SALERNO 5 W, FL US","    8",",,7,0700",,,,,"  333",",,7","  233",",,7",,,,,"  239",",,7,0700",,
"USC00087304","2019-07-07","27.0997","-80.2627","3.7","PORT SALERNO 5 W, FL US","    8",",,7,0700",,,,,"  339",",,7","  228",",,7",,,,,"  228",",,7,0700",,
"USC00087304","2019-07-08","27.0997","-80.2627","3.7","PORT SALERNO 5 W, FL US","   38",",,7,0700",,,,,"  328",",,7","  228",",,7",,,,,"  228",",,7,0700",,
"USC00087304","2019-07-09","27.0997","-80.2627","3.7","PORT SALERNO 5 W, FL US","  292",",,7,0700",,,,,"  328",",,7","  228",",,7",,,,,"  233",",,7,0700",,
"USC00087304","2019-07-10","27.0997","-80.2627","3.7","PORT SALERNO 5 W, FL US","    0",",,7,0700",,,,,"  328",",,7","  228",",,7",,,,,"  239",",,7,0700",,
"USC00087304","2019-07-11","27.0997","-80.2627","3.7","PORT SALERNO 5 W, FL US","    0",",,7,0700",,,,,"  328",",,7","  233",",,7",,,,,"  250",",,7,0700",,
"USC00087304","2019-07-12","27.0997","-80.2627","3.7","PORT SALERNO 5 W, FL US","   58",",,7,0700",,,,,"  333",",,7","  228",",,7",,,,,"  233",",,7,0700",,
"USC00087304","2019-07-13","27.0997","-80.2627","3.7","PORT SALERNO 5 W, FL US","    0",",,7,0700",,,,,"  317",",,7","  228",",,7",,,,,"  256",",,7,0700",,
"USC00087304","2019-07-14","27.0997","-80.2627","3.7","PORT SALERNO 5 W, FL US","    0",",,7,0700",,,,,"  317",",,7","  228",",,7",,,,,"  256",",,7,0700",,
"USC00087304","2019-07-15","27.0997","-80.2627","3.7","PORT SALERNO 5 W, FL US","    0",",,7,0700",,,,,"  333",",,7","  244",",,7",,,,,"  244",",,7,0700",,
"USC00087304","2019-07-16","27.0997","-80.2627","3.7","PORT SALERNO 5 W, FL US","    0",",,7,0700",,,,,"  333",",,7","  244",",,7",,,,,"  256",",,7,0700",,
"USC00087304","2019-07-17","27.0997","-80.2627","3.7","PORT SALERNO 5 W, FL US","    0",",,7,0700",,,,,"  350",",,7","  239",",,7",,,,,"  239",",,7,0700",,
"USC00087304","2019-07-18","27.0997","-80.2627","3.7","PORT SALERNO 5 W, FL US","    0",",,7,0700",,,,,"  339",",,7","  233",",,7",,,,,"  233",",,7,0700",,
"USC00087304","2019-07-19","27.0997","-80.2627","3.7","PORT SALERNO 5 W, FL US","   36",",,7,0700",,,,,"  311",",,7","  233",",,7",,,,,"  250",",,7,0700",,
"USC00087304","2019-07-20","27.0997","-80.2627","3.7","PORT SALERNO 5 W, FL US","    5",",,7,0700",,,,,"  322",",,7","  233",",,7",,,,,"  244",",,7,0700",,
"USC00087304","2019-07-21","27.0997","-80.2627","3.7","PORT SALERNO 5 W, FL US","    0",",,7,0700",,,,,"  317",",,7","  233",",,7",,,,,"  239",",,7,0700",,
"USC00087304","2019-07-22","27.0997","-80.2627","3.7","PORT SALERNO 5 W, FL US","    0",",,7,0700",,,,,"  317",",,7","  228",",,7",,,,,"  239",",,7,0700",,
"USC00087304","2019-07-23","27.0997","-80.2627","3.7","PORT SALERNO 5 W, FL US","    0",",,7,0700",,,,,"  328",",,7","  228",",,7",,,,,"  228",",,7,0700",,
"USC00087304","2019-07-24","27.0997","-80.2627","3.7","PORT SALERNO 5 W, FL US","    0",",,7,0700",,,,,"  328",",,7","  228",",,7",,,,,"  233",",,7,0700",,
"USC00087304","2019-07-25","27.0997","-80.2627","3.7","PORT SALERNO 5 W, FL US","   10",",,7,0700",,,,,"  350",",,7","  228",",,7",,,,,"  233",",,7,0700",,
"USC00087304","2019-07-26","27.0997","-80.2627","3.7","PORT SALERNO 5 W, FL US","    0",",,7,0700",,,,,"  350",",,7","  228",",,7",,,,,"  233",",,7,0700",,
"USC00087304","2019-07-27","27.0997","-80.2627","3.7","PORT SALERNO 5 W, FL US","  485",",,7,0700",,,,,"  322",",,7","  222",",,7",,,,,"  233",",,7,0700",,
"USC00087304","2019-07-28","27.0997","-80.2627","3.7","PORT SALERNO 5 W, FL US","  102",",,7,0700",,,,,"  322",",,7","  222",",,7",,,,,"  239",",,7,0700",,
"USC00087304","2019-07-29","27.0997","-80.2627","3.7","PORT SALERNO 5 W, FL US","   81",",,7,0700",,,,,"  350",",,7","  233",",,7",,,,,"  239",",,7,0700",,
"USC00087304","2019-07-30","27.0997","-80.2627","3.7","PORT SALERNO 5 W, FL US","    0",",,7,0700",,,,,"  328",",,7","  233",",,7",,,,,"  244",",,7,0700",,
"USC00087304","2019-07-31","27.0997","-80.2627","3.7","PORT SALERNO 5 W, FL US","    0",",,7,0700",,,,,"  328",",,7","  233",",,7",,,,,"  244",",,7,0700",,
"USC00087304","2019-08-01","27.0997","-80.2627","3.7","PORT SALERNO 5 W, FL US","   20",",,7,0700",,,,,"  339",",,7","  239",",,7",,,,,"  244",",,7,0700",,
"USC00087304","2019-08-02","27.0997","-80.2627","3.7","PORT SALERNO 5 W, FL US","  107",",,7,0700",,,,,"  317",",,7","  239",",,7",,,,,"  250",",,7,0700",,
"USC00087304","2019-08-03","27.0997","-80.2627","3.7","PORT SALERNO 5 W, FL US","  287",",,7,0700",,,,,"  317",",,7","  228",",,7",,,,,"  233",",,7,0700",,
"USC00087304","2019-08-04","27.0997","-80.2627","3.7","PORT SALERNO 5 W, FL US","   89",",,7,0700",,,,,"  311",",,7","  228",",,7",,,,,"  233",",,7,0700",,
"USC00087304","2019-08-05","27.0997","-80.2627","3.7","PORT SALERNO 5 W, FL US","   36",",,7,0700",,,,,"  317",",,7","  233",",,7",,,,,"  244",",,7,0700",,
"USC00087304","2019-08-06","27.0997","-80.2627","3.7","PORT SALERNO 5 W, FL US","  150",",,7,0700",,,,,"  317",",,7","  239",",,7",,,,,"  244",",,7,0700",,
"USC00087304","2019-08-07","27.0997","-80.2627","3.7","PORT SALERNO 5 W, FL US","   81",",,7,0700",,,,,"  322",",,7","  222",",,7",,,,,"  233",",,7,0700",,
"USC00087304","2019-08-08","27.0997","-80.2627","3.7","PORT SALERNO 5 W, FL US","    0",",,7,0700",,,,,"  339",",,7","  228",",,7",,,,,"  244",",,7,0700",,
"USC00087304","2019-08-09","27.0997","-80.2627","3.7","PORT SALERNO 5 W, FL US","    0",",,7,0700",,,,,"  344",",,7","  233",",,7",,,,,"  272",",,7,0700",,
"USC00087304","2019-08-10","27.0997","-80.2627","3.7","PORT SALERNO 5 W, FL US","    0",",,7,0700",,,,,"  344",",,7","  239",",,7",,,,,"  256",",,7,0700",,
"USC00087304","2019-08-11","27.0997","-80.2627","3.7","PORT SALERNO 5 W, FL US","    0",",,7,0700",,,,,"  339",",,7","  256",",,7",,,,,"  267",",,7,0700",,
"USC00087304","2019-08-12","27.0997","-80.2627","3.7","PORT SALERNO 5 W, FL US","   13",",,7,0700",,,,,"  333",",,7","  256",",,7",,,,,"  261",",,7,0700",,
"USC00087304","2019-08-13","27.0997","-80.2627","3.7","PORT SALERNO 5 W, FL US","  104",",,7,0700",,,,,"  350",",,7","  250",",,7",,,,,"  250",",,7,0700",,
"USC00087304","2019-08-14","27.0997","-80.2627","3.7","PORT SALERNO 5 W, FL US","  503",",,7,0700",,,,,"  339",",,7","  228",",,7",,,,,"  244",",,7,0700",,
"USC00087304","2019-08-15","27.0997","-80.2627","3.7","PORT SALERNO 5 W, FL US","    0",",,7,0700",,,,,"  339",",,7","  239",",,7",,,,,"  244",",,7,0700",,
"USC00087304","2019-08-16","27.0997","-80.2627","3.7","PORT SALERNO 5 W, FL US","  297",",,7,0700",,,,,"  322",",,7","  244",",,7",,,,,"  244",",,7,0700",,
"USC00087304","2019-08-17","27.0997","-80.2627","3.7","PORT SALERNO 5 W, FL US","  104",",,7,0700",,,,,"  333",",,7","  222",",,7",,,,,"  228",",,7,0700",,
"USC00087304","2019-08-18","27.0997","-80.2627","3.7","PORT SALERNO 5 W, FL US","    0",",,7,0700",,,,,"  339",",,7","  222",",,7",,,,,"  239",",,7,0700",,
"USC00087304","2019-08-19","27.0997","-80.2627","3.7","PORT SALERNO 5 W, FL US","   10",",,7,0700",,,,,"  328",",,7","  233",",,7",,,,,"  250",",,7,0700",,
"USC00087304","2019-08-20","27.0997","-80.2627","3.7","PORT SALERNO 5 W, FL US","   23",",,7,0700",,,,,"  328",",,7","  233",",,7",,,,,"  239",",,7,0700",,
"USC00087304","2019-08-21","27.0997","-80.2627","3.7","PORT SALERNO 5 W, FL US","   79",",,7,0700",,,,,"  328",",,7","  233",",,7",,,,,"  239",",,7,0700",,
"USC00087304","2019-08-22","27.0997","-80.2627","3.7","PORT SALERNO 5 W, FL US","    0",",,7,0700",,,,,"  322",",,7","  239",",,7",,,,,"  244",",,7,0700",,
"USC00087304","2019-08-23","27.0997","-80.2627","3.7","PORT SALERNO 5 W, FL US","    0",",,7,0700",,,,,"  317",",,7","  239",",,7",,,,,"  261",",,7,0700",,
"USC00087304","2019-08-24","27.0997","-80.2627","3.7","PORT SALERNO 5 W, FL US","   36",",,7,0700",,,,,"  317",",,7","  244",",,7",,,,,"  250",",,7,0700",,
"USC00087304","2019-08-25","27.0997","-80.2627","3.7","PORT SALERNO 5 W, FL US","    0",",,7,0700",,,,,"  317",",,7","  244",",,7",,,,,"  250",",,7,0700",,
"USC00087304","2019-08-26","27.0997","-80.2627","3.7","PORT SALERNO 5 W, FL US","    0",",,7,0700",,,,,"  322",",,7","  244",",,7",,,,,"  244",",,7,0700",,
"USC00087304","2019-08-27","27.0997","-80.2627","3.7","PORT SALERNO 5 W, FL US","  249",",,7,0700",,,,,"  322",",,7","  244",",,7",,,,,"  244",",,7,0700",,
"USC00087304","2019-08-28","27.0997","-80.2627","3.7","PORT SALERNO 5 W, FL US","  556",",,7,0700",,,,,"  333",",,7","  233",",,7",,,,,"  244",",,7,0700",,
"USC00087304","2019-08-29","27.0997","-80.2627","3.7","PORT SALERNO 5 W, FL US","  180",",,7,0700",,,,,"  333",",,7","  233",",,7",,,,,"  244",",,7,0700",,
"USC00087304","2019-08-30","27.0997","-80.2627","3.7","PORT SALERNO 5 W, FL US","  320",",,7,0700",,,,,"  311",",,7","  239",",,7",,,,,"  244",",,7,0700",,
"USC00087304","2019-08-31","27.0997","-80.2627","3.7","PORT SALERNO 5 W, FL US","  109",",,7,0700",,,,,"  328",",,7","  239",",,7",,,,,"  250",",,7,0700",,
"USC00087304","2019-09-01","27.0997","-80.2627","3.7","PORT SALERNO 5 W, FL US","   25",",,7,0700",,,,,"  328",",,7","  239",",,7",,,,,"  250",",,7,0700",,
"USC00087304","2019-09-02","27.0997","-80.2627","3.7","PORT SALERNO 5 W, FL US","   79",",,7,0700",,,,,"  317",",,7","  250",",,7",,,,,"  250",",,7,0700",,
"USC00087304","2019-09-03","27.0997","-80.2627","3.7","PORT SALERNO 5 W, FL US","  226",",,7,0700",,,,,"  294",",,7","  239",",,7",,,,,"  256",",,7,0700",,
"USC00087304","2019-09-04","27.0997","-80.2627","3.7","PORT SALERNO 5 W, FL US","  185",",,7,0700",,,,,"  278",",,7","  228",",,7",,,,,"  244",",,7,0700",,
"USC00087304","2019-09-05","27.0997","-80.2627","3.7","PORT SALERNO 5 W, FL US","    0",",,7,0700",,,,,"  278",",,7","  228",",,7",,,,,"  244",",,7,0700",,
"USC00087304","2019-09-06","27.0997","-80.2627","3.7","PORT SALERNO 5 W, FL US","    0",",,7,0700",,,,,"  339",",,7","  244",",,7",,,,,"  250",",,7,0700",,
"USC00087304","2019-09-07","27.0997","-80.2627","3.7","PORT SALERNO 5 W, FL US","    0",",,7,0700",,,,,"  344",",,7","  250",",,7",,,,,"  256",",,7,0700",,
"USC00087304","2019-09-08","27.0997","-80.2627","3.7","PORT SALERNO 5 W, FL US","    0",",,7,0700",,,,,"  344",",,7","  250",",,7",,,,,"  250",",,7,0700",,
"USC00087304","2019-09-09","27.0997","-80.2627","3.7","PORT SALERNO 5 W, FL US","    0",",,7,0700",,,,,"  339",",,7","  239",",,7",,,,,"  239",",,7,0700",,
"USC00087304","2019-09-10","27.0997","-80.2627","3.7","PORT SALERNO 5 W, FL US","    0",",,7,0700",,,,,"  339",",,7","  239",",,7",,,,,"  244",",,7,0700",,
"USC00087304","2019-09-11","27.0997","-80.2627","3.7","PORT SALERNO 5 W, FL US","  150",",,7,0700",,,,,"  333",",,7","  244",",,7",,,,,"  267",",,7,0700",,
"USC00087304","2019-09-12","27.0997","-80.2627","3.7","PORT SALERNO 5 W, FL US","   53",",,7,0700",,,,,"  317",",,7","  239",",,7",,,,,"  267",",,7,0700",,
"USC00087304","2019-09-13","27.0997","-80.2627","3.7","PORT SALERNO 5 W, FL US","   51",",,7,0700",,,,,"  306",",,7","  250",",,7",,,,,"  256",",,7,0700",,
"USC00087304","2019-09-14","27.0997","-80.2627","3.7","PORT SALERNO 5 W, FL US","   46",",,7,0700",,,,,"  306",",,7","  250",",,7",,,,,"  267",",,7,0700",,
"USC00087304","2019-09-15","27.0997","-80.2627","3.7","PORT SALERNO 5 W, FL US","   20",",,7,0700",,,,,"  306",",,7","  239",",,7",,,,,"  239",",,7,0700",,
"USC00087304","2019-09-16","27.0997","-80.2627","3.7","PORT SALERNO 5 W, FL US","    0",",,7,0700",,,,,"  306",",,7","  239",",,7",,,,,"  239",",,7,0700",,
"USC00087304","2019-09-17","27.0997","-80.2627","3.7","PORT SALERNO 5 W, FL US","  155",",,7,0700",,,,,"  317",",,7","  239",",,7",,,,,"  239",",,7,0700",,
"USC00087304","2019-09-18","27.0997","-80.2627","3.7","PORT SALERNO 5 W, FL US","    0",",,7,0700",,,,,"  328",",,7","  228",",,7",,,,,"  228",",,7,0700",,
"USC00087304","2019-09-19","27.0997","-80.2627","3.7","PORT SALERNO 5 W, FL US","    0",",,7,0700",,,,,"  322",",,7","  228",",,7",,,,,"  256",",,7,0700",,
"USC00087304","2019-09-20","27.0997","-80.2627","3.7","PORT SALERNO 5 W, FL US","   86",",,7,0700",,,,,"  306",",,7","  228",",,7",,,,,"  228",",,7,0700",,
"USC00087304","2019-09-21","27.0997","-80.2627","3.7","PORT SALERNO 5 W, FL US","  104",",,7,0700",,,,,"  294",",,7","  228",",,7",,,,,"  256",",,7,0700",,
"USC00087304","2019-09-22","27.0997","-80.2627","3.7","PORT SALERNO 5 W, FL US","    0",",,7,0700",,,,,"  289",",,7","  250",",,7",,,,,"  250",",,7,0700",,
"USC00087304","2019-09-23","27.0997","-80.2627","3.7","PORT SALERNO 5 W, FL US","    0",",,7,0700",,,,,"  283",",,7","  244",",,7",,,,,"  244",",,7,0700",,
"USC00087304","2019-09-24","27.0997","-80.2627","3.7","PORT SALERNO 5 W, FL US","    0",",,7,0700",,,,,"  283",",,7","  233",",,7",,,,,"  233",",,7,0700",,
"USC00087304","2019-09-25","27.0997","-80.2627","3.7","PORT SALERNO 5 W, FL US","    0",",,7,0700",,,,,"  289",",,7","  206",",,7",,,,,"  206",",,7,0700",,
"USC00087304","2019-09-26","27.0997","-80.2627","3.7","PORT SALERNO 5 W, FL US","    0",",,7,0700",,,,,"  289",",,7","  206",",,7",,,,,"  206",",,7,0700",,
"USC00087304","2019-09-27","27.0997","-80.2627","3.7","PORT SALERNO 5 W, FL US","    0",",,7,0700",,,,,"  300",",,7","  200",",,7",,,,,"  206",",,7,0700",,
"USC00087304","2019-09-28","27.0997","-80.2627","3.7","PORT SALERNO 5 W, FL US","    0",",,7,0700",,,,,"  306",",,7","  200",",,7",,,,,"  222",",,7,0700",,
"USC00087304","2019-09-29","27.0997","-80.2627","3.7","PORT SALERNO 5 W, FL US","    0",",,7,0700",,,,,"  306",",,7","  200",",,7",,,,,"  250",",,7,0700",,
"USC00087304","2019-09-30","27.0997","-80.2627","3.7","PORT SALERNO 5 W, FL US","    0",",,7,0700",,,,,"  294",",,7","  250",",,7",,,,,"  261",",,7,0700",,
"USC00087304","2019-10-01","27.0997","-80.2627","3.7","PORT SALERNO 5 W, FL US","   89",",,7,0700",,,,,"  300",",,7","  233",",,7",,,,,"  250",",,7,0700",,
"USC00087304","2019-10-02","27.0997","-80.2627","3.7","PORT SALERNO 5 W, FL US","    0",",,7,0700",,,,,"  306",",,7","  233",",,7",,,,,"  261",",,7,0700",,
"USC00087304","2019-10-03","27.0997","-80.2627","3.7","PORT SALERNO 5 W, FL US","    0",",,7,0700",,,,,"  289",",,7","  217",",,7",,,,,"  233",",,7,0700",,
"USC00087304","2019-10-04","27.0997","-80.2627","3.7","PORT SALERNO 5 W, FL US","    0",",,7,0700",,,,,"  306",",,7","  206",",,7",,,,,"  222",",,7,0700",,
"USC00087304","2019-10-05","27.0997","-80.2627","3.7","PORT SALERNO 5 W, FL US","    0",",,7,0700",,,,,"  311",",,7","  206",",,7",,,,,"  244",",,7,0700",,
"USC00087304","2019-10-06","27.0997","-80.2627","3.7","PORT SALERNO 5 W, FL US","    0",",,7,0700",,,,,"  311",",,7","  244",",,7",,,,,"  250",",,7,0700",,
"USC00087304","2019-10-07","27.0997","-80.2627","3.7","PORT SALERNO 5 W, FL US","   43",",,7,0700",,,,,"  306",",,7","  244",",,7",,,,,"  256",",,7,0700",,
"USC00087304","2019-10-08","27.0997","-80.2627","3.7","PORT SALERNO 5 W, FL US","   79",",,7,0700",,,,,"  306",",,7","  244",",,7",,,,,"  250",",,7,0700",,
"USC00087304","2019-10-09","27.0997","-80.2627","3.7","PORT SALERNO 5 W, FL US","   99",",,7,0700",,,,,"  294",",,7","  233",",,7",,,,,"  233",",,7,0700",,
"USC00087304","2019-10-10","27.0997","-80.2627","3.7","PORT SALERNO 5 W, FL US","  114",",,7,0700",,,,,"  294",",,7","  233",",,7",,,,,"  233",",,7,0700",,
"USC00087304","2019-10-11","27.0997","-80.2627","3.7","PORT SALERNO 5 W, FL US","   41",",,7,0700",,,,,"  289",",,7","  233",",,7",,,,,"  250",",,7,0700",,
"USC00087304","2019-10-12","27.0997","-80.2627","3.7","PORT SALERNO 5 W, FL US","   43",",,7,0700",,,,,"  278",",,7","  239",",,7",,,,,"  244",",,7,0700",,
"USC00087304","2019-10-13","27.0997","-80.2627","3.7","PORT SALERNO 5 W, FL US","    0",",,7,0700",,,,,"  278",",,7","  200",",,7",,,,,"  200",",,7,0700",,
"USC00087304","2019-10-14","27.0997","-80.2627","3.7","PORT SALERNO 5 W, FL US","    0",",,7,0700",,,,,"  294",",,7","  194",",,7",,,,,"  222",",,7,0700",,
"USC00087304","2019-10-15","27.0997","-80.2627","3.7","PORT SALERNO 5 W, FL US","    0",",,7,0700",,,,,"  294",",,7","  200",",,7",,,,,"  200",",,7,0700",,
"USC00087304","2019-10-16","27.0997","-80.2627","3.7","PORT SALERNO 5 W, FL US","    0",",,7,0700",,,,,"  300",",,7","  200",",,7",,,,,"  222",",,7,0700",,
"USC00087304","2019-10-17","27.0997","-80.2627","3.7","PORT SALERNO 5 W, FL US","    0",",,7,0700",,,,,"  300",",,7","  200",",,7",,,,,"  244",",,7,0700",,
"USC00087304","2019-10-18","27.0997","-80.2627","3.7","PORT SALERNO 5 W, FL US","    0",",,7,0700",,,,,"  322",",,7","  228",",,7",,,,,"  233",",,7,0700",,
"USC00087304","2019-10-19","27.0997","-80.2627","3.7","PORT SALERNO 5 W, FL US","    0",",,7,0700",,,,,"  294",",,7","  228",",,7",,,,,"  267",",,7,0700",,
"USC00087304","2019-10-20","27.0997","-80.2627","3.7","PORT SALERNO 5 W, FL US","   76",",,7,0700",,,,,"  289",",,7","  228",",,7",,,,,"  250",",,7,0700",,
"USC00087304","2019-10-21","27.0997","-80.2627","3.7","PORT SALERNO 5 W, FL US","  137",",,7,0700",,,,,"  306",",,7","  233",",,7",,,,,"  250",",,7,0700",,
"USC00087304","2019-10-22","27.0997","-80.2627","3.7","PORT SALERNO 5 W, FL US","    0",",,7,0700",,,,,"  311",",,7","  239",",,7",,,,,"  244",",,7,0700",,
"USC00087304","2019-10-23","27.0997","-80.2627","3.7","PORT SALERNO 5 W, FL US","    0",",,7,0700",,,,,"  328",",,7","  233",",,7",,,,,"  239",",,7,0700",,
"USC00087304","2019-10-24","27.0997","-80.2627","3.7","PORT SALERNO 5 W, FL US","    0",",,7,0700",,,,,,,"  233",",,7",,,,,"  250",",,7,0700",,
"USC00087304","2019-10-25","27.0997","-80.2627","3.7","PORT SALERNO 5 W, FL US","  107",",,7,0700",,,,,"  311",",,7","  244",",,7",,,,,"  261",",,7,0700",,
"USC00087304","2019-10-26","27.0997","-80.2627","3.7","PORT SALERNO 5 W, FL US","  343",",,7,0700",,,,,"  283",",,7","  244",",,7",,,,,"  244",",,7,0700",,
"USC00087304","2019-10-27","27.0997","-80.2627","3.7","PORT SALERNO 5 W, FL US","  104",",,7,0700",,,,,"  300",",,7","  233",",,7",,,,,"  233",",,7,0700",,
"USC00087304","2019-10-28","27.0997","-80.2627","3.7","PORT SALERNO 5 W, FL US","    0",",,7,0700",,,,,"  322",",,7","  233",",,7",,,,,"  233",",,7,0700",,
"USC00087304","2019-10-29","27.0997","-80.2627","3.7","PORT SALERNO 5 W, FL US","    0",",,7,0700",,,,,"  322",",,7","  233",",,7",,,,,"  244",",,7,0700",,
"USC00087304","2019-10-30","27.0997","-80.2627","3.7","PORT SALERNO 5 W, FL US","    0",",,7,0700",,,,,"  317",",,7","  233",",,7",,,,,"  256",",,7,0700",,
"USC00087304","2019-10-31","27.0997","-80.2627","3.7","PORT SALERNO 5 W, FL US","    0",",,7,0700",,,,,"  317",",,7","  244",",,7",,,,,"  244",",,7,0700",,
"USC00087304","2019-11-01","27.0997","-80.2627","3.7","PORT SALERNO 5 W, FL US","   84",",,7,0700",,,,,"  306",",,7","  228",",,7",,,,,"  233",",,7,0700",,
"USC00087304","2019-11-02","27.0997","-80.2627","3.7","PORT SALERNO 5 W, FL US","  257",",,7,0700",,,,,"  283",",,7","  228",",,7",,,,,"  228",",,7,0700",,
"USC00087304","2019-11-03","27.0997","-80.2627","3.7","PORT SALERNO 5 W, FL US","   91",",,7,0700",,,,,"  300",",,7","  222",",,7",,,,,"  228",",,7,0700",,
"USC00087304","2019-11-04","27.0997","-80.2627","3.7","PORT SALERNO 5 W, FL US","  180",",,7,0700",,,,,"  256",",,7","  228",",,7",,,,,"  239",",,7,0700",,
"USC00087304","2019-11-05","27.0997","-80.2627","3.7","PORT SALERNO 5 W, FL US","    0",",,7,0700",,,,,"  256",",,7","  222",",,7",,,,,"  228",",,7,0700",,
"USC00087304","2019-11-06","27.0997","-80.2627","3.7","PORT SALERNO 5 W, FL US","    0",",,7,0700",,,,,"  300",",,7","  217",",,7",,,,,"  228",",,7,0700",,
"USC00087304","2019-11-07","27.0997","-80.2627","3.7","PORT SALERNO 5 W, FL US","    0",",,7,0700",,,,,"  294",",,7","  222",",,7",,,,,"  228",",,7,0700",,
"USC00087304","2019-11-08","27.0997","-80.2627","3.7","PORT SALERNO 5 W, FL US","    0",",,7,0700",,,,,"  300",",,7","  211",",,7",,,,,"  222",",,7,0700",,
"USC00087304","2019-11-09","27.0997","-80.2627","3.7","PORT SALERNO 5 W, FL US","   41",",,7,0700",,,,,"  311",",,7","  211",",,7",,,,,"  217",",,7,0700",,
"USC00087304","2019-11-10","27.0997","-80.2627","3.7","PORT SALERNO 5 W, FL US","  114",",,7,0700",,,,,"  233",",,7","  178",",,7",,,,,"  189",",,7,0700",,
"USC00087304","2019-11-11","27.0997","-80.2627","3.7","PORT SALERNO 5 W, FL US","    0",",,7,0700",,,,,"  261",",,7","  167",",,7",,,,,"  183",",,7,0700",,
"USC00087304","2019-11-12","27.0997","-80.2627","3.7","PORT SALERNO 5 W, FL US","    0",",,7,0700",,,,,"  278",",,7","  167",",,7",,,,,"  194",",,7,0700",,
"USC00087304","2019-11-13","27.0997","-80.2627","3.7","PORT SALERNO 5 W, FL US","    0",",,7,0700",,,,,"  283",",,7","  194",",,7",,,,,"  206",",,7,0700",,
"USC00087304","2019-11-14","27.0997","-80.2627","3.7","PORT SALERNO 5 W, FL US","  112",",,7,0700",,,,,"  250",",,7","  194",",,7",,,,,"  222",",,7,0700",,
"USC00087304","2019-11-15","27.0997","-80.2627","3.7","PORT SALERNO 5 W, FL US","   53",",,7,0700",,,,,"  267",",,7","  217",",,7",,,,,"  222",",,7,0700",,
"USC00087304","2019-11-16","27.0997","-80.2627","3.7","PORT SALERNO 5 W, FL US","  119",",,7,0700",,,,,"  283",",,7","  156",",,7",,,,,"  161",",,7,0700",,
"USC00087304","2019-11-17","27.0997","-80.2627","3.7","PORT SALERNO 5 W, FL US","    0",",,7,0700",,,,,,,"  117",",,7",,,,,"  117",",,7,0700",,
"USC00087304","2019-11-19","27.0997","-80.2627","3.7","PORT SALERNO 5 W, FL US","    0",",,7,0700",,,,,"  228",",,7","  122",",,7",,,,,"  139",",,7,0700",,
"USC00087304","2019-11-20","27.0997","-80.2627","3.7","PORT SALERNO 5 W, FL US","    0",",,7,0700",,,,,"  250",",,7","  117",",,7",,,,,"  133",",,7,0700",,
"USC00087304","2019-11-21","27.0997","-80.2627","3.7","PORT SALERNO 5 W, FL US","    0",",,7,0700",,,,,"  228",",,7","  111",",,7",,,,,"  144",",,7,0700",,
"USC00087304","2019-11-22","27.0997","-80.2627","3.7","PORT SALERNO 5 W, FL US","    0",",,7,0700",,,,,"  256",",,7","  144",",,7",,,,,"  172",",,7,0700",,
"USC00087304","2019-11-23","27.0997","-80.2627","3.7","PORT SALERNO 5 W, FL US","    0",",,7,0700",,,,,"  261",",,7","  150",",,7",,,,,"  161",",,7,0700",,
"USC00087304","2019-11-24","27.0997","-80.2627","3.7","PORT SALERNO 5 W, FL US","    0",",,7,0700",,,,,"  244",",,7","  139",",,7",,,,,"  178",",,7,0700",,
"USC00087304","2019-11-26","27.0997","-80.2627","3.7","PORT SALERNO 5 W, FL US","    0",",,7,0700",,,,,"  222",",,7","  100",",,7",,,,,"  111",",,7,0700",,
"USC00087304","2019-11-27","27.0997","-80.2627","3.7","PORT SALERNO 5 W, FL US","    0",",,7,0700",,,,,"  239",",,7","  100",",,7",,,,,"  122",",,7,0700",,
"USC00087304","2019-11-28","27.0997","-80.2627","3.7","PORT SALERNO 5 W, FL US","    0",",,7,0700",,,,,"  278",",,7","  122",",,7",,,,,"  144",",,7,0700",,
"USC00087304","2019-11-29","27.0997","-80.2627","3.7","PORT SALERNO 5 W, FL US","    0",",,7,0700",,,,,"  267",",,7","  139",",,7",,,,,"  144",",,7,0700",,
"USC00087304","2019-11-30","27.0997","-80.2627","3.7","PORT SALERNO 5 W, FL US","    0",",,7,0700",,,,,"  256",",,7","  144",",,7",,,,,"  156",",,7,0700",,
"USC00087304","2019-12-01","27.0997","-80.2627","3.7","PORT SALERNO 5 W, FL US","    0",",,7,0700",,,,,"  267",",,7","  150",",,7",,,,,"  156",",,7,0700",,
"USC00087304","2019-12-02","27.0997","-80.2627","3.7","PORT SALERNO 5 W, FL US","    0",",,7,0700",,,,,"  272",",,7","  156",",,7",,,,,"  211",",,7,0700",,
"USC00087304","2019-12-03","27.0997","-80.2627","3.7","PORT SALERNO 5 W, FL US","    0",",,7,0700",,,,,"  244",",,7","   61",",,7",,,,,"   78",",,7,0700",,
"USC00087304","2019-12-04","27.0997","-80.2627","3.7","PORT SALERNO 5 W, FL US","    0",",,7,0700",,,,,"  244",",,7","   61",",,7",,,,,"   94",",,7,0700",,
"USC00087304","2019-12-05","27.0997","-80.2627","3.7","PORT SALERNO 5 W, FL US","    0",",,7,0700",,,,,"  211",",,7","   72",",,7",,,,,"   94",",,7,0700",,
"USC00087304","2019-12-06","27.0997","-80.2627","3.7","PORT SALERNO 5 W, FL US","    0",",,7,0700",,,,,"  206",",,7","   72",",,7",,,,,"  128",",,7,0700",,
"USC00087304","2019-12-07","27.0997","-80.2627","3.7","PORT SALERNO 5 W, FL US","    0",",,7,0700",,,,,"  256",",,7","  122",",,7",,,,,"  144",",,7,0700",,
"USC00087304","2019-12-08","27.0997","-80.2627","3.7","PORT SALERNO 5 W, FL US","    0",",,7,0700",,,,,"  244",",,7","  144",",,7",,,,,"  200",",,7,0700",,
"USC00087304","2019-12-09","27.0997","-80.2627","3.7","PORT SALERNO 5 W, FL US","    0",",,7,0700",,,,,"  267",",,7","  139",",,7",,,,,"  144",",,7,0700",,
"USC00087304","2019-12-10","27.0997","-80.2627","3.7","PORT SALERNO 5 W, FL US","    0",",,7,0700",,,,,"  278",",,7","  139",",,7",,,,,"  178",",,7,0700",,
"USC00087304","2019-12-11","27.0997","-80.2627","3.7","PORT SALERNO 5 W, FL US","    0",",,7,0700",,,,,"  289",",,7","  172",",,7",,,,,"  200",",,7,0700",,
"USC00087304","2019-12-12","27.0997","-80.2627","3.7","PORT SALERNO 5 W, FL US","  615",",,7,0700",,,,,"  283",",,7","  200",",,7",,,,,"  211",",,7,0700",,
"USC00087304","2019-12-13","27.0997","-80.2627","3.7","PORT SALERNO 5 W, FL US","  236",",,7,0700",,,,,"  256",",,7","  194",",,7",,,,,"  222",",,7,0700",,
"USC00087304","2019-12-14","27.0997","-80.2627","3.7","PORT SALERNO 5 W, FL US","    0",",,7,0700",,,,,"  272",",,7","  200",",,7",,,,,"  206",",,7,0700",,
"USC00087304","2019-12-15","27.0997","-80.2627","3.7","PORT SALERNO 5 W, FL US","    0",",,7,0700",,,,,"  256",",,7","  117",",,7",,,,,"  133",",,7,0700",,
"USC00087304","2019-12-16","27.0997","-80.2627","3.7","PORT SALERNO 5 W, FL US","    0",",,7,0700",,,,,"  261",",,7","  133",",,7",,,,,"  172",",,7,0700",,
"USC00087304","2019-12-17","27.0997","-80.2627","3.7","PORT SALERNO 5 W, FL US","   33",",,7,0700",,,,,"  272",",,7","  161",",,7",,,,,"  211",",,7,0700",,
"USC00087304","2019-12-18","27.0997","-80.2627","3.7","PORT SALERNO 5 W, FL US","   13",",,7,0700",,,,,"  289",",,7","  211",",,7",,,,,"  217",",,7,0700",,
"USC00087304","2019-12-19","27.0997","-80.2627","3.7","PORT SALERNO 5 W, FL US","   20",",,7,0700",,,,,"  228",",,7","  144",",,7",,,,,"  156",",,7,0700",,
"USC00087304","2019-12-20","27.0997","-80.2627","3.7","PORT SALERNO 5 W, FL US","    0",",,7,0700",,,,,"  211",",,7","  144",",,7",,,,,"  206",",,7,0700",,
"USC00087304","2019-12-21","27.0997","-80.2627","3.7","PORT SALERNO 5 W, FL US","  132",",,7,0700",,,,,"  233",",,7","  189",",,7",,,,,"  200",",,7,0700",,
"USC00087304","2019-12-22","27.0997","-80.2627","3.7","PORT SALERNO 5 W, FL US","   18",",,7,0700",,,,,"  239",",,7",,,,,,,"  222",",,7,0700",,
"USC00087304","2019-12-23","27.0997","-80.2627","3.7","PORT SALERNO 5 W, FL US","   74",",,7,0700",,,,,"  239",",,7","  206",",,7",,,,,"  211",",,7,0700",,
"USC00087304","2019-12-24","27.0997","-80.2627","3.7","PORT SALERNO 5 W, FL US","   30",",,7,0700",,,,,"  239",",,7","  139",",,7",,,,,"  161",",,7,0700",,
"USC00087304","2019-12-25","27.0997","-80.2627","3.7","PORT SALERNO 5 W, FL US","    0",",,7,0700",,,,,"  189",",,7","  128",",,7",,,,,"  172",",,7,0700",,
"USC00087304","2019-12-26","27.0997","-80.2627","3.7","PORT SALERNO 5 W, FL US","   15",",,7,0700",,,,,"  256",",,7","  172",",,7",,,,,"  211",",,7,0700",,
"USC00087304","2019-12-27","27.0997","-80.2627","3.7","PORT SALERNO 5 W, FL US","   64",",,7,0700",,,,,"  261",",,7","  211",",,7",,,,,"  222",",,7,0700",,
"USC00087304","2019-12-28","27.0997","-80.2627","3.7","PORT SALERNO 5 W, FL US","  460",",,7,0700",,,,,"  261",",,7","  211",",,7",,,,,"  217",",,7,0700",,
"USC00087304","2019-12-29","27.0997","-80.2627","3.7","PORT SALERNO 5 W, FL US","  340",",,7,0700",,,,,"  261",",,7","  217",",,7",,,,,"  228",",,7,0700",,
"USC00087304","2019-12-30","27.0997","-80.2627","3.7","PORT SALERNO 5 W, FL US","    5",",,7,0700",,,,,"  267",",,7","  194",",,7",,,,,"  200",",,7,0700",,
"USC00087304","2019-12-31","27.0997","-80.2627","3.7","PORT SALERNO 5 W, FL US","   20",",,7,0700",,,,,"  261",",,7","  189",",,7",,,,,"  211",",,7,0700",,
"USC00087304","2020-01-01","27.0997","-80.2627","3.7","PORT SALERNO 5 W, FL US","    0",",,7,0700",,,,,,,"  111",",,7",,,,,"  122",",,7,0700",,
"USC00087304","2020-01-02","27.0997","-80.2627","3.7","PORT SALERNO 5 W, FL US","    0",",,7,0700",,,,,"  222",",,7","  111",",,7",,,,,"  139",",,7,0700",,
"USC00087304","2020-01-03","27.0997","-80.2627","3.7","PORT SALERNO 5 W, FL US","    0",",,7,0700",,,,,"  272",",,7","  139",",,7",,,,,"  194",",,7,0700",,
"USC00087304","2020-01-04","27.0997","-80.2627","3.7","PORT SALERNO 5 W, FL US","    0",",,7,0700",,,,,"  289",",,7","  194",",,7",,,,,"  217",",,7,0700",,
"USC00087304","2020-01-05","27.0997","-80.2627","3.7","PORT SALERNO 5 W, FL US",,,,,,,"  300",",,7","  100",",,7",,,,,"  111",",,7,0700",,
"USC00087304","2020-01-06","27.0997","-80.2627","3.7","PORT SALERNO 5 W, FL US","    0",",,7,0700",,,,,"  189",",,7","   83",",,7",,,,,"   89",",,7,0700",,
"USC00087304","2020-01-07","27.0997","-80.2627","3.7","PORT SALERNO 5 W, FL US","    0",",,7,0700",,,,,"  200",",,7","   89",",,7",,,,,"  106",",,7,0700",,
"USC00087304","2020-01-08","27.0997","-80.2627","3.7","PORT SALERNO 5 W, FL US","    0",",,7,0700",,,,,"  233",",,7","  106",",,7",,,,,"  106",",,7,0700",,
"USC00087304","2020-01-09","27.0997","-80.2627","3.7","PORT SALERNO 5 W, FL US","    0",",,7,0700",,,,,"  222",",,7","  106",",,7",,,,,"  211",",,7,0700",,
"USC00087304","2020-01-10","27.0997","-80.2627","3.7","PORT SALERNO 5 W, FL US","    0",",,7,0700",,,,,"  244",",,7","  211",",,7",,,,,"  222",",,7,0700",,
"USC00087304","2020-01-11","27.0997","-80.2627","3.7","PORT SALERNO 5 W, FL US",,,,,,,"  256",",,7","  206",",,7",,,,,"  228",",,7,0700",,
"USC00087304","2020-01-12","27.0997","-80.2627","3.7","PORT SALERNO 5 W, FL US","    8",",,7,0700",,,,,"  272",",,7","  206",",,7",,,,,"  217",",,7,0700",,
"USC00087304","2020-01-13","27.0997","-80.2627","3.7","PORT SALERNO 5 W, FL US","    0",",,7,0700",,,,,"  278",",,7","  189",",,7",,,,,"  206",",,7,0700",,
"USC00087304","2020-01-14","27.0997","-80.2627","3.7","PORT SALERNO 5 W, FL US","    0",",,7,0700",,,,,"  278",",,7","  200",",,7",,,,,"  211",",,7,0700",,
"USC00087304","2020-01-15","27.0997","-80.2627","3.7","PORT SALERNO 5 W, FL US","  104",",,7,0700",,,,,"  267",",,7","  167",",,7",,,,,"  172",",,7,0700",,
"USC00087304","2020-01-16","27.0997","-80.2627","3.7","PORT SALERNO 5 W, FL US","    0",",,7,0700",,,,,"  267",",,7","  156",",,7",,,,,"  156",",,7,0700",,
"USC00087304","2020-01-17","27.0997","-80.2627","3.7","PORT SALERNO 5 W, FL US","    0",",,7,0700",,,,,"  272",",,7","  156",",,7",,,,,"  228",",,7,0700",,
"USC00087304","2020-01-18","27.0997","-80.2627","3.7","PORT SALERNO 5 W, FL US","    0",",,7,0700",,,,,"  250",",,7","  200",",,7",,,,,"  206",",,7,0700",,
"USC00087304","2020-01-19","27.0997","-80.2627","3.7","PORT SALERNO 5 W, FL US","    0",",,7,0700",,,,,"  250",",,7","  150",",,7",,,,,"  161",",,7,0700",,
"USC00087304","2020-01-20","27.0997","-80.2627","3.7","PORT SALERNO 5 W, FL US","    0",",,7,0700",,,,,"  278",",,7","  150",",,7",,,,,"  172",",,7,0700",,
"USC00087304","2020-01-21","27.0997","-80.2627","3.7","PORT SALERNO 5 W, FL US","    0",",,7,0700",,,,,"  194",",,7","   89",",,7",,,,,"   89",",,7,0700",,
"USC00087304","2020-01-22","27.0997","-80.2627","3.7","PORT SALERNO 5 W, FL US","    0",",,7,0700",,,,,"  200",",,7","   28",",,7",,,,,"   28",",,7,0700",,
"USC00087304","2020-01-23","27.0997","-80.2627","3.7","PORT SALERNO 5 W, FL US","  102",",,7,0700",,,,,"  178",",,7","   28",",,7",,,,,"  117",",,7,0700",,
"USC00087304","2020-01-24","27.0997","-80.2627","3.7","PORT SALERNO 5 W, FL US","   64",",,7,0700",,,,,"  239",",,7","  117",",,7",,,,,"  172",",,7,0700",,
"USC00087304","2020-01-25","27.0997","-80.2627","3.7","PORT SALERNO 5 W, FL US","   41",",,7,0700",,,,,"  228",",,7","  161",",,7",,,,,"  167",",,7,0700",,
"USC00087304","2020-01-26","27.0997","-80.2627","3.7","PORT SALERNO 5 W, FL US","    0",",,7,0700",,,,,"  233",",,7","   78",",,7",,,,,"   89",",,7,0700",,
"USC00087304","2020-01-27","27.0997","-80.2627","3.7","PORT SALERNO 5 W, FL US","    0",",,7,0700",,,,,,,"   89",",,7",,,,,"  139",",,7,0700",,
"USC00087304","2020-01-28","27.0997","-80.2627","3.7","PORT SALERNO 5 W, FL US","   10",",,7,0700",,,,,"  239",",,7","  139",",,7",,,,,"  144",",,7,0700",,
"USC00087304","2020-01-29","27.0997","-80.2627","3.7","PORT SALERNO 5 W, FL US",,,,,,,,,"  144",",,7",,,,,"  161",",,7,0700",,
"USC00087304","2020-01-30","27.0997","-80.2627","3.7","PORT SALERNO 5 W, FL US","    0",",,7,0700",,,,,"  256",",,7","  161",",,7",,,,,"  183",",,7,0700",,
"USC00087304","2020-01-31","27.0997","-80.2627","3.7","PORT SALERNO 5 W, FL US","    5",",,7,0700",,,,,,,"  144",",,7",,,,,"  167",",,7,0700",,
"USC00087304","2020-02-01","27.0997","-80.2627","3.7","PORT SALERNO 5 W, FL US","  378",",,7,0700",,,,,"  272",",,7","  167",",,7",,,,,"  178",",,7,0700",,
"USC00087304","2020-02-02","27.0997","-80.2627","3.7","PORT SALERNO 5 W, FL US","  107",",,7,0700",,,,,"  206",",,7","   94",",,7",,,,,"  106",",,7,0700",,
"USC00087304","2020-02-03","27.0997","-80.2627","3.7","PORT SALERNO 5 W, FL US","    0",",,7,0700",,,,,"  189",",,7","   61",",,7",,,,,"   61",",,7,0700",,
"USC00087304","2020-02-04","27.0997","-80.2627","3.7","PORT SALERNO 5 W, FL US","    0",",,7,0700",,,,,"  222",",,7","   56",",,7",,,,,"  133",",,7,0700",,
"USC00087304","2020-02-05","27.0997","-80.2627","3.7","PORT SALERNO 5 W, FL US","    0",",,7,0700",,,,,"  217",",,7","   94",",,7",,,,,"  144",",,7,0700",,
"USC00087304","2020-02-06","27.0997","-80.2627","3.7","PORT SALERNO 5 W, FL US","    0",",,7,0700",,,,,"  261",",,7","  133",",,7",,,,,"  217",",,7,0700",,
"USC00087304","2020-02-07","27.0997","-80.2627","3.7","PORT SALERNO 5 W, FL US","   89",",,7,0700",,,,,"  294",",,7","  161",",,7",,,,,"  161",",,7,0700",,
"USC00087304","2020-02-08","27.0997","-80.2627","3.7","PORT SALERNO 5 W, FL US","    0",",,7,0700",,,,,"  222",",,7","   94",",,7",,,,,"  117",",,7,0700",,
"USC00087304","2020-02-09","27.0997","-80.2627","3.7","PORT SALERNO 5 W, FL US","    0",",,7,0700",,,,,,,"  117",",,7",,,,,"  211",",,7,0700",,
"USC00087304","2020-02-10","27.0997","-80.2627","3.7","PORT SALERNO 5 W, FL US","    0",",,7,0700",,,,,"  239",",,7","  156",",,7",,,,,"  206",",,7,0700",,
"USC00087304","2020-02-11","27.0997","-80.2627","3.7","PORT SALERNO 5 W, FL US","    0",",,7,0700",,,,,"  261",",,7","  189",",,7",,,,,"  189",",,7,0700",,
"USC00087304","2020-02-12","27.0997","-80.2627","3.7","PORT SALERNO 5 W, FL US","    0",",,7,0700",,,,,"  289",",,7","  183",",,7",,,,,"  200",",,7,0700",,
"USC00087304","2020-02-13","27.0997","-80.2627","3.7","PORT SALERNO 5 W, FL US","    0",",,7,0700",,,,,"  289",",,7","  200",",,7",,,,,"  211",",,7,0700",,
"USC00087304","2020-02-14","27.0997","-80.2627","3.7","PORT SALERNO 5 W, FL US","  175",",,7,0700",,,,,"  306",",,7","  211",",,7",,,,,"  211",",,7,0700",,
"USC00087304","2020-02-15","27.0997","-80.2627","3.7","PORT SALERNO 5 W, FL US","   76",",,7,0700",,,,,"  306",",,7","  189",",,7",,,,,"  211",",,7,0700",,
"USC00087304","2020-02-16","27.0997","-80.2627","3.7","PORT SALERNO 5 W, FL US","   18",",,7,0700",,,,,"  250",",,7","  194",",,7",,,,,"  211",",,7,0700",,
"USC00087304","2020-02-17","27.0997","-80.2627","3.7","PORT SALERNO 5 W, FL US","   51",",,7,0700",,,,,"  278",",,7","  189",",,7",,,,,"  189",",,7,0700",,
"USC00087304","2020-02-18","27.0997","-80.2627","3.7","PORT SALERNO 5 W, FL US","    0",",,7,0700",,,,,"  283",",,7","  183",",,7",,,,,"  183",",,7,0700",,
"USC00087304","2020-02-19","27.0997","-80.2627","3.7","PORT SALERNO 5 W, FL US","    0",",,7,0700",,,,,"  283",",,7","  183",",,7",,,,,"  189",",,7,0700",,
"USC00087304","2020-02-20","27.0997","-80.2627","3.7","PORT SALERNO 5 W, FL US","    0",",,7,0700",,,,,"  289",",,7","  189",",,7",,,,,"  189",",,7,0700",,
"USC00087304","2020-02-21","27.0997","-80.2627","3.7","PORT SALERNO 5 W, FL US","    0",",,7,0700",,,,,"  300",",,7","  189",",,7",,,,,"  189",",,7,0700",,
"USC00087304","2020-02-22","27.0997","-80.2627","3.7","PORT SALERNO 5 W, FL US","   10",",,7,0700",,,,,"  200",",,7","  139",",,7",,,,,"  150",",,7,0700",,
"USC00087304","2020-02-23","27.0997","-80.2627","3.7","PORT SALERNO 5 W, FL US","   64",",,7,0700",,,,,,,"  128",",,7",,,,,"  156",",,7,0700",,
"USC00087304","2020-02-24","27.0997","-80.2627","3.7","PORT SALERNO 5 W, FL US","    0",",,7,0700",,,,,"  239",",,7","  128",",,7",,,,,"  144",",,7,0700",,
"USC00087304","2020-02-25","27.0997","-80.2627","3.7","PORT SALERNO 5 W, FL US","    0",",,7,0700",,,,,"  261",",,7","  144",",,7",,,,,"  178",",,7,0700",,
"USC00087304","2020-02-26","27.0997","-80.2627","3.7","PORT SALERNO 5 W, FL US","    0",",,7,0700",,,,,"  289",",,7","  178",",,7",,,,,"  194",",,7,0700",,
"USC00087304","2020-02-27","27.0997","-80.2627","3.7","PORT SALERNO 5 W, FL US","   48",",,7,0700",,,,,"  311",",,7","  133",",,7",,,,,"  133",",,7,0700",,
"USC00087304","2020-02-28","27.0997","-80.2627","3.7","PORT SALERNO 5 W, FL US","    0",",,7,0700",,,,,"  256",",,7","   61",",,7",,,,,"  150",",,7,0700",,
"USC00087304","2020-02-29","27.0997","-80.2627","3.7","PORT SALERNO 5 W, FL US","    0",",,7,0700",,,,,"  244",",,7","  122",",,7",,,,,"  161",",,7,0700",,
"USC00087304","2020-03-01","27.0997","-80.2627","3.7","PORT SALERNO 5 W, FL US","    0",",,7,0700",,,,,"  200",",,7","   61",",,7",,,,,"  117",",,7,0700",,
"USC00087304","2020-03-02","27.0997","-80.2627","3.7","PORT SALERNO 5 W, FL US","    0",",,7,0700",,,,,"  217",",,7","  117",",,7",,,,,"  139",",,7,0700",,
"USC00087304","2020-03-03","27.0997","-80.2627","3.7","PORT SALERNO 5 W, FL US","    0",",,7,0700",,,,,"  256",",,7","  128",",,7",,,,,"  144",",,7,0700",,
"USC00087304","2020-03-04","27.0997","-80.2627","3.7","PORT SALERNO 5 W, FL US","    0",",,7,0700",,,,,"  289",",,7","  144",",,7",,,,,"  178",",,7,0700",,
"USC00087304","2020-03-05","27.0997","-80.2627","3.7","PORT SALERNO 5 W, FL US","    0",",,7,0700",,,,,"  311",",,7","  178",",,7",,,,,"  217",",,7,0700",,
"USC00087304","2020-03-06","27.0997","-80.2627","3.7","PORT SALERNO 5 W, FL US","    3",",,7,0700",,,,,"  322",",,7","  206",",,7",,,,,"  211",",,7,0700",,
"USC00087304","2020-03-07","27.0997","-80.2627","3.7","PORT SALERNO 5 W, FL US","    0",",,7,0700",,,,,"  250",",,7","  111",",,7",,,,,"  117",",,7,0700",,
"USC00087304","2020-03-08","27.0997","-80.2627","3.7","PORT SALERNO 5 W, FL US","    0",",,7,0700",,,,,"  200",",,7","  106",",,7",,,,,"  189",",,7,0700",,
"USC00087304","2020-03-09","27.0997","-80.2627","3.7","PORT SALERNO 5 W, FL US","    0",",,7,0700",,,,,"  233",",,7","  189",",,7",,,,,"  189",",,7,0700",,
"USC00087304","2020-03-10","27.0997","-80.2627","3.7","PORT SALERNO 5 W, FL US","    0",",,7,0700",,,,,"  250",",,7","  189",",,7",,,,,"  206",",,7,0700",,
"USC00087304","2020-03-11","27.0997","-80.2627","3.7","PORT SALERNO 5 W, FL US","    0",",,7,0700",,,,,"  267",",,7","  156",",,7",,,,,"  161",",,7,0700",,
"USC00087304","2020-03-12","27.0997","-80.2627","3.7","PORT SALERNO 5 W, FL US","    0",",,7,0700",,,,,"  272",",,7","  156",",,7",,,,,"  167",",,7,0700",,
"USC00087304","2020-03-13","27.0997","-80.2627","3.7","PORT SALERNO 5 W, FL US","    0",",,7,0700",,,,,"  278",",,7","  156",",,7",,,,,"  161",",,7,0700",,
"USC00087304","2020-03-14","27.0997","-80.2627","3.7","PORT SALERNO 5 W, FL US","    0",",,7,0700",,,,,"  278",",,7","  156",",,7",,,,,"  167",",,7,0700",,
"USC00087304","2020-03-15","27.0997","-80.2627","3.7","PORT SALERNO 5 W, FL US","    0",",,7,0700",,,,,"  283",",,7","  161",",,7",,,,,"  161",",,7,0700",,
"USC00087304","2020-03-16","27.0997","-80.2627","3.7","PORT SALERNO 5 W, FL US","    0",",,7,0700",,,,,"  289",",,7","  161",",,7",,,,,"  167",",,7,0700",,
"USC00087304","2020-03-17","27.0997","-80.2627","3.7","PORT SALERNO 5 W, FL US","    0",",,7,0700",,,,,"  283",",,7","  161",",,7",,,,,"  206",",,7,0700",,
"USC00087304","2020-03-18","27.0997","-80.2627","3.7","PORT SALERNO 5 W, FL US","    0",",,7,0700",,,,,"  289",",,7","  172",",,7",,,,,"  178",",,7,0700",,
"USC00087304","2020-03-19","27.0997","-80.2627","3.7","PORT SALERNO 5 W, FL US","    0",",,7,0700",,,,,"  283",",,7","  172",",,7",,,,,"  200",",,7,0700",,
"USC00087304","2020-03-20","27.0997","-80.2627","3.7","PORT SALERNO 5 W, FL US","    0",",,7,0700",,,,,"  289",",,7","  183",",,7",,,,,"  217",",,7,0700",,
"USC00087304","2020-03-21","27.0997","-80.2627","3.7","PORT SALERNO 5 W, FL US","    0",",,7,0700",,,,,"  289",",,7","  172",",,7",,,,,"  178",",,7,0700",,
"USC00087304","2020-03-22","27.0997","-80.2627","3.7","PORT SALERNO 5 W, FL US","    0",",,7,0700",,,,,"  294",",,7","  167",",,7",,,,,"  172",",,7,0700",,
"USC00087304","2020-03-23","27.0997","-80.2627","3.7","PORT SALERNO 5 W, FL US","    0",",,7,0700",,,,,"  294",",,7","  167",",,7",,,,,"  172",",,7,0700",,
"USC00087304","2020-03-24","27.0997","-80.2627","3.7","PORT SALERNO 5 W, FL US","    0",",,7,0700",,,,,"  294",",,7","  167",",,7",,,,,"  178",",,7,0700",,
"USC00087304","2020-03-25","27.0997","-80.2627","3.7","PORT SALERNO 5 W, FL US","    0",",,7,0700",,,,,"  306",",,7","  178",",,7",,,,,"  183",",,7,0700",,
"USC00087304","2020-03-26","27.0997","-80.2627","3.7","PORT SALERNO 5 W, FL US","    0",",,7,0700",,,,,"  311",",,7","  178",",,7",,,,,"  200",",,7,0700",,
"USC00087304","2020-03-27","27.0997","-80.2627","3.7","PORT SALERNO 5 W, FL US","    0",",,7,0700",,,,,"  294",",,7","  194",",,7",,,,,"  200",",,7,0700",,
"USC00087304","2020-03-28","27.0997","-80.2627","3.7","PORT SALERNO 5 W, FL US","    0",",,7,0700",,,,,"  306",",,7","  167",",,7",,,,,"  183",",,7,0700",,
"USC00087304","2020-03-29","27.0997","-80.2627","3.7","PORT SALERNO 5 W, FL US","    0",",,7,0700",,,,,"  300",",,7","  178",",,7",,,,,"  194",",,7,0700",,
"USC00087304","2020-03-30","27.0997","-80.2627","3.7","PORT SALERNO 5 W, FL US","    0",",,7,0700",,,,,"  317",",,7","  178",",,7",,,,,"  178",",,7,0700",,
"USC00087304","2020-03-31","27.0997","-80.2627","3.7","PORT SALERNO 5 W, FL US","    0",",,7,0700",,,,,"  311",",,7","  178",",,7",,,,,"  206",",,7,0700",,
"USC00087304","2020-04-01","27.0997","-80.2627","3.7","PORT SALERNO 5 W, FL US","   23",",,H,0700",,,,,"  322",",,H","  206",",,H",,,,,"  206",",,H,0700",,
"USC00087304","2020-04-02","27.0997","-80.2627","3.7","PORT SALERNO 5 W, FL US","    0",",,H,0700",,,,,"  261",",,H","  133",",,H",,,,,"  133",",,H,0700",,
"USC00087304","2020-04-03","27.0997","-80.2627","3.7","PORT SALERNO 5 W, FL US","    0",",,H,0700",,,,,"  261",",,H","  133",",,H",,,,,"  139",",,H,0700",,
"USC00087304","2020-04-04","27.0997","-80.2627","3.7","PORT SALERNO 5 W, FL US","    0",",,H,0700",,,,,"  278",",,H","  139",",,H",,,,,"  178",",,H,0700",,
"USC00087304","2020-04-05","27.0997","-80.2627","3.7","PORT SALERNO 5 W, FL US","    0",",,H,0700",,,,,"  322",",,H","  133",",,H",,,,,"  206",",,H,0700",,
"USC00087304","2020-04-06","27.0997","-80.2627","3.7","PORT SALERNO 5 W, FL US","   84",",,H,0700",,,,,"  256",",,H","  206",",,H",,,,,"  211",",,H,0700",,
"USC00087304","2020-04-07","27.0997","-80.2627","3.7","PORT SALERNO 5 W, FL US","  206",",,H,0700",,,,,"  256",",,H","  183",",,H",,,,,"  206",",,H,0700",,
"USC00087304","2020-04-08","27.0997","-80.2627","3.7","PORT SALERNO 5 W, FL US","    0",",,H,0700",,,,,"  283",",,H","  183",",,H",,,,,"  200",",,H,0700",,
"USC00087304","2020-04-09","27.0997","-80.2627","3.7","PORT SALERNO 5 W, FL US","    0",",,H,0700",,,,,"  322",",,H","  200",",,H",,,,,"  217",",,H,0700",,
"USC00087304","2020-04-10","27.0997","-80.2627","3.7","PORT SALERNO 5 W, FL US","    0",",,H,0700",,,,,"  322",",,H","  211",",,H",,,,,"  239",",,H,0700",,
"USC00087304","2020-04-11","27.0997","-80.2627","3.7","PORT SALERNO 5 W, FL US","    0",",,H,0700",,,,,"  306",",,H","  211",",,H",,,,,"  228",",,H,0700",,
"USC00087304","2020-04-12","27.0997","-80.2627","3.7","PORT SALERNO 5 W, FL US","    0",",,H,0700",,,,,"  278",",,H","  222",",,H",,,,,"  244",",,H,0700",,
"USC00087304","2020-04-13","27.0997","-80.2627","3.7","PORT SALERNO 5 W, FL US","    0",",,H,0700",,,,,"  306",",,H","  244",",,H",,,,,"  250",",,H,0700",,
"USC00087304","2020-04-14","27.0997","-80.2627","3.7","PORT SALERNO 5 W, FL US","    0",",,H,0700",,,,,"  339",",,H","  217",",,H",,,,,"  228",",,H,0700",,
"USC00087304","2020-04-15","27.0997","-80.2627","3.7","PORT SALERNO 5 W, FL US","    0",",,H,0700",,,,,"  333",",,H","  217",",,H",,,,,"  222",",,H,0700",,
"USC00087304","2020-04-16","27.0997","-80.2627","3.7","PORT SALERNO 5 W, FL US","    0",",,H,0700",,,,,"  350",",,H","  211",",,H",,,,,"  217",",,H,0700",,
"USC00087304","2020-04-17","27.0997","-80.2627","3.7","PORT SALERNO 5 W, FL US","  208",",,H,0700",,,,,"  278",",,H","  206",",,H",,,,,"  222",",,H,0700",,
"USC00087304","2020-04-18","27.0997","-80.2627","3.7","PORT SALERNO 5 W, FL US","  460",",,H,0700",,,,,"  278",",,H","  222",",,H",,,,,"  222",",,H,0700",,
"USC00087304","2020-04-19","27.0997","-80.2627","3.7","PORT SALERNO 5 W, FL US","    5",",,H,0700",,,,,"  294",",,H","  189",",,H",,,,,"  200",",,H,0700",,
"USC00087304","2020-04-20","27.0997","-80.2627","3.7","PORT SALERNO 5 W, FL US","   99",",,H,0700",,,,,"  317",",,H","  200",",,H",,,,,"  239",",,H,0700",,
"USC00087304","2020-04-21","27.0997","-80.2627","3.7","PORT SALERNO 5 W, FL US","  277",",,H,0700",,,,,"  306",",,H","  206",",,H",,,,,"  211",",,H,0700",,
"USC00087304","2020-04-22","27.0997","-80.2627","3.7","PORT SALERNO 5 W, FL US","    0",",,H,0700",,,,,"  300",",,H","  161",",,H",,,,,"  178",",,H,0700",,
"USC00087304","2020-04-23","27.0997","-80.2627","3.7","PORT SALERNO 5 W, FL US","    0",",,H,0700",,,,,"  289",",,H","  167",",,H",,,,,"  239",",,H,0700",,
"USC00087304","2020-04-24","27.0997","-80.2627","3.7","PORT SALERNO 5 W, FL US","    0",",,H,0700",,,,,"  311",",,H","  217",",,H",,,,,"  256",",,H,0700",,
"USC00087304","2020-04-25","27.0997","-80.2627","3.7","PORT SALERNO 5 W, FL US","  155",",,H,0700",,,,,"  300",",,H","  200",",,H",,,,,"  217",",,H,0700",,
"USC00087304","2020-04-26","27.0997","-80.2627","3.7","PORT SALERNO 5 W, FL US","  244",",,H,0700",,,,,"  328",",,H","  200",",,H",,,,,"  250",",,H,0700",,
"USC00087304","2020-04-27","27.0997","-80.2627","3.7","PORT SALERNO 5 W, FL US","   51",",,H,0700",,,,,"  272",",,H","  156",",,H",,,,,"  156",",,H,0700",,
"USC00087304","2020-04-28","27.0997","-80.2627","3.7","PORT SALERNO 5 W, FL US","    0",",,H,0700",,,,,"  244",",,H","  150",",,H",,,,,"  167",",,H,0700",,
"USC00087304","2020-04-29","27.0997","-80.2627","3.7","PORT SALERNO 5 W, FL US","    0",",,H,0700",,,,,"  272",",,H","  161",",,H",,,,,"  206",",,H,0700",,
"USC00087304","2020-04-30","27.0997","-80.2627","3.7","PORT SALERNO 5 W, FL US","    0",",,H,0700",,,,,"  294",",,H","  189",",,H",,,,,"  211",",,H,0700",,
"USC00087304","2020-05-01","27.0997","-80.2627","3.7","PORT SALERNO 5 W, FL US","  130",",,H,0700",,,,,"  256",",,H","  128",",,H",,,,,"  150",",,H,0700",,
"USC00087304","2020-05-02","27.0997","-80.2627","3.7","PORT SALERNO 5 W, FL US","    0",",,H,0700",,,,,"  261",",,H","  128",",,H",,,,,"  172",",,H,0700",,
"USC00087304","2020-05-05","27.0997","-80.2627","3.7","PORT SALERNO 5 W, FL US","    0",",,H,0700",,,,,"  306",",,H","  172",",,H",,,,,"  189",",,H,0700",,
"USC00087304","2020-05-06","27.0997","-80.2627","3.7","PORT SALERNO 5 W, FL US","    0",",,H,0700",,,,,"  328",",,H","  189",",,H",,,,,"  217",",,H,0700",,
"USC00087304","2020-05-07","27.0997","-80.2627","3.7","PORT SALERNO 5 W, FL US","    0",",,H,0700",,,,,"  311",",,H","  178",",,H",,,,,"  194",",,H,0700",,
"USC00087304","2020-05-08","27.0997","-80.2627","3.7","PORT SALERNO 5 W, FL US","    0",",,H,0700",,,,,"  250",",,H","  150",",,H",,,,,"  178",",,H,0700",,
"USC00087304","2020-05-09","27.0997","-80.2627","3.7","PORT SALERNO 5 W, FL US","    0",",,H,0700",,,,,"  283",",,H","  156",",,H",,,,,"  200",",,H,0700",,
"USC00087304","2020-05-12","27.0997","-80.2627","3.7","PORT SALERNO 5 W, FL US","    0",",,H,0700",,,,,"  267",",,H","  172",",,H",,,,,"  200",",,H,0700",,
"USC00087304","2020-05-13","27.0997","-80.2627","3.7","PORT SALERNO 5 W, FL US","    0",",,H,0700",,,,,"  278",",,H","  172",",,H",,,,,"  228",",,H,0700",,
"USC00087304","2020-05-14","27.0997","-80.2627","3.7","PORT SALERNO 5 W, FL US","    0",",,H,0700",,,,,"  278",",,H","  222",",,H",,,,,"  233",",,H,0700",,
"USC00087304","2020-05-15","27.0997","-80.2627","3.7","PORT SALERNO 5 W, FL US","   18",",,H,0700",,,,,"  267",",,H","  228",",,H",,,,,"  233",",,H,0700",,
"USC00087304","2020-05-16","27.0997","-80.2627","3.7","PORT SALERNO 5 W, FL US","  287",",,H,0700",,,,,"  278",",,H","  222",",,H",,,,,"  228",",,H,0700",,
"USC00087304","2020-05-17","27.0997","-80.2627","3.7","PORT SALERNO 5 W, FL US","  104",",,H,0700",,,,,"  289",",,H","  206",",,H",,,,,"  211",",,H,0700",,
"USC00087304","2020-05-18","27.0997","-80.2627","3.7","PORT SALERNO 5 W, FL US","    0",",,H,0700",,,,,"  322",",,H","  206",",,H",,,,,"  211",",,H,0700",,
"USC00087304","2020-05-19","27.0997","-80.2627","3.7","PORT SALERNO 5 W, FL US","  330",",,H,0700",,,,,"  300",",,H","  200",",,H",,,,,"  217",",,H,0700",,
"USC00087304","2020-05-20","27.0997","-80.2627","3.7","PORT SALERNO 5 W, FL US","   41",",,H,0700",,,,,"  317",",,H","  194",",,H",,,,,"  200",",,H,0700",,
"USC00087304","2020-05-21","27.0997","-80.2627","3.7","PORT SALERNO 5 W, FL US","    0",",,H,0700",,,,,"  322",",,H","  200",",,H",,,,,"  217",",,H,0700",,
"USC00087304","2020-05-22","27.0997","-80.2627","3.7","PORT SALERNO 5 W, FL US","   74",",,H,0700",,,,,"  322",",,H","  200",",,H",,,,,"  250",",,H,0700",,
"USC00087304","2020-05-23","27.0997","-80.2627","3.7","PORT SALERNO 5 W, FL US","    0",",,H,0700",,,,,"  317",",,H","  217",",,H",,,,,"  278",",,H,0700",,
"USC00087304","2020-05-24","27.0997","-80.2627","3.7","PORT SALERNO 5 W, FL US","    0",",,H,0700",,,,,"  306",",,H","  250",",,H",,,,,"  256",",,H,0700",,
"USC00087304","2020-05-25","27.0997","-80.2627","3.7","PORT SALERNO 5 W, FL US","  526",",,H,0700",,,,,"  306",",,H","  228",",,H",,,,,"  233",",,H,0700",,
"USC00087304","2020-05-26","27.0997","-80.2627","3.7","PORT SALERNO 5 W, FL US"," 1191",",,H,0700",,,,,"  261",",,H","  222",",,H",,,,,"  228",",,H,0700",,
"USC00087304","2020-05-27","27.0997","-80.2627","3.7","PORT SALERNO 5 W, FL US","  155",",,H,0700",,,,,"  306",",,H","  222",",,H",,,,,"  228",",,H,0700",,
"USC00087304","2020-05-28","27.0997","-80.2627","3.7","PORT SALERNO 5 W, FL US","  325",",,H,0700",,,,,"  322",",,H","  217",",,H",,,,,"  239",",,H,0700",,
"USC00087304","2020-05-29","27.0997","-80.2627","3.7","PORT SALERNO 5 W, FL US","   99",",,H,0700",,,,,"  317",",,H","  217",",,H",,,,,"  228",",,H,0700",,
"USC00087304","2020-05-30","27.0997","-80.2627","3.7","PORT SALERNO 5 W, FL US","    0",",,H,0700",,,,,"  317",",,H","  222",",,H",,,,,"  233",",,H,0700",,
"USC00087304","2020-05-31","27.0997","-80.2627","3.7","PORT SALERNO 5 W, FL US","    0",",,H,0700",,,,,"  317",",,H","  222",",,H",,,,,"  239",",,H,0700",,
"USC00087304","2020-06-02","27.0997","-80.2627","3.7","PORT SALERNO 5 W, FL US","   41",",,H,0700",,,,,"  306",",,H","  233",",,H",,,,,"  244",",,H,0700",,
"USC00087304","2020-06-03","27.0997","-80.2627","3.7","PORT SALERNO 5 W, FL US"," 1786",",,H,0700",,,,,"  294",",,H","  228",",,H",,,,,"  233",",,H,0700",,
"USC00087304","2020-06-04","27.0997","-80.2627","3.7","PORT SALERNO 5 W, FL US","  709",",,H,0700",,,,,"  244",",,H","  222",",,H",,,,,"  222",",,H,0700",,
