"STATION","DATE","LATITUDE","LONGITUDE","ELEVATION","NAME","TMAX","TMAX_ATTRIBUTES","TMIN","TMIN_ATTRIBUTES","TAVG","TAVG_ATTRIBUTES"
"USR0000AFYK","2018-07-07","66.57","-145.2508","141.7","FORT YUKON ALASKA, AK US","  261","H,,U","  144","H,,U","  208",",,U"
"USR0000AFYK","2018-07-08","66.57","-145.2508","141.7","FORT YUKON ALASKA, AK US","  200","H,,U","  128","H,,U","  162",",,U"
"USR0000AFYK","2018-07-09","66.57","-145.2508","141.7","FORT YUKON ALASKA, AK US","  228","H,,U","  122","H,,U","  177",",,U"
"USR0000AFYK","2018-07-10","66.57","-145.2508","141.7","FORT YUKON ALASKA, AK US","  211","H,,U","   94","H,,U","  168",",,U"
"USR0000AFYK","2018-07-11","66.57","-145.2508","141.7","FORT YUKON ALASKA, AK US","  211","H,,U","  122","H,,U","  167",",,U"
"USR0000AFYK","2018-07-12","66.57","-145.2508","141.7","FORT YUKON ALASKA, AK US","  233","H,,U","  117","H,,U","  175",",,U"
"USR0000AFYK","2018-07-13","66.57","-145.2508","141.7","FORT YUKON ALASKA, AK US","  283","H,,U","  106","H,,U","  209",",,U"
"USR0000AFYK","2018-07-14","66.57","-145.2508","141.7","FORT YUKON ALASKA, AK US","  233","H,,U","  100","H,,U","  184",",,U"
"USR0000AFYK","2018-07-15","66.57","-145.2508","141.7","FORT YUKON ALASKA, AK US","  217","H,,U","  144","H,,U","  180",",,U"
"USR0000AFYK","2018-07-16","66.57","-145.2508","141.7","FORT YUKON ALASKA, AK US","  194","H,,U","  117","H,,U","  158",",,U"
"USR0000AFYK","2018-07-17","66.57","-145.2508","141.7","FORT YUKON ALASKA, AK US","  194","H,,U","  100","H,,U","  142",",,U"
"USR0000AFYK","2018-07-18","66.57","-145.2508","141.7","FORT YUKON ALASKA, AK US","  206","H,,U","   72","H,,U","  158",",,U"
"USR0000AFYK","2018-07-19","66.57","-145.2508","141.7","FORT YUKON ALASKA, AK US","  167","H,,U","  106","H,,U","  149",",,U"
"USR0000AFYK","2018-07-20","66.57","-145.2508","141.7","FORT YUKON ALASKA, AK US","  211","H,,U","   89","H,,U","  150",",,U"
"USR0000AFYK","2018-07-21","66.57","-145.2508","141.7","FORT YUKON ALASKA, AK US","  267","H,,U","  128","H,,U","  194",",,U"
"USR0000AFYK","2018-07-22","66.57","-145.2508","141.7","FORT YUKON ALASKA, AK US","  317","H,,U","   89","H,,U","  224",",,U"
"USR0000AFYK","2018-07-23","66.57","-145.2508","141.7","FORT YUKON ALASKA, AK US","  339","H,,U","  117","H,,U","  248",",,U"
"USR0000AFYK","2018-07-24","66.57","-145.2508","141.7","FORT YUKON ALASKA, AK US","  317","H,,U","  117","H,,U","  236",",,U"
"USR0000AFYK","2018-07-25","66.57","-145.2508","141.7","FORT YUKON ALASKA, AK US","  306","H,,U","  117","H,,U","  227",",,U"
"USR0000AFYK","2018-07-26","66.57","-145.2508","141.7","FORT YUKON ALASKA, AK US","  272","H,,U","  128","H,,U","  214",",,U"
"USR0000AFYK","2018-07-27","66.57","-145.2508","141.7","FORT YUKON ALASKA, AK US","  250","H,,U","  156","H,,U","  202",",,U"
"USR0000AFYK","2018-07-28","66.57","-145.2508","141.7","FORT YUKON ALASKA, AK US","  261","H,,U","  144","H,,U","  207",",,U"
"USR0000AFYK","2018-07-29","66.57","-145.2508","141.7","FORT YUKON ALASKA, AK US","  294","H,,U","  128","H,,U","  213",",,U"
"USR0000AFYK","2018-07-30","66.57","-145.2508","141.7","FORT YUKON ALASKA, AK US","  278","H,,U","  117","H,,U","  216",",,U"
"USR0000AFYK","2018-07-31","66.57","-145.2508","141.7","FORT YUKON ALASKA, AK US","  289","H,,U","  139","H,,U","  225",",,U"
"USR0000AFYK","2018-08-01","66.57","-145.2508","141.7","FORT YUKON ALASKA, AK US","  272","H,,U","  100","H,,U","  193",",,U"
"USR0000AFYK","2018-08-02","66.57","-145.2508","141.7","FORT YUKON ALASKA, AK US","  222","H,,U","  139","H,,U","  177",",,U"
"USR0000AFYK","2018-08-03","66.57","-145.2508","141.7","FORT YUKON ALASKA, AK US","  161","H,,U","  106","H,,U","  130",",,U"
"USR0000AFYK","2018-08-04","66.57","-145.2508","141.7","FORT YUKON ALASKA, AK US","  183","H,,U","  117","H,,U","  151",",,U"
"USR0000AFYK","2018-08-05","66.57","-145.2508","141.7","FORT YUKON ALASKA, AK US","  156","H,,U","  117","H,,U","  132",",,U"
"USR0000AFYK","2018-08-06","66.57","-145.2508","141.7","FORT YUKON ALASKA, AK US","  178","H,,U","  122","H,,U","  144",",,U"
"USR0000AFYK","2018-08-07","66.57","-145.2508","141.7","FORT YUKON ALASKA, AK US","  167","H,,U","  100","H,,U","  131",",,U"
"USR0000AFYK","2018-08-08","66.57","-145.2508","141.7","FORT YUKON ALASKA, AK US","  150","H,,U","   39","H,,U","  109",",,U"
"USR0000AFYK","2018-08-09","66.57","-145.2508","141.7","FORT YUKON ALASKA, AK US","  172","H,,U","   28","H,,U","  109",",,U"
"USR0000AFYK","2018-08-10","66.57","-145.2508","141.7","FORT YUKON ALASKA, AK US","  178","H,,U","   50","H,,U","  122",",,U"
"USR0000AFYK","2018-08-11","66.57","-145.2508","141.7","FORT YUKON ALASKA, AK US","  206","H,,U","   17","H,,U","  121",",,U"
"USR0000AFYK","2018-08-12","66.57","-145.2508","141.7","FORT YUKON ALASKA, AK US","  206","H,,U","   72","H,,U","  137",",,U"
"USR0000AFYK","2018-08-13","66.57","-145.2508","141.7","FORT YUKON ALASKA, AK US","  122","H,,U","   61","H,,U","  109",",,U"
"USR0000AFYK","2018-08-14","66.57","-145.2508","141.7","FORT YUKON ALASKA, AK US","  122","H,,U","   39","H,,U","   81",",,U"
"USR0000AFYK","2018-08-15","66.57","-145.2508","141.7","FORT YUKON ALASKA, AK US","  150","H,,U","   61","H,,U","  108",",,U"
"USR0000AFYK","2018-08-16","66.57","-145.2508","141.7","FORT YUKON ALASKA, AK US","  167","H,,U","   94","H,,U","  122",",,U"
"USR0000AFYK","2018-08-17","66.57","-145.2508","141.7","FORT YUKON ALASKA, AK US","  128","H,,U","  117","H,,U","  123",",,U"
"USR0000AFYK","2018-08-18","66.57","-145.2508","141.7","FORT YUKON ALASKA, AK US","  183","H,,U","  111","H,,U","  139",",,U"
"USR0000AFYK","2018-08-19","66.57","-145.2508","141.7","FORT YUKON ALASKA, AK US","  206","H,,U","   94","H,,U","  151",",,U"
"USR0000AFYK","2018-08-20","66.57","-145.2508","141.7","FORT YUKON ALASKA, AK US","  200","H,,U","   94","H,,U","  154",",,U"
"USR0000AFYK","2018-08-21","66.57","-145.2508","141.7","FORT YUKON ALASKA, AK US","  161","H,,U","   56","H,,U","  112",",,U"
"USR0000AFYK","2018-08-22","66.57","-145.2508","141.7","FORT YUKON ALASKA, AK US","  128","H,,U","   39","H,,U","   79",",,U"
"USR0000AFYK","2018-08-23","66.57","-145.2508","141.7","FORT YUKON ALASKA, AK US","   89","H,,U","    6","H,,U","   56",",,U"
"USR0000AFYK","2018-08-24","66.57","-145.2508","141.7","FORT YUKON ALASKA, AK US","  122","H,,U","   17","H,,U","   82",",,U"
"USR0000AFYK","2018-08-25","66.57","-145.2508","141.7","FORT YUKON ALASKA, AK US","  172","H,,U","   61","H,,U","  117",",,U"
"USR0000AFYK","2018-08-26","66.57","-145.2508","141.7","FORT YUKON ALASKA, AK US","  172","H,,U","   17","H,,U","  113",",,U"
"USR0000AFYK","2018-08-27","66.57","-145.2508","141.7","FORT YUKON ALASKA, AK US","  156","H,,U","  100","H,,U","  123",",,U"
"USR0000AFYK","2018-08-28","66.57","-145.2508","141.7","FORT YUKON ALASKA, AK US","  167","H,,U","   83","H,,U","  129",",,U"
"USR0000AFYK","2018-08-29","66.57","-145.2508","141.7","FORT YUKON ALASKA, AK US","  128","H,,U","   28","H,,U","   90",",,U"
"USR0000AFYK","2018-08-30","66.57","-145.2508","141.7","FORT YUKON ALASKA, AK US","   89","H,,U","   44","H,,U","   68",",,U"
"USR0000AFYK","2018-08-31","66.57","-145.2508","141.7","FORT YUKON ALASKA, AK US","  128","H,,U","  -28","H,,U","   66",",,U"
"USR0000AFYK","2018-09-01","66.57","-145.2508","141.7","FORT YUKON ALASKA, AK US","  128","H,,U","   78","H,,U","  101",",,U"
"USR0000AFYK","2018-09-02","66.57","-145.2508","141.7","FORT YUKON ALASKA, AK US","  144","H,,U","  -28","H,,U","   50",",,U"
"USR0000AFYK","2018-09-03","66.57","-145.2508","141.7","FORT YUKON ALASKA, AK US","  128","H,,U","   72","H,,U","  103",",,U"
"USR0000AFYK","2018-09-04","66.57","-145.2508","141.7","FORT YUKON ALASKA, AK US","  139","H,,U","   78","H,,U","  102",",,U"
"USR0000AFYK","2018-09-05","66.57","-145.2508","141.7","FORT YUKON ALASKA, AK US","  156","H,,U","   72","H,,U","  113",",,U"
"USR0000AFYK","2018-09-06","66.57","-145.2508","141.7","FORT YUKON ALASKA, AK US","  133","H,,U","   44","H,,U","   98",",,U"
"USR0000AFYK","2018-09-07","66.57","-145.2508","141.7","FORT YUKON ALASKA, AK US","  117","H,,U","  -28","H,,U","   51",",,U"
"USR0000AFYK","2018-09-08","66.57","-145.2508","141.7","FORT YUKON ALASKA, AK US","  133","H,,U","  -61","H,,U","   28",",,U"
"USR0000AFYK","2018-09-09","66.57","-145.2508","141.7","FORT YUKON ALASKA, AK US","  156","H,,U","  -50","H,,U","   41",",,U"
"USR0000AFYK","2018-09-10","66.57","-145.2508","141.7","FORT YUKON ALASKA, AK US","  167","H,,U","  -39","H,,U","   71",",,U"
"USR0000AFYK","2018-09-11","66.57","-145.2508","141.7","FORT YUKON ALASKA, AK US","  106","H,,U","   33","H,,U","   63",",,U"
"USR0000AFYK","2018-09-12","66.57","-145.2508","141.7","FORT YUKON ALASKA, AK US","  122","H,,U","   -6","H,,U","   69",",,U"
"USR0000AFYK","2018-09-13","66.57","-145.2508","141.7","FORT YUKON ALASKA, AK US","  161","H,,U","   39","H,,U","   96",",,U"
"USR0000AFYK","2018-09-14","66.57","-145.2508","141.7","FORT YUKON ALASKA, AK US","  133","H,,U","  -11","H,,U","   48",",,U"
"USR0000AFYK","2018-09-15","66.57","-145.2508","141.7","FORT YUKON ALASKA, AK US","  128","H,,U","   -6","H,,U","   60",",,U"
"USR0000AFYK","2018-09-16","66.57","-145.2508","141.7","FORT YUKON ALASKA, AK US","  139","H,,U","  -39","H,,U","   59",",,U"
"USR0000AFYK","2018-09-17","66.57","-145.2508","141.7","FORT YUKON ALASKA, AK US","  156","H,,U","  -67","H,,U","   26",",,U"
"USR0000AFYK","2018-09-18","66.57","-145.2508","141.7","FORT YUKON ALASKA, AK US","  111","H,,U","  -50","H,,U","   29",",,U"
"USR0000AFYK","2018-09-19","66.57","-145.2508","141.7","FORT YUKON ALASKA, AK US","   94","H,,U","  -22","H,,U","   48",",,U"
"USR0000AFYK","2018-09-20","66.57","-145.2508","141.7","FORT YUKON ALASKA, AK US","  117","H,,U","   33","H,,U","   65",",,U"
"USR0000AFYK","2018-09-21","66.57","-145.2508","141.7","FORT YUKON ALASKA, AK US","   94","H,,U","   28","H,,U","   66",",,U"
"USR0000AFYK","2018-09-22","66.57","-145.2508","141.7","FORT YUKON ALASKA, AK US","   67","H,,U","   44","H,,U","   54",",,U"
"USR0000AFYK","2018-09-23","66.57","-145.2508","141.7","FORT YUKON ALASKA, AK US","   83","H,,U","  -33","H,,U","   33",",,U"
"USR0000AFYK","2018-09-24","66.57","-145.2508","141.7","FORT YUKON ALASKA, AK US","   56","H,,U","  -44","H,,U","    7",",,U"
"USR0000AFYK","2018-09-25","66.57","-145.2508","141.7","FORT YUKON ALASKA, AK US","   17","H,,U","   -6","H,,U","    6",",,U"
"USR0000AFYK","2018-09-26","66.57","-145.2508","141.7","FORT YUKON ALASKA, AK US","   28","H,,U","  -17","H,,U","    8",",,U"
"USR0000AFYK","2018-09-27","66.57","-145.2508","141.7","FORT YUKON ALASKA, AK US","   17","H,,U","  -11","H,,U","    6",",,U"
"USR0000AFYK","2018-09-28","66.57","-145.2508","141.7","FORT YUKON ALASKA, AK US","   33","H,,U","  -39","H,,U","  -11",",,U"
"USR0000AFYK","2018-09-29","66.57","-145.2508","141.7","FORT YUKON ALASKA, AK US","   78","H,,U","  -72","H,,U","  -10",",,U"
"USR0000AFYK","2018-09-30","66.57","-145.2508","141.7","FORT YUKON ALASKA, AK US","   89","H,,U","  -56","H,,U","   -5",",,U"
"USR0000AFYK","2018-10-01","66.57","-145.2508","141.7","FORT YUKON ALASKA, AK US","  106","H,,U","  -22","H,,U","   28",",,U"
"USR0000AFYK","2018-10-02","66.57","-145.2508","141.7","FORT YUKON ALASKA, AK US","  100","H,,U","  -44","H,,U","    8",",,U"
"USR0000AFYK","2018-10-03","66.57","-145.2508","141.7","FORT YUKON ALASKA, AK US","   83","H,,U","  -50","H,,U","    6",",,U"
"USR0000AFYK","2018-10-04","66.57","-145.2508","141.7","FORT YUKON ALASKA, AK US","   50","H,,U","  -33","H,,U","    1",",,U"
"USR0000AFYK","2018-10-05","66.57","-145.2508","141.7","FORT YUKON ALASKA, AK US","   50","H,,U","  -89","H,,U","  -33",",,U"
"USR0000AFYK","2018-10-06","66.57","-145.2508","141.7","FORT YUKON ALASKA, AK US","   33","H,,U","  -94","H,,U","  -37",",,U"
"USR0000AFYK","2018-10-07","66.57","-145.2508","141.7","FORT YUKON ALASKA, AK US","    0","H,,U"," -128","H,,U","  -70",",,U"
"USR0000AFYK","2018-10-08","66.57","-145.2508","141.7","FORT YUKON ALASKA, AK US","   17","H,,U"," -161","H,,U","  -92",",,U"
"USR0000AFYK","2018-10-09","66.57","-145.2508","141.7","FORT YUKON ALASKA, AK US","   17","H,,U"," -156","H,,U","  -78",",,U"
"USR0000AFYK","2018-10-10","66.57","-145.2508","141.7","FORT YUKON ALASKA, AK US","   33","H,,U","  -83","H,,U","  -24",",,U"
"USR0000AFYK","2018-10-11","66.57","-145.2508","141.7","FORT YUKON ALASKA, AK US","    6","H,,U","   -6","H,,U","   -2",",,U"
"USR0000AFYK","2018-10-12","66.57","-145.2508","141.7","FORT YUKON ALASKA, AK US","   17","H,,U","  -44","H,,U","   -7",",,U"
"USR0000AFYK","2018-10-13","66.57","-145.2508","141.7","FORT YUKON ALASKA, AK US","   17","H,,U","  -39","H,,U","   -7",",,U"
"USR0000AFYK","2018-10-14","66.57","-145.2508","141.7","FORT YUKON ALASKA, AK US","   44","H,,U","  -28","H,,U","    8",",,U"
"USR0000AFYK","2018-10-15","66.57","-145.2508","141.7","FORT YUKON ALASKA, AK US","   11","H,,U","  -17","H,,U","   -4",",,U"
"USR0000AFYK","2018-10-16","66.57","-145.2508","141.7","FORT YUKON ALASKA, AK US","    6","H,,U","  -17","H,,U","   -3",",,U"
"USR0000AFYK","2018-10-17","66.57","-145.2508","141.7","FORT YUKON ALASKA, AK US","    6","H,,U","  -39","H,,U","  -14",",,U"
"USR0000AFYK","2018-10-18","66.57","-145.2508","141.7","FORT YUKON ALASKA, AK US","    6","H,,U","  -22","H,,U","   -8",",,U"
"USR0000AFYK","2018-10-19","66.57","-145.2508","141.7","FORT YUKON ALASKA, AK US","   11","H,,U","  -83","H,,U","  -22",",,U"
"USR0000AFYK","2018-10-20","66.57","-145.2508","141.7","FORT YUKON ALASKA, AK US","    6","H,,U","  -28","H,,U","   -7",",,U"
"USR0000AFYK","2018-10-21","66.57","-145.2508","141.7","FORT YUKON ALASKA, AK US","    0","H,,U","  -89","H,,U","  -32",",,U"
"USR0000AFYK","2018-10-22","66.57","-145.2508","141.7","FORT YUKON ALASKA, AK US","  -39","H,,U"," -100","H,,U","  -62",",,U"
"USR0000AFYK","2018-10-23","66.57","-145.2508","141.7","FORT YUKON ALASKA, AK US","   17","H,,U"," -122","H,,U","  -43",",,U"
"USR0000AFYK","2018-10-24","66.57","-145.2508","141.7","FORT YUKON ALASKA, AK US","   22","H,,U","  -72","H,,U","  -16",",,U"
"USR0000AFYK","2018-10-25","66.57","-145.2508","141.7","FORT YUKON ALASKA, AK US","  -22","H,,U"," -117","H,,U","  -57",",,U"
"USR0000AFYK","2018-10-26","66.57","-145.2508","141.7","FORT YUKON ALASKA, AK US","    6","H,,U","  -22","H,,U","   -9",",,U"
"USR0000AFYK","2018-10-27","66.57","-145.2508","141.7","FORT YUKON ALASKA, AK US","   -6","H,,U","  -39","H,,U","  -21",",,U"
"USR0000AFYK","2018-10-28","66.57","-145.2508","141.7","FORT YUKON ALASKA, AK US","  -22","H,,U","  -83","H,,U","  -51",",,U"
"USR0000AFYK","2018-10-29","66.57","-145.2508","141.7","FORT YUKON ALASKA, AK US","  -89","H,,U"," -211","H,,U"," -140",",,U"
"USR0000AFYK","2018-10-30","66.57","-145.2508","141.7","FORT YUKON ALASKA, AK US"," -133","H,,U"," -239","H,,U"," -157",",,U"
"USR0000AFYK","2018-10-31","66.57","-145.2508","141.7","FORT YUKON ALASKA, AK US"," -144","H,,U"," -256","H,,U"," -201",",,U"
"USR0000AFYK","2018-11-01","66.57","-145.2508","141.7","FORT YUKON ALASKA, AK US"," -128","H,,U"," -172","H,,U"," -150",",,U"
"USR0000AFYK","2018-11-02","66.57","-145.2508","141.7","FORT YUKON ALASKA, AK US"," -161","H,,U"," -272","H,,U"," -225",",,U"
"USR0000AFYK","2018-11-03","66.57","-145.2508","141.7","FORT YUKON ALASKA, AK US"," -178","H,,U"," -294","H,,U"," -261",",,U"
"USR0000AFYK","2018-11-04","66.57","-145.2508","141.7","FORT YUKON ALASKA, AK US"," -194","H,,U"," -294","H,,U"," -268",",,U"
"USR0000AFYK","2018-11-05","66.57","-145.2508","141.7","FORT YUKON ALASKA, AK US"," -206","H,,U"," -300","H,,U"," -271",",,U"
"USR0000AFYK","2018-11-06","66.57","-145.2508","141.7","FORT YUKON ALASKA, AK US"," -194","H,,U"," -272","H,,U"," -241",",,U"
"USR0000AFYK","2018-11-07","66.57","-145.2508","141.7","FORT YUKON ALASKA, AK US"," -200","H,,U"," -272","H,,U"," -231",",,U"
"USR0000AFYK","2018-11-08","66.57","-145.2508","141.7","FORT YUKON ALASKA, AK US"," -156","H,,U"," -206","H,,U"," -170",",,U"
"USR0000AFYK","2018-11-09","66.57","-145.2508","141.7","FORT YUKON ALASKA, AK US"," -122","H,,U"," -156","H,,U"," -139",",,U"
"USR0000AFYK","2018-11-10","66.57","-145.2508","141.7","FORT YUKON ALASKA, AK US","  -94","H,,U"," -133","H,,U"," -112",",,U"
"USR0000AFYK","2018-11-11","66.57","-145.2508","141.7","FORT YUKON ALASKA, AK US"," -100","H,,U"," -144","H,,U"," -125",",,U"
"USR0000AFYK","2018-11-12","66.57","-145.2508","141.7","FORT YUKON ALASKA, AK US"," -106","H,,U"," -133","H,,U"," -118",",,U"
"USR0000AFYK","2018-11-13","66.57","-145.2508","141.7","FORT YUKON ALASKA, AK US"," -133","H,,U"," -139","H,,U"," -137",",,U"
"USR0000AFYK","2018-11-14","66.57","-145.2508","141.7","FORT YUKON ALASKA, AK US"," -133","H,,U"," -250","H,I,U"," -174",",,U"
"USR0000AFYK","2018-11-15","66.57","-145.2508","141.7","FORT YUKON ALASKA, AK US"," -261","H,I,U"," -344","H,,U"," -317",",,U"
"USR0000AFYK","2018-11-16","66.57","-145.2508","141.7","FORT YUKON ALASKA, AK US"," -222","H,,U"," -339","H,,U"," -281",",,U"
"USR0000AFYK","2018-11-17","66.57","-145.2508","141.7","FORT YUKON ALASKA, AK US"," -222","H,,U"," -283","H,,U"," -254",",,U"
"USR0000AFYK","2018-11-18","66.57","-145.2508","141.7","FORT YUKON ALASKA, AK US"," -133","H,,U"," -217","H,,U"," -181",",,U"
"USR0000AFYK","2018-11-19","66.57","-145.2508","141.7","FORT YUKON ALASKA, AK US"," -106","H,,U"," -144","H,,U"," -120",",,U"
"USR0000AFYK","2018-11-20","66.57","-145.2508","141.7","FORT YUKON ALASKA, AK US"," -111","H,,U"," -194","H,,U"," -149",",,U"
"USR0000AFYK","2018-11-21","66.57","-145.2508","141.7","FORT YUKON ALASKA, AK US"," -128","H,,U"," -167","H,,U"," -145",",,U"
"USR0000AFYK","2018-11-22","66.57","-145.2508","141.7","FORT YUKON ALASKA, AK US"," -150","H,,U"," -172","H,,U"," -159",",,U"
"USR0000AFYK","2018-11-23","66.57","-145.2508","141.7","FORT YUKON ALASKA, AK US"," -139","H,,U"," -183","H,,U"," -158",",,U"
"USR0000AFYK","2018-11-24","66.57","-145.2508","141.7","FORT YUKON ALASKA, AK US"," -172","H,,U"," -239","H,,U"," -193",",,U"
"USR0000AFYK","2018-11-25","66.57","-145.2508","141.7","FORT YUKON ALASKA, AK US"," -144","H,,U"," -178","H,,U"," -157",",,U"
"USR0000AFYK","2018-11-26","66.57","-145.2508","141.7","FORT YUKON ALASKA, AK US","  -72","H,,U"," -144","H,,U"," -105",",,U"
"USR0000AFYK","2018-11-27","66.57","-145.2508","141.7","FORT YUKON ALASKA, AK US"," -122","H,,U"," -194","H,,U"," -163",",,U"
"USR0000AFYK","2018-11-28","66.57","-145.2508","141.7","FORT YUKON ALASKA, AK US"," -122","H,,U"," -206","H,,U"," -172",",,U"
"USR0000AFYK","2018-11-29","66.57","-145.2508","141.7","FORT YUKON ALASKA, AK US","  -83","H,,U"," -117","H,,U"," -100",",,U"
"USR0000AFYK","2018-11-30","66.57","-145.2508","141.7","FORT YUKON ALASKA, AK US","  -89","H,,U"," -133","H,,U"," -107",",,U"
"USR0000AFYK","2018-12-01","66.57","-145.2508","141.7","FORT YUKON ALASKA, AK US"," -117","H,,U"," -200","H,,U"," -166",",,U"
"USR0000AFYK","2018-12-02","66.57","-145.2508","141.7","FORT YUKON ALASKA, AK US"," -122","H,,U"," -211","H,,U"," -164",",,U"
"USR0000AFYK","2018-12-03","66.57","-145.2508","141.7","FORT YUKON ALASKA, AK US","  -94","H,,U"," -156","H,,U"," -123",",,U"
"USR0000AFYK","2018-12-04","66.57","-145.2508","141.7","FORT YUKON ALASKA, AK US"," -117","H,,U"," -222","H,,U"," -184",",,U"
"USR0000AFYK","2018-12-05","66.57","-145.2508","141.7","FORT YUKON ALASKA, AK US"," -133","H,,U"," -189","H,,U"," -157",",,U"
"USR0000AFYK","2018-12-06","66.57","-145.2508","141.7","FORT YUKON ALASKA, AK US"," -117","H,,U"," -133","H,,U"," -121",",,U"
"USR0000AFYK","2018-12-07","66.57","-145.2508","141.7","FORT YUKON ALASKA, AK US","  -72","H,,U"," -117","H,,U","  -91",",,U"
"USR0000AFYK","2018-12-08","66.57","-145.2508","141.7","FORT YUKON ALASKA, AK US","  -94","H,,U"," -150","H,,U"," -103",",,U"
"USR0000AFYK","2018-12-09","66.57","-145.2508","141.7","FORT YUKON ALASKA, AK US","  -94","H,,U"," -217","H,,U"," -130",",,U"
"USR0000AFYK","2018-12-10","66.57","-145.2508","141.7","FORT YUKON ALASKA, AK US"," -133","H,,U"," -261","H,,U"," -184",",,U"
"USR0000AFYK","2018-12-11","66.57","-145.2508","141.7","FORT YUKON ALASKA, AK US"," -161","H,,U"," -222","H,,U"," -189",",,U"
"USR0000AFYK","2018-12-12","66.57","-145.2508","141.7","FORT YUKON ALASKA, AK US"," -172","H,,U"," -306","H,,U"," -227",",,U"
"USR0000AFYK","2018-12-13","66.57","-145.2508","141.7","FORT YUKON ALASKA, AK US"," -206","H,,U"," -256","H,,U"," -218",",,U"
"USR0000AFYK","2018-12-14","66.57","-145.2508","141.7","FORT YUKON ALASKA, AK US"," -217","H,,U"," -339","H,,U"," -297",",,U"
"USR0000AFYK","2018-12-15","66.57","-145.2508","141.7","FORT YUKON ALASKA, AK US"," -256","H,,U"," -322","H,,U"," -290",",,U"
"USR0000AFYK","2018-12-16","66.57","-145.2508","141.7","FORT YUKON ALASKA, AK US"," -283","H,,U"," -317","H,,U"," -301",",,U"
"USR0000AFYK","2018-12-17","66.57","-145.2508","141.7","FORT YUKON ALASKA, AK US"," -206","H,,U"," -294","H,,U"," -257",",,U"
"USR0000AFYK","2018-12-18","66.57","-145.2508","141.7","FORT YUKON ALASKA, AK US"," -178","H,,U"," -206","H,,U"," -191",",,U"
"USR0000AFYK","2018-12-19","66.57","-145.2508","141.7","FORT YUKON ALASKA, AK US"," -161","H,,U"," -278","H,,U"," -215",",,U"
"USR0000AFYK","2018-12-20","66.57","-145.2508","141.7","FORT YUKON ALASKA, AK US"," -172","H,,U"," -322","H,,U"," -228",",,U"
"USR0000AFYK","2018-12-21","66.57","-145.2508","141.7","FORT YUKON ALASKA, AK US"," -244","H,,U"," -322","H,,U"," -268",",,U"
"USR0000AFYK","2018-12-22","66.57","-145.2508","141.7","FORT YUKON ALASKA, AK US"," -172","H,,U"," -261","H,,U"," -231",",,U"
"USR0000AFYK","2018-12-23","66.57","-145.2508","141.7","FORT YUKON ALASKA, AK US"," -172","H,,U"," -317","H,,U"," -258",",,U"
"USR0000AFYK","2018-12-24","66.57","-145.2508","141.7","FORT YUKON ALASKA, AK US"," -189","H,,U"," -228","H,,U"," -212",",,U"
"USR0000AFYK","2018-12-25","66.57","-145.2508","141.7","FORT YUKON ALASKA, AK US"," -194","H,,U"," -350","H,,U"," -259",",,U"
"USR0000AFYK","2018-12-26","66.57","-145.2508","141.7","FORT YUKON ALASKA, AK US"," -289","H,,U"," -361","H,,U"," -333",",,U"
"USR0000AFYK","2018-12-27","66.57","-145.2508","141.7","FORT YUKON ALASKA, AK US"," -256","H,,U"," -344","H,,U"," -295",",,U"
"USR0000AFYK","2018-12-28","66.57","-145.2508","141.7","FORT YUKON ALASKA, AK US"," -283","H,,U"," -350","H,,U"," -319",",,U"
"USR0000AFYK","2018-12-29","66.57","-145.2508","141.7","FORT YUKON ALASKA, AK US"," -228","H,,U"," -333","H,,U"," -289",",,U"
"USR0000AFYK","2018-12-30","66.57","-145.2508","141.7","FORT YUKON ALASKA, AK US"," -172","H,,U"," -306","H,,U"," -226",",,U"
"USR0000AFYK","2018-12-31","66.57","-145.2508","141.7","FORT YUKON ALASKA, AK US","  -89","H,,U"," -250","H,,U"," -156",",,U"
"USR0000AFYK","2019-01-01","66.57","-145.2508","141.7","FORT YUKON ALASKA, AK US","  -67","H,,U"," -211","H,,U"," -126",",,U"
"USR0000AFYK","2019-01-02","66.57","-145.2508","141.7","FORT YUKON ALASKA, AK US","  -67","H,,U","  -72","H,,U","  -69",",,U"
"USR0000AFYK","2019-01-03","66.57","-145.2508","141.7","FORT YUKON ALASKA, AK US","  -78","H,,U"," -172","H,I,U"," -143",",,U"
"USR0000AFYK","2019-01-04","66.57","-145.2508","141.7","FORT YUKON ALASKA, AK US"," -189","H,I,U"," -356","H,,U"," -310",",,U"
"USR0000AFYK","2019-01-05","66.57","-145.2508","141.7","FORT YUKON ALASKA, AK US"," -267","H,,U"," -344","H,,U"," -292",",,U"
"USR0000AFYK","2019-01-06","66.57","-145.2508","141.7","FORT YUKON ALASKA, AK US"," -311","H,,U"," -411","H,,U"," -369",",,U"
"USR0000AFYK","2019-01-07","66.57","-145.2508","141.7","FORT YUKON ALASKA, AK US"," -411","H,,U"," -444","H,,U"," -431",",,U"
"USR0000AFYK","2019-01-08","66.57","-145.2508","141.7","FORT YUKON ALASKA, AK US"," -411","H,I,U"," -456","H,,U"," -443",",,U"
"USR0000AFYK","2019-01-09","66.57","-145.2508","141.7","FORT YUKON ALASKA, AK US"," -311","H,,U"," -400","H,I,U"," -339",",,U"
"USR0000AFYK","2019-01-10","66.57","-145.2508","141.7","FORT YUKON ALASKA, AK US"," -289","H,,U"," -333","H,,U"," -311",",,U"
"USR0000AFYK","2019-01-11","66.57","-145.2508","141.7","FORT YUKON ALASKA, AK US"," -261","H,,U"," -394","H,,U"," -303",",,U"
"USR0000AFYK","2019-01-12","66.57","-145.2508","141.7","FORT YUKON ALASKA, AK US"," -389","H,I,U"," -439","H,,U"," -418",",,U"
"USR0000AFYK","2019-01-13","66.57","-145.2508","141.7","FORT YUKON ALASKA, AK US"," -322","H,,U"," -378","H,I,U"," -351",",,U"
"USR0000AFYK","2019-01-14","66.57","-145.2508","141.7","FORT YUKON ALASKA, AK US"," -278","H,,U"," -339","H,,U"," -307",",,U"
"USR0000AFYK","2019-01-15","66.57","-145.2508","141.7","FORT YUKON ALASKA, AK US"," -311","H,,U"," -344","H,,U"," -333",",,U"
"USR0000AFYK","2019-01-16","66.57","-145.2508","141.7","FORT YUKON ALASKA, AK US"," -328","H,,U"," -367","H,,U"," -349",",,U"
"USR0000AFYK","2019-01-17","66.57","-145.2508","141.7","FORT YUKON ALASKA, AK US"," -244","H,,U"," -367","H,,U"," -324",",,U"
"USR0000AFYK","2019-01-18","66.57","-145.2508","141.7","FORT YUKON ALASKA, AK US"," -233","H,,U"," -333","H,,U"," -286",",,U"
"USR0000AFYK","2019-01-19","66.57","-145.2508","141.7","FORT YUKON ALASKA, AK US"," -228","H,,U"," -250","H,,U"," -234",",,U"
"USR0000AFYK","2019-01-20","66.57","-145.2508","141.7","FORT YUKON ALASKA, AK US"," -233","H,,U"," -322","H,,U"," -285",",,U"
"USR0000AFYK","2019-01-21","66.57","-145.2508","141.7","FORT YUKON ALASKA, AK US"," -289","H,,U"," -383","H,,U"," -351",",,U"
"USR0000AFYK","2019-01-22","66.57","-145.2508","141.7","FORT YUKON ALASKA, AK US"," -356","H,,U"," -400","H,,U"," -382",",,U"
"USR0000AFYK","2019-01-23","66.57","-145.2508","141.7","FORT YUKON ALASKA, AK US"," -211","H,,U"," -372","H,,U"," -274",",,U"
"USR0000AFYK","2019-01-24","66.57","-145.2508","141.7","FORT YUKON ALASKA, AK US"," -206","H,,U"," -283","H,,U"," -243",",,U"
"USR0000AFYK","2019-01-25","66.57","-145.2508","141.7","FORT YUKON ALASKA, AK US"," -144","H,,U"," -261","H,,U"," -187",",,U"
"USR0000AFYK","2019-01-26","66.57","-145.2508","141.7","FORT YUKON ALASKA, AK US","  -33","H,,U"," -211","H,,U"," -113",",,U"
"USR0000AFYK","2019-01-27","66.57","-145.2508","141.7","FORT YUKON ALASKA, AK US"," -111","H,,U"," -183","H,,U"," -142",",,U"
"USR0000AFYK","2019-01-28","66.57","-145.2508","141.7","FORT YUKON ALASKA, AK US"," -117","H,,U"," -183","H,,U"," -140",",,U"
"USR0000AFYK","2019-01-29","66.57","-145.2508","141.7","FORT YUKON ALASKA, AK US","  -67","H,,U"," -133","H,,U","  -97",",,U"
"USR0000AFYK","2019-01-30","66.57","-145.2508","141.7","FORT YUKON ALASKA, AK US"," -139","H,,U"," -322","H,,U"," -225",",,U"
"USR0000AFYK","2019-01-31","66.57","-145.2508","141.7","FORT YUKON ALASKA, AK US"," -306","H,,U"," -367","H,,U"," -334",",,U"
"USR0000AFYK","2019-02-01","66.57","-145.2508","141.7","FORT YUKON ALASKA, AK US"," -267","H,,U"," -372","H,,U"," -332",",,U"
"USR0000AFYK","2019-02-02","66.57","-145.2508","141.7","FORT YUKON ALASKA, AK US"," -311","H,,U"," -394","H,,U"," -358",",,U"
"USR0000AFYK","2019-02-03","66.57","-145.2508","141.7","FORT YUKON ALASKA, AK US"," -222","H,,U"," -311","H,,U"," -258",",,U"
"USR0000AFYK","2019-02-04","66.57","-145.2508","141.7","FORT YUKON ALASKA, AK US"," -189","H,,U"," -306","H,,U"," -238",",,U"
"USR0000AFYK","2019-02-05","66.57","-145.2508","141.7","FORT YUKON ALASKA, AK US"," -189","H,,U"," -294","H,,U"," -229",",,U"
"USR0000AFYK","2019-02-06","66.57","-145.2508","141.7","FORT YUKON ALASKA, AK US"," -183","H,,U"," -306","H,,U"," -223",",,U"
"USR0000AFYK","2019-02-07","66.57","-145.2508","141.7","FORT YUKON ALASKA, AK US"," -144","H,,U"," -211","H,,U"," -168",",,U"
"USR0000AFYK","2019-02-08","66.57","-145.2508","141.7","FORT YUKON ALASKA, AK US","  -56","H,,U"," -150","H,,U"," -118",",,U"
"USR0000AFYK","2019-02-09","66.57","-145.2508","141.7","FORT YUKON ALASKA, AK US","  -44","H,,U"," -189","H,,U"," -104",",,U"
"USR0000AFYK","2019-02-10","66.57","-145.2508","141.7","FORT YUKON ALASKA, AK US"," -150","H,,U"," -233","H,,U"," -192",",,U"
"USR0000AFYK","2019-02-11","66.57","-145.2508","141.7","FORT YUKON ALASKA, AK US","  -89","H,,U"," -211","H,,U"," -139",",,U"
"USR0000AFYK","2019-02-12","66.57","-145.2508","141.7","FORT YUKON ALASKA, AK US","  -17","H,,U"," -144","H,,U","  -72",",,U"
"USR0000AFYK","2019-02-13","66.57","-145.2508","141.7","FORT YUKON ALASKA, AK US","  -78","H,,U"," -167","H,,U"," -125",",,U"
"USR0000AFYK","2019-02-14","66.57","-145.2508","141.7","FORT YUKON ALASKA, AK US"," -167","H,,U"," -222","H,,U"," -187",",,U"
"USR0000AFYK","2019-02-15","66.57","-145.2508","141.7","FORT YUKON ALASKA, AK US"," -206","H,,U"," -283","H,,U"," -241",",,U"
"USR0000AFYK","2019-02-16","66.57","-145.2508","141.7","FORT YUKON ALASKA, AK US"," -233","H,,U"," -317","H,,U"," -286",",,U"
"USR0000AFYK","2019-02-17","66.57","-145.2508","141.7","FORT YUKON ALASKA, AK US"," -133","H,,U"," -294","H,,U"," -203",",,U"
"USR0000AFYK","2019-02-18","66.57","-145.2508","141.7","FORT YUKON ALASKA, AK US"," -117","H,,U"," -172","H,,U"," -145",",,U"
"USR0000AFYK","2019-02-19","66.57","-145.2508","141.7","FORT YUKON ALASKA, AK US","  -78","H,,U"," -200","H,,U"," -118",",,U"
"USR0000AFYK","2019-02-20","66.57","-145.2508","141.7","FORT YUKON ALASKA, AK US"," -172","H,,U"," -300","H,,U"," -236",",,U"
"USR0000AFYK","2019-02-21","66.57","-145.2508","141.7","FORT YUKON ALASKA, AK US"," -183","H,,U"," -339","H,,U"," -280",",,U"
"USR0000AFYK","2019-02-22","66.57","-145.2508","141.7","FORT YUKON ALASKA, AK US"," -183","H,,U"," -356","H,,U"," -293",",,U"
"USR0000AFYK","2019-02-23","66.57","-145.2508","141.7","FORT YUKON ALASKA, AK US"," -161","H,,U"," -289","H,,U"," -225",",,U"
"USR0000AFYK","2019-02-24","66.57","-145.2508","141.7","FORT YUKON ALASKA, AK US"," -156","H,,U"," -278","H,,U"," -226",",,U"
"USR0000AFYK","2019-02-25","66.57","-145.2508","141.7","FORT YUKON ALASKA, AK US"," -106","H,,U"," -233","H,,U"," -186",",,U"
"USR0000AFYK","2019-02-26","66.57","-145.2508","141.7","FORT YUKON ALASKA, AK US"," -100","H,,U"," -250","H,,U"," -197",",,U"
"USR0000AFYK","2019-02-27","66.57","-145.2508","141.7","FORT YUKON ALASKA, AK US"," -100","H,,U"," -283","H,,U"," -207",",,U"
"USR0000AFYK","2019-02-28","66.57","-145.2508","141.7","FORT YUKON ALASKA, AK US","  -94","H,,U"," -272","H,,U"," -200",",,U"
"USR0000AFYK","2019-03-01","66.57","-145.2508","141.7","FORT YUKON ALASKA, AK US","  -56","H,,U"," -272","H,,U"," -195",",,U"
"USR0000AFYK","2019-03-02","66.57","-145.2508","141.7","FORT YUKON ALASKA, AK US","  -94","H,,U"," -278","H,,U"," -214",",,U"
"USR0000AFYK","2019-03-03","66.57","-145.2508","141.7","FORT YUKON ALASKA, AK US","  -67","H,,U"," -261","H,,U"," -144",",,U"
"USR0000AFYK","2019-03-04","66.57","-145.2508","141.7","FORT YUKON ALASKA, AK US","  -67","H,,U"," -194","H,,U"," -112",",,U"
"USR0000AFYK","2019-03-05","66.57","-145.2508","141.7","FORT YUKON ALASKA, AK US"," -128","H,,U"," -256","H,,U"," -187",",,U"
"USR0000AFYK","2019-03-06","66.57","-145.2508","141.7","FORT YUKON ALASKA, AK US","  -78","H,,U"," -167","H,,U"," -117",",,U"
"USR0000AFYK","2019-03-07","66.57","-145.2508","141.7","FORT YUKON ALASKA, AK US","  -44","H,,U","  -94","H,,U","  -73",",,U"
"USR0000AFYK","2019-03-08","66.57","-145.2508","141.7","FORT YUKON ALASKA, AK US","  -39","H,,U"," -122","H,,U","  -83",",,U"
"USR0000AFYK","2019-03-09","66.57","-145.2508","141.7","FORT YUKON ALASKA, AK US","   11","H,,U"," -139","H,,U","  -62",",,U"
"USR0000AFYK","2019-03-10","66.57","-145.2508","141.7","FORT YUKON ALASKA, AK US","   11","H,,U"," -117","H,,U","  -50",",,U"
"USR0000AFYK","2019-03-11","66.57","-145.2508","141.7","FORT YUKON ALASKA, AK US","  -22","H,,U"," -117","H,,U","  -73",",,U"
"USR0000AFYK","2019-03-12","66.57","-145.2508","141.7","FORT YUKON ALASKA, AK US"," -106","H,,U"," -161","H,,U"," -125",",,U"
"USR0000AFYK","2019-03-13","66.57","-145.2508","141.7","FORT YUKON ALASKA, AK US"," -117","H,,U"," -172","H,,U"," -150",",,U"
"USR0000AFYK","2019-03-14","66.57","-145.2508","141.7","FORT YUKON ALASKA, AK US","  -67","H,,U"," -156","H,,U"," -119",",,U"
"USR0000AFYK","2019-03-15","66.57","-145.2508","141.7","FORT YUKON ALASKA, AK US","  -39","H,,U"," -211","H,,U"," -118",",,U"
"USR0000AFYK","2019-03-16","66.57","-145.2508","141.7","FORT YUKON ALASKA, AK US","  -17","H,,U"," -100","H,,U","  -54",",,U"
"USR0000AFYK","2019-03-17","66.57","-145.2508","141.7","FORT YUKON ALASKA, AK US","   56","H,,U"," -122","H,,U","  -20",",,U"
"USR0000AFYK","2019-03-18","66.57","-145.2508","141.7","FORT YUKON ALASKA, AK US","   72","H,,U","  -56","H,,U","    8",",,U"
"USR0000AFYK","2019-03-19","66.57","-145.2508","141.7","FORT YUKON ALASKA, AK US","   39","H,,U"," -106","H,,U","  -21",",,U"
"USR0000AFYK","2019-03-20","66.57","-145.2508","141.7","FORT YUKON ALASKA, AK US","  -33","H,,U"," -228","H,,U"," -104",",,U"
"USR0000AFYK","2019-03-21","66.57","-145.2508","141.7","FORT YUKON ALASKA, AK US","   33","H,,U"," -111","H,,U","  -46",",,U"
"USR0000AFYK","2019-03-22","66.57","-145.2508","141.7","FORT YUKON ALASKA, AK US","  -22","H,,U","  -94","H,,U","  -67",",,U"
"USR0000AFYK","2019-03-23","66.57","-145.2508","141.7","FORT YUKON ALASKA, AK US","   33","H,,U"," -122","H,,U","  -57",",,U"
"USR0000AFYK","2019-03-24","66.57","-145.2508","141.7","FORT YUKON ALASKA, AK US","   83","H,,U"," -144","H,,U","  -46",",,U"
"USR0000AFYK","2019-03-25","66.57","-145.2508","141.7","FORT YUKON ALASKA, AK US","   39","H,,U","  -83","H,,U","   -6",",,U"
"USR0000AFYK","2019-03-26","66.57","-145.2508","141.7","FORT YUKON ALASKA, AK US","   50","H,,U","  -61","H,,U","    4",",,U"
"USR0000AFYK","2019-03-27","66.57","-145.2508","141.7","FORT YUKON ALASKA, AK US","   44","H,,U","  -44","H,,U","   16",",,U"
"USR0000AFYK","2019-03-28","66.57","-145.2508","141.7","FORT YUKON ALASKA, AK US","   67","H,,U","  -67","H,,U","    1",",,U"
"USR0000AFYK","2019-03-29","66.57","-145.2508","141.7","FORT YUKON ALASKA, AK US","   44","H,,U","  -67","H,,U","  -12",",,U"
"USR0000AFYK","2019-03-30","66.57","-145.2508","141.7","FORT YUKON ALASKA, AK US","   50","H,,U","  -89","H,,U","    2",",,U"
"USR0000AFYK","2019-03-31","66.57","-145.2508","141.7","FORT YUKON ALASKA, AK US","  106","H,,U","  -17","H,,U","   43",",,U"
"USR0000AFYK","2019-04-01","66.57","-145.2508","141.7","FORT YUKON ALASKA, AK US","  122","H,,U","  -56","H,,U","   19",",,U"
"USR0000AFYK","2019-04-02","66.57","-145.2508","141.7","FORT YUKON ALASKA, AK US","  -17","H,,U"," -139","H,,U","  -66",",,U"
"USR0000AFYK","2019-04-03","66.57","-145.2508","141.7","FORT YUKON ALASKA, AK US","  -56","H,,U"," -167","H,,U"," -112",",,U"
"USR0000AFYK","2019-04-04","66.57","-145.2508","141.7","FORT YUKON ALASKA, AK US","  -22","H,,U"," -161","H,,U","  -94",",,U"
"USR0000AFYK","2019-04-05","66.57","-145.2508","141.7","FORT YUKON ALASKA, AK US","   -6","H,,U"," -156","H,,U","  -82",",,U"
"USR0000AFYK","2019-04-06","66.57","-145.2508","141.7","FORT YUKON ALASKA, AK US","  -22","H,,U"," -133","H,,U","  -77",",,U"
"USR0000AFYK","2019-04-07","66.57","-145.2508","141.7","FORT YUKON ALASKA, AK US","   17","H,,U"," -111","H,,U","  -50",",,U"
"USR0000AFYK","2019-04-08","66.57","-145.2508","141.7","FORT YUKON ALASKA, AK US","   28","H,,U"," -122","H,,U","  -42",",,U"
"USR0000AFYK","2019-04-09","66.57","-145.2508","141.7","FORT YUKON ALASKA, AK US","   -6","H,,U","  -78","H,,U","  -42",",,U"
"USR0000AFYK","2019-04-10","66.57","-145.2508","141.7","FORT YUKON ALASKA, AK US","   44","H,,U","  -72","H,,U","  -14",",,U"
"USR0000AFYK","2019-04-11","66.57","-145.2508","141.7","FORT YUKON ALASKA, AK US","   67","H,,U"," -100","H,,U","  -14",",,U"
"USR0000AFYK","2019-04-12","66.57","-145.2508","141.7","FORT YUKON ALASKA, AK US","   11","H,,U","  -50","H,,U","  -21",",,U"
"USR0000AFYK","2019-04-13","66.57","-145.2508","141.7","FORT YUKON ALASKA, AK US","   28","H,,U","  -56","H,,U","  -14",",,U"
"USR0000AFYK","2019-04-14","66.57","-145.2508","141.7","FORT YUKON ALASKA, AK US","   39","H,,U","  -67","H,,U","   -4",",,U"
"USR0000AFYK","2019-04-15","66.57","-145.2508","141.7","FORT YUKON ALASKA, AK US","   61","H,,U","  -22","H,,U","   12",",,U"
"USR0000AFYK","2019-04-16","66.57","-145.2508","141.7","FORT YUKON ALASKA, AK US","   44","H,,U","  -33","H,,U","    8",",,U"
"USR0000AFYK","2019-04-17","66.57","-145.2508","141.7","FORT YUKON ALASKA, AK US","   61","H,,U","  -44","H,,U","   -1",",,U"
"USR0000AFYK","2019-04-18","66.57","-145.2508","141.7","FORT YUKON ALASKA, AK US","   44","H,,U","  -39","H,,U","  -12",",,U"
"USR0000AFYK","2019-04-19","66.57","-145.2508","141.7","FORT YUKON ALASKA, AK US","   22","H,,U","  -44","H,,U","  -15",",,U"
"USR0000AFYK","2019-04-20","66.57","-145.2508","141.7","FORT YUKON ALASKA, AK US","  100","H,,U","  -61","H,,U","   21",",,U"
"USR0000AFYK","2019-04-21","66.57","-145.2508","141.7","FORT YUKON ALASKA, AK US","   89","H,,U","  -72","H,,U","   24",",,U"
"USR0000AFYK","2019-04-22","66.57","-145.2508","141.7","FORT YUKON ALASKA, AK US","   83","H,,U","   -6","H,,U","   37",",,U"
"USR0000AFYK","2019-04-23","66.57","-145.2508","141.7","FORT YUKON ALASKA, AK US","   -6","H,,U","  -50","H,,U","  -26",",,U"
"USR0000AFYK","2019-04-24","66.57","-145.2508","141.7","FORT YUKON ALASKA, AK US","   17","H,,U","  -67","H,,U","  -21",",,U"
"USR0000AFYK","2019-04-25","66.57","-145.2508","141.7","FORT YUKON ALASKA, AK US","   56","H,,U","  -67","H,,U","  -11",",,U"
"USR0000AFYK","2019-04-26","66.57","-145.2508","141.7","FORT YUKON ALASKA, AK US","   67","H,,U","  -78","H,,U","   -1",",,U"
"USR0000AFYK","2019-04-27","66.57","-145.2508","141.7","FORT YUKON ALASKA, AK US","   94","H,,U","  -94","H,,U","    8",",,U"
"USR0000AFYK","2019-04-28","66.57","-145.2508","141.7","FORT YUKON ALASKA, AK US","  117","H,,U","  -72","H,,U","   29",",,U"
"USR0000AFYK","2019-04-29","66.57","-145.2508","141.7","FORT YUKON ALASKA, AK US","  156","H,,U","  -67","H,,U","   56",",,U"
"USR0000AFYK","2019-04-30","66.57","-145.2508","141.7","FORT YUKON ALASKA, AK US","  172","H,,U","  -28","H,,U","   74",",,U"
"USR0000AFYK","2019-05-01","66.57","-145.2508","141.7","FORT YUKON ALASKA, AK US","  161","H,,U","  -39","H,,U","   75",",,U"
"USR0000AFYK","2019-05-02","66.57","-145.2508","141.7","FORT YUKON ALASKA, AK US","   61","H,,U","  -28","H,,U","   13",",,U"
"USR0000AFYK","2019-05-03","66.57","-145.2508","141.7","FORT YUKON ALASKA, AK US","   44","H,,U","  -56","H,,U","   -4",",,U"
"USR0000AFYK","2019-05-04","66.57","-145.2508","141.7","FORT YUKON ALASKA, AK US","   72","H,,U","  -28","H,,U","   19",",,U"
"USR0000AFYK","2019-05-05","66.57","-145.2508","141.7","FORT YUKON ALASKA, AK US","   56","H,,U","  -39","H,,U","    9",",,U"
"USR0000AFYK","2019-05-06","66.57","-145.2508","141.7","FORT YUKON ALASKA, AK US","   39","H,,U","  -39","H,,U","   -1",",,U"
"USR0000AFYK","2019-05-07","66.57","-145.2508","141.7","FORT YUKON ALASKA, AK US","   72","H,,U","  -67","H,,U","   19",",,U"
"USR0000AFYK","2019-05-08","66.57","-145.2508","141.7","FORT YUKON ALASKA, AK US","   83","H,,U","   -6","H,,U","   38",",,U"
"USR0000AFYK","2019-05-09","66.57","-145.2508","141.7","FORT YUKON ALASKA, AK US","  156","H,,U","    6","H,,U","   91",",,U"
"USR0000AFYK","2019-05-10","66.57","-145.2508","141.7","FORT YUKON ALASKA, AK US","  128","H,,U","    0","H,,U","   69",",,U"
"USR0000AFYK","2019-05-11","66.57","-145.2508","141.7","FORT YUKON ALASKA, AK US","  156","H,,U","  -11","H,,U","   86",",,U"
"USR0000AFYK","2019-05-12","66.57","-145.2508","141.7","FORT YUKON ALASKA, AK US","  161","H,,U","   22","H,,U","   96",",,U"
"USR0000AFYK","2019-05-13","66.57","-145.2508","141.7","FORT YUKON ALASKA, AK US","  189","H,,U","   17","H,,U","  127",",,U"
"USR0000AFYK","2019-05-14","66.57","-145.2508","141.7","FORT YUKON ALASKA, AK US","  222","H,,U","   50","H,,U","  142",",,U"
"USR0000AFYK","2019-05-15","66.57","-145.2508","141.7","FORT YUKON ALASKA, AK US","  211","H,,U","   56","H,,U","  135",",,U"
"USR0000AFYK","2019-05-16","66.57","-145.2508","141.7","FORT YUKON ALASKA, AK US","  183","H,,U","   28","H,,U","  112",",,U"
"USR0000AFYK","2019-05-17","66.57","-145.2508","141.7","FORT YUKON ALASKA, AK US","  189","H,,U","   44","H,,U","  119",",,U"
"USR0000AFYK","2019-05-18","66.57","-145.2508","141.7","FORT YUKON ALASKA, AK US","  217","H,,U","   61","H,,U","  145",",,U"
"USR0000AFYK","2019-05-19","66.57","-145.2508","141.7","FORT YUKON ALASKA, AK US","  217","H,,U","   89","H,,U","  144",",,U"
"USR0000AFYK","2019-05-20","66.57","-145.2508","141.7","FORT YUKON ALASKA, AK US","  239","H,,U","   67","H,,U","  154",",,U"
"USR0000AFYK","2019-05-21","66.57","-145.2508","141.7","FORT YUKON ALASKA, AK US","  256","H,,U","   50","H,,U","  163",",,U"
"USR0000AFYK","2019-05-22","66.57","-145.2508","141.7","FORT YUKON ALASKA, AK US","  278","H,,U","   83","H,,U","  191",",,U"
"USR0000AFYK","2019-05-23","66.57","-145.2508","141.7","FORT YUKON ALASKA, AK US","  272","H,,U","   94","H,,U","  183",",,U"
"USR0000AFYK","2019-05-24","66.57","-145.2508","141.7","FORT YUKON ALASKA, AK US","  211","H,,U","  122","H,,U","  163",",,U"
"USR0000AFYK","2019-05-25","66.57","-145.2508","141.7","FORT YUKON ALASKA, AK US","  239","H,,U","  106","H,,U","  165",",,U"
"USR0000AFYK","2019-05-26","66.57","-145.2508","141.7","FORT YUKON ALASKA, AK US","  261","H,,U","  100","H,,U","  180",",,U"
"USR0000AFYK","2019-05-27","66.57","-145.2508","141.7","FORT YUKON ALASKA, AK US","  217","H,,U","  122","H,,U","  177",",,U"
"USR0000AFYK","2019-05-28","66.57","-145.2508","141.7","FORT YUKON ALASKA, AK US","  211","H,,U","   94","H,,U","  154",",,U"
"USR0000AFYK","2019-05-29","66.57","-145.2508","141.7","FORT YUKON ALASKA, AK US","  211","H,,U","  106","H,,U","  158",",,U"
"USR0000AFYK","2019-05-30","66.57","-145.2508","141.7","FORT YUKON ALASKA, AK US","  217","H,,U","   78","H,,U","  152",",,U"
"USR0000AFYK","2019-05-31","66.57","-145.2508","141.7","FORT YUKON ALASKA, AK US","  222","H,,U","   89","H,,U","  158",",,U"
"USR0000AFYK","2019-06-01","66.57","-145.2508","141.7","FORT YUKON ALASKA, AK US","  217","H,,U","   94","H,,U","  161",",,U"
"USR0000AFYK","2019-06-02","66.57","-145.2508","141.7","FORT YUKON ALASKA, AK US","  206","H,,U","   94","H,,U","  147",",,U"
"USR0000AFYK","2019-06-03","66.57","-145.2508","141.7","FORT YUKON ALASKA, AK US","  183","H,,U","   44","H,,U","  132",",,U"
"USR0000AFYK","2019-06-04","66.57","-145.2508","141.7","FORT YUKON ALASKA, AK US","  206","H,,U","   11","H,,U","  124",",,U"
"USR0000AFYK","2019-06-05","66.57","-145.2508","141.7","FORT YUKON ALASKA, AK US","  206","H,,U","   28","H,,U","  143",",,U"
"USR0000AFYK","2019-06-06","66.57","-145.2508","141.7","FORT YUKON ALASKA, AK US","  217","H,,U","   50","H,,U","  148",",,U"
"USR0000AFYK","2019-06-07","66.57","-145.2508","141.7","FORT YUKON ALASKA, AK US","  222","H,,U","   67","H,,U","  164",",,U"
"USR0000AFYK","2019-06-08","66.57","-145.2508","141.7","FORT YUKON ALASKA, AK US","  244","H,,U","   61","H,,U","  168",",,U"
"USR0000AFYK","2019-06-09","66.57","-145.2508","141.7","FORT YUKON ALASKA, AK US","  250","H,,U","  100","H,,U","  184",",,U"
"USR0000AFYK","2019-06-10","66.57","-145.2508","141.7","FORT YUKON ALASKA, AK US","  228","H,,U","   94","H,,U","  173",",,U"
"USR0000AFYK","2019-06-11","66.57","-145.2508","141.7","FORT YUKON ALASKA, AK US","  239","H,,U","   94","H,,U","  186",",,U"
"USR0000AFYK","2019-06-12","66.57","-145.2508","141.7","FORT YUKON ALASKA, AK US","  228","H,,U","  100","H,,U","  178",",,U"
"USR0000AFYK","2019-06-13","66.57","-145.2508","141.7","FORT YUKON ALASKA, AK US","  239","H,,U","   61","H,,U","  164",",,U"
"USR0000AFYK","2019-06-14","66.57","-145.2508","141.7","FORT YUKON ALASKA, AK US","  250","H,,U","  117","H,,U","  177",",,U"
"USR0000AFYK","2019-06-15","66.57","-145.2508","141.7","FORT YUKON ALASKA, AK US","  189","H,,U","   56","H,,U","  127",",,U"
"USR0000AFYK","2019-06-16","66.57","-145.2508","141.7","FORT YUKON ALASKA, AK US","  244","H,,U","   67","H,,U","  162",",,U"
"USR0000AFYK","2019-06-17","66.57","-145.2508","141.7","FORT YUKON ALASKA, AK US","  211","H,,U","   67","H,,U","  160",",,U"
"USR0000AFYK","2019-06-18","66.57","-145.2508","141.7","FORT YUKON ALASKA, AK US","  244","H,,U","   94","H,,U","  174",",,U"
"USR0000AFYK","2019-06-19","66.57","-145.2508","141.7","FORT YUKON ALASKA, AK US","  283","H,,U","   94","H,,U","  204",",,U"
"USR0000AFYK","2019-06-20","66.57","-145.2508","141.7","FORT YUKON ALASKA, AK US","  311","H,,U","  150","H,,U","  232",",,U"
"USR0000AFYK","2019-06-21","66.57","-145.2508","141.7","FORT YUKON ALASKA, AK US","  317","H,,U","  117","H,,U","  238",",,U"
"USR0000AFYK","2019-06-22","66.57","-145.2508","141.7","FORT YUKON ALASKA, AK US","  289","H,,U","  156","H,,U","  219",",,U"
"USR0000AFYK","2019-06-23","66.57","-145.2508","141.7","FORT YUKON ALASKA, AK US","  267","H,,U","  128","H,,U","  202",",,U"
"USR0000AFYK","2019-06-24","66.57","-145.2508","141.7","FORT YUKON ALASKA, AK US","  239","H,,U","  144","H,,U","  191",",,U"
"USR0000AFYK","2019-06-25","66.57","-145.2508","141.7","FORT YUKON ALASKA, AK US","  211","H,,U","   83","H,,U","  156",",,U"
"USR0000AFYK","2019-06-26","66.57","-145.2508","141.7","FORT YUKON ALASKA, AK US","  256","H,,U","   44","H,,U","  181",",,U"
"USR0000AFYK","2019-06-27","66.57","-145.2508","141.7","FORT YUKON ALASKA, AK US","  217","H,,U","  117","H,,U","  183",",,U"
"USR0000AFYK","2019-06-28","66.57","-145.2508","141.7","FORT YUKON ALASKA, AK US","  289","H,,U","  167","H,,U","  229",",,U"
"USR0000AFYK","2019-06-29","66.57","-145.2508","141.7","FORT YUKON ALASKA, AK US","  317","H,,U","  144","H,,U","  247",",,U"
"USR0000AFYK","2019-06-30","66.57","-145.2508","141.7","FORT YUKON ALASKA, AK US","  278","H,,U","  133","H,,U","  202",",,U"
"USR0000AFYK","2019-07-01","66.57","-145.2508","141.7","FORT YUKON ALASKA, AK US","  200","H,,U","  156","H,,U","  183",",,U"
"USR0000AFYK","2019-07-02","66.57","-145.2508","141.7","FORT YUKON ALASKA, AK US","  244","H,,U","  122","H,,U","  187",",,U"
"USR0000AFYK","2019-07-03","66.57","-145.2508","141.7","FORT YUKON ALASKA, AK US","  228","H,,U","  133","H,,U","  187",",,U"
"USR0000AFYK","2019-07-04","66.57","-145.2508","141.7","FORT YUKON ALASKA, AK US","  244","H,,U","  150","H,,U","  197",",,U"
"USR0000AFYK","2019-07-05","66.57","-145.2508","141.7","FORT YUKON ALASKA, AK US","  272","H,,U","  150","H,,U","  216",",,U"
"USR0000AFYK","2019-07-06","66.57","-145.2508","141.7","FORT YUKON ALASKA, AK US","  300","H,,U","  122","H,,U","  223",",,U"
"USR0000AFYK","2019-07-07","66.57","-145.2508","141.7","FORT YUKON ALASKA, AK US","  306","H,,U","  122","H,,U","  224",",,U"
"USR0000AFYK","2019-07-08","66.57","-145.2508","141.7","FORT YUKON ALASKA, AK US","  289","H,,U","  144","H,,U","  225",",,U"
"USR0000AFYK","2019-07-09","66.57","-145.2508","141.7","FORT YUKON ALASKA, AK US","  311","H,,U","  111","H,,U","  224",",,U"
"USR0000AFYK","2019-07-10","66.57","-145.2508","141.7","FORT YUKON ALASKA, AK US","  267","H,,U","  139","H,,U","  216",",,U"
"USR0000AFYK","2019-07-11","66.57","-145.2508","141.7","FORT YUKON ALASKA, AK US","  228","H,,U","  117","H,,U","  171",",,U"
"USR0000AFYK","2019-07-12","66.57","-145.2508","141.7","FORT YUKON ALASKA, AK US","  222","H,,U","   89","H,,U","  164",",,U"
"USR0000AFYK","2019-07-13","66.57","-145.2508","141.7","FORT YUKON ALASKA, AK US","  250","H,,U","  150","H,,U","  204",",,U"
"USR0000AFYK","2019-07-14","66.57","-145.2508","141.7","FORT YUKON ALASKA, AK US","  272","H,,U","  156","H,,U","  214",",,U"
"USR0000AFYK","2019-07-15","66.57","-145.2508","141.7","FORT YUKON ALASKA, AK US","  283","H,,U","  139","H,,U","  217",",,U"
"USR0000AFYK","2019-07-16","66.57","-145.2508","141.7","FORT YUKON ALASKA, AK US","  289","H,,U","  133","H,,U","  217",",,U"
"USR0000AFYK","2019-07-17","66.57","-145.2508","141.7","FORT YUKON ALASKA, AK US","  272","H,,U","  122","H,,U","  206",",,U"
"USR0000AFYK","2019-07-18","66.57","-145.2508","141.7","FORT YUKON ALASKA, AK US","  272","H,,U","  128","H,,U","  212",",,U"
"USR0000AFYK","2019-07-19","66.57","-145.2508","141.7","FORT YUKON ALASKA, AK US","  233","H,,U","  156","H,,U","  192",",,U"
"USR0000AFYK","2019-07-20","66.57","-145.2508","141.7","FORT YUKON ALASKA, AK US","  222","H,,U","  144","H,,U","  185",",,U"
"USR0000AFYK","2019-07-21","66.57","-145.2508","141.7","FORT YUKON ALASKA, AK US","  244","H,,U","  156","H,,U","  196",",,U"
"USR0000AFYK","2019-07-22","66.57","-145.2508","141.7","FORT YUKON ALASKA, AK US","  278","H,,U","  144","H,,U","  208",",,U"
"USR0000AFYK","2019-07-23","66.57","-145.2508","141.7","FORT YUKON ALASKA, AK US","  278","H,,U","  106","H,,U","  199",",,U"
"USR0000AFYK","2019-07-24","66.57","-145.2508","141.7","FORT YUKON ALASKA, AK US","  294","H,,U","  128","H,,U","  212",",,U"
"USR0000AFYK","2019-07-25","66.57","-145.2508","141.7","FORT YUKON ALASKA, AK US","  244","H,,U","  156","H,,U","  199",",,U"
"USR0000AFYK","2019-07-26","66.57","-145.2508","141.7","FORT YUKON ALASKA, AK US","  272","H,,U","  128","H,,U","  187",",,U"
"USR0000AFYK","2019-07-27","66.57","-145.2508","141.7","FORT YUKON ALASKA, AK US","  200","H,,U","  133","H,,U","  163",",,U"
"USR0000AFYK","2019-07-28","66.57","-145.2508","141.7","FORT YUKON ALASKA, AK US","  211","H,,U","  139","H,,U","  172",",,U"
"USR0000AFYK","2019-07-29","66.57","-145.2508","141.7","FORT YUKON ALASKA, AK US","  217","H,,U","  111","H,,U","  163",",,U"
"USR0000AFYK","2019-07-30","66.57","-145.2508","141.7","FORT YUKON ALASKA, AK US","  233","H,,U","  111","H,,U","  180",",,U"
"USR0000AFYK","2019-07-31","66.57","-145.2508","141.7","FORT YUKON ALASKA, AK US","  250","H,,U","  111","H,,U","  186",",,U"
"USR0000AFYK","2019-08-01","66.57","-145.2508","141.7","FORT YUKON ALASKA, AK US","  183","H,,U","  106","H,,U","  156",",,U"
"USR0000AFYK","2019-08-02","66.57","-145.2508","141.7","FORT YUKON ALASKA, AK US","  139","H,,U","   83","H,,U","  115",",,U"
"USR0000AFYK","2019-08-03","66.57","-145.2508","141.7","FORT YUKON ALASKA, AK US","  233","H,,U","  139","H,,U","  186",",,U"
"USR0000AFYK","2019-08-04","66.57","-145.2508","141.7","FORT YUKON ALASKA, AK US","  200","H,,U","  111","H,,U","  156",",,U"
"USR0000AFYK","2019-08-05","66.57","-145.2508","141.7","FORT YUKON ALASKA, AK US","  222","H,,U","   56","H,,U","  154",",,U"
"USR0000AFYK","2019-08-06","66.57","-145.2508","141.7","FORT YUKON ALASKA, AK US","  172","H,,U","   94","H,,U","  134",",,U"
"USR0000AFYK","2019-08-07","66.57","-145.2508","141.7","FORT YUKON ALASKA, AK US","  194","H,,U","   50","H,,U","  119",",,U"
"USR0000AFYK","2019-08-08","66.57","-145.2508","141.7","FORT YUKON ALASKA, AK US","  206","H,,U","   22","H,,U","  139",",,U"
"USR0000AFYK","2019-08-09","66.57","-145.2508","141.7","FORT YUKON ALASKA, AK US","  217","H,,U","  111","H,,U","  154",",,U"
"USR0000AFYK","2019-08-10","66.57","-145.2508","141.7","FORT YUKON ALASKA, AK US","  194","H,,U","   94","H,,U","  137",",,U"
"USR0000AFYK","2019-08-11","66.57","-145.2508","141.7","FORT YUKON ALASKA, AK US","  200","H,,U","   78","H,,U","  143",",,U"
"USR0000AFYK","2019-08-12","66.57","-145.2508","141.7","FORT YUKON ALASKA, AK US","  222","H,,U","   94","H,,U","  160",",,U"
"USR0000AFYK","2019-08-13","66.57","-145.2508","141.7","FORT YUKON ALASKA, AK US","  194","H,,U","  133","H,,U","  163",",,U"
"USR0000AFYK","2019-08-14","66.57","-145.2508","141.7","FORT YUKON ALASKA, AK US","  178","H,,U","  122","H,,U","  148",",,U"
"USR0000AFYK","2019-08-15","66.57","-145.2508","141.7","FORT YUKON ALASKA, AK US","  194","H,,U","  111","H,,U","  151",",,U"
"USR0000AFYK","2019-08-16","66.57","-145.2508","141.7","FORT YUKON ALASKA, AK US","  156","H,,U","   94","H,,U","  128",",,U"
"USR0000AFYK","2019-08-17","66.57","-145.2508","141.7","FORT YUKON ALASKA, AK US","  156","H,,U","   11","H,,U","   97",",,U"
"USR0000AFYK","2019-08-18","66.57","-145.2508","141.7","FORT YUKON ALASKA, AK US","  133","H,,U","   33","H,,U","   96",",,U"
"USR0000AFYK","2019-08-19","66.57","-145.2508","141.7","FORT YUKON ALASKA, AK US","  139","H,,U","   28","H,,U","   86",",,U"
"USR0000AFYK","2019-08-20","66.57","-145.2508","141.7","FORT YUKON ALASKA, AK US","  111","H,,U","   28","H,,U","   69",",,U"
"USR0000AFYK","2019-08-21","66.57","-145.2508","141.7","FORT YUKON ALASKA, AK US","  106","H,,U","   28","H,,U","   63",",,U"
"USR0000AFYK","2019-08-22","66.57","-145.2508","141.7","FORT YUKON ALASKA, AK US","  150","H,,U","   11","H,,U","   92",",,U"
"USR0000AFYK","2019-08-23","66.57","-145.2508","141.7","FORT YUKON ALASKA, AK US","  156","H,,U","   17","H,,U","   94",",,U"
"USR0000AFYK","2019-08-24","66.57","-145.2508","141.7","FORT YUKON ALASKA, AK US","  161","H,,U","  -17","H,,U","   84",",,U"
"USR0000AFYK","2019-08-25","66.57","-145.2508","141.7","FORT YUKON ALASKA, AK US","  178","H,,U","   56","H,,U","  125",",,U"
"USR0000AFYK","2019-08-26","66.57","-145.2508","141.7","FORT YUKON ALASKA, AK US","  178","H,,U","   78","H,,U","  129",",,U"
"USR0000AFYK","2019-08-27","66.57","-145.2508","141.7","FORT YUKON ALASKA, AK US","  167","H,,U","   94","H,,U","  129",",,U"
"USR0000AFYK","2019-08-28","66.57","-145.2508","141.7","FORT YUKON ALASKA, AK US","  139","H,,U","  111","H,,U","  121",",,U"
"USR0000AFYK","2019-08-29","66.57","-145.2508","141.7","FORT YUKON ALASKA, AK US","  156","H,,U","   78","H,,U","  117",",,U"
"USR0000AFYK","2019-08-30","66.57","-145.2508","141.7","FORT YUKON ALASKA, AK US","  150","H,,U","   50","H,,U","   97",",,U"
"USR0000AFYK","2019-08-31","66.57","-145.2508","141.7","FORT YUKON ALASKA, AK US","  150","H,,U","   22","H,,U","   83",",,U"
"USR0000AFYK","2019-09-01","66.57","-145.2508","141.7","FORT YUKON ALASKA, AK US","  139","H,,U","   28","H,,U","   86",",,U"
"USR0000AFYK","2019-09-02","66.57","-145.2508","141.7","FORT YUKON ALASKA, AK US","  133","H,,U","   56","H,,U","   91",",,U"
"USR0000AFYK","2019-09-03","66.57","-145.2508","141.7","FORT YUKON ALASKA, AK US","  156","H,,U","   67","H,,U","  115",",,U"
"USR0000AFYK","2019-09-04","66.57","-145.2508","141.7","FORT YUKON ALASKA, AK US","  183","H,,U","   83","H,,U","  131",",,U"
"USR0000AFYK","2019-09-05","66.57","-145.2508","141.7","FORT YUKON ALASKA, AK US","  194","H,,U","   39","H,,U","  124",",,U"
"USR0000AFYK","2019-09-06","66.57","-145.2508","141.7","FORT YUKON ALASKA, AK US","  200","H,,U","   -6","H,,U","   97",",,U"
"USR0000AFYK","2019-09-07","66.57","-145.2508","141.7","FORT YUKON ALASKA, AK US","  194","H,,U","   17","H,,U","   97",",,U"
"USR0000AFYK","2019-09-08","66.57","-145.2508","141.7","FORT YUKON ALASKA, AK US","  206","H,,U","   33","H,,U","  110",",,U"
"USR0000AFYK","2019-09-09","66.57","-145.2508","141.7","FORT YUKON ALASKA, AK US","  217","H,,U","   22","H,,U","  123",",,U"
"USR0000AFYK","2019-09-10","66.57","-145.2508","141.7","FORT YUKON ALASKA, AK US","  189","H,,U","   33","H,,U","  114",",,U"
"USR0000AFYK","2019-09-11","66.57","-145.2508","141.7","FORT YUKON ALASKA, AK US","  128","H,,U","   11","H,,U","   84",",,U"
"USR0000AFYK","2019-09-12","66.57","-145.2508","141.7","FORT YUKON ALASKA, AK US","  144","H,,U","   22","H,,U","   84",",,U"
"USR0000AFYK","2019-09-13","66.57","-145.2508","141.7","FORT YUKON ALASKA, AK US","  139","H,,U","   61","H,,U","  105",",,U"
"USR0000AFYK","2019-09-14","66.57","-145.2508","141.7","FORT YUKON ALASKA, AK US","  144","H,,U","   -6","H,,U","   68",",,U"
"USR0000AFYK","2019-09-15","66.57","-145.2508","141.7","FORT YUKON ALASKA, AK US","  128","H,,U","  -17","H,,U","   56",",,U"
"USR0000AFYK","2019-09-16","66.57","-145.2508","141.7","FORT YUKON ALASKA, AK US","   83","H,,U","   17","H,,U","   57",",,U"
"USR0000AFYK","2019-09-17","66.57","-145.2508","141.7","FORT YUKON ALASKA, AK US","  117","H,,U","   -6","H,,U","   57",",,U"
"USR0000AFYK","2019-09-18","66.57","-145.2508","141.7","FORT YUKON ALASKA, AK US","   39","H,,U","  -28","H,,U","   13",",,U"
"USR0000AFYK","2019-09-19","66.57","-145.2508","141.7","FORT YUKON ALASKA, AK US","   72","H,,U","    6","H,,U","   43",",,U"
"USR0000AFYK","2019-09-20","66.57","-145.2508","141.7","FORT YUKON ALASKA, AK US","   78","H,,U","   17","H,,U","   53",",,U"
"USR0000AFYK","2019-09-21","66.57","-145.2508","141.7","FORT YUKON ALASKA, AK US","   78","H,,U","   39","H,,U","   63",",,U"
"USR0000AFYK","2019-09-22","66.57","-145.2508","141.7","FORT YUKON ALASKA, AK US","   89","H,,U","  -39","H,,U","   38",",,U"
"USR0000AFYK","2019-09-23","66.57","-145.2508","141.7","FORT YUKON ALASKA, AK US","   89","H,,U","  -67","H,,U","    1",",,U"
"USR0000AFYK","2019-09-24","66.57","-145.2508","141.7","FORT YUKON ALASKA, AK US","   72","H,,U","  -67","H,,U","   -3",",,U"
"USR0000AFYK","2019-09-25","66.57","-145.2508","141.7","FORT YUKON ALASKA, AK US","   94","H,,U","  -28","H,,U","   20",",,U"
"USR0000AFYK","2019-09-26","66.57","-145.2508","141.7","FORT YUKON ALASKA, AK US","   72","H,,U","  -28","H,,U","   23",",,U"
"USR0000AFYK","2019-09-27","66.57","-145.2508","141.7","FORT YUKON ALASKA, AK US","   72","H,,U","   -6","H,,U","   29",",,U"
"USR0000AFYK","2019-09-28","66.57","-145.2508","141.7","FORT YUKON ALASKA, AK US","   94","H,,U","  -28","H,,U","   26",",,U"
"USR0000AFYK","2019-09-29","66.57","-145.2508","141.7","FORT YUKON ALASKA, AK US","   67","H,,U","   11","H,,U","   38",",,U"
"USR0000AFYK","2019-09-30","66.57","-145.2508","141.7","FORT YUKON ALASKA, AK US","  100","H,,U","  -11","H,,U","   51",",,U"
"USR0000AFYK","2019-10-01","66.57","-145.2508","141.7","FORT YUKON ALASKA, AK US","   39","H,,U","  -39","H,,U","   11",",,U"
"USR0000AFYK","2019-10-02","66.57","-145.2508","141.7","FORT YUKON ALASKA, AK US","   39","H,,U","   11","H,,U","   27",",,U"
"USR0000AFYK","2019-10-03","66.57","-145.2508","141.7","FORT YUKON ALASKA, AK US","   56","H,,U","    6","H,,U","   31",",,U"
"USR0000AFYK","2019-10-04","66.57","-145.2508","141.7","FORT YUKON ALASKA, AK US","   44","H,,U","  -22","H,,U","   14",",,U"
"USR0000AFYK","2019-10-05","66.57","-145.2508","141.7","FORT YUKON ALASKA, AK US","   39","H,,U","  -17","H,,U","    8",",,U"
"USR0000AFYK","2019-10-06","66.57","-145.2508","141.7","FORT YUKON ALASKA, AK US","   28","H,,U","  -33","H,,U","   -4",",,U"
"USR0000AFYK","2019-10-07","66.57","-145.2508","141.7","FORT YUKON ALASKA, AK US","   22","H,,U","  -33","H,,U","  -15",",,U"
"USR0000AFYK","2019-10-08","66.57","-145.2508","141.7","FORT YUKON ALASKA, AK US","   33","H,,U","  -28","H,,U","    8",",,U"
"USR0000AFYK","2019-10-09","66.57","-145.2508","141.7","FORT YUKON ALASKA, AK US","   39","H,,U","   -6","H,,U","   23",",,U"
"USR0000AFYK","2019-10-10","66.57","-145.2508","141.7","FORT YUKON ALASKA, AK US","   -6","H,,U","  -22","H,,U","  -12",",,U"
"USR0000AFYK","2019-10-11","66.57","-145.2508","141.7","FORT YUKON ALASKA, AK US","   17","H,,U","  -22","H,,U","    1",",,U"
"USR0000AFYK","2019-10-12","66.57","-145.2508","141.7","FORT YUKON ALASKA, AK US","   17","H,,U","  -44","H,,U","  -13",",,U"
"USR0000AFYK","2019-10-13","66.57","-145.2508","141.7","FORT YUKON ALASKA, AK US","   -6","H,,U","  -94","H,,U","  -43",",,U"
"USR0000AFYK","2019-10-14","66.57","-145.2508","141.7","FORT YUKON ALASKA, AK US","  -22","H,,U","  -94","H,,U","  -54",",,U"
"USR0000AFYK","2019-10-15","66.57","-145.2508","141.7","FORT YUKON ALASKA, AK US","  -33","H,,U"," -122","H,,U","  -84",",,U"
"USR0000AFYK","2019-10-16","66.57","-145.2508","141.7","FORT YUKON ALASKA, AK US","  -33","H,,U"," -106","H,,U","  -72",",,U"
"USR0000AFYK","2019-10-17","66.57","-145.2508","141.7","FORT YUKON ALASKA, AK US","   11","H,,U","  -78","H,,U","  -31",",,U"
"USR0000AFYK","2019-10-18","66.57","-145.2508","141.7","FORT YUKON ALASKA, AK US","    6","H,,U","  -50","H,,U","  -19",",,U"
"USR0000AFYK","2019-10-19","66.57","-145.2508","141.7","FORT YUKON ALASKA, AK US","  -28","H,,U","  -67","H,,U","  -39",",,U"
"USR0000AFYK","2019-10-20","66.57","-145.2508","141.7","FORT YUKON ALASKA, AK US","  -22","H,,U","  -50","H,,U","  -38",",,U"
"USR0000AFYK","2019-10-21","66.57","-145.2508","141.7","FORT YUKON ALASKA, AK US","  -28","H,,U","  -61","H,,U","  -44",",,U"
"USR0000AFYK","2019-10-22","66.57","-145.2508","141.7","FORT YUKON ALASKA, AK US","  -22","H,,U","  -50","H,,U","  -36",",,U"
"USR0000AFYK","2019-10-23","66.57","-145.2508","141.7","FORT YUKON ALASKA, AK US","  -44","H,,U","  -83","H,,U","  -55",",,U"
"USR0000AFYK","2019-10-24","66.57","-145.2508","141.7","FORT YUKON ALASKA, AK US","  -28","H,,U","  -72","H,,U","  -44",",,U"
"USR0000AFYK","2019-10-25","66.57","-145.2508","141.7","FORT YUKON ALASKA, AK US","  -17","H,,U"," -122","H,,U","  -56",",,U"
"USR0000AFYK","2019-10-26","66.57","-145.2508","141.7","FORT YUKON ALASKA, AK US","  -50","H,,U"," -100","H,,U","  -70",",,U"
"USR0000AFYK","2019-10-27","66.57","-145.2508","141.7","FORT YUKON ALASKA, AK US","  -33","H,,U","  -72","H,,U","  -51",",,U"
"USR0000AFYK","2019-10-28","66.57","-145.2508","141.7","FORT YUKON ALASKA, AK US","   -6","H,,U","  -56","H,,U","  -30",",,U"
"USR0000AFYK","2019-10-29","66.57","-145.2508","141.7","FORT YUKON ALASKA, AK US","   11","H,,U","  -83","H,,U","  -31",",,U"
"USR0000AFYK","2019-10-30","66.57","-145.2508","141.7","FORT YUKON ALASKA, AK US","   28","H,,U","  -56","H,,U","  -27",",,U"
"USR0000AFYK","2019-10-31","66.57","-145.2508","141.7","FORT YUKON ALASKA, AK US","  -44","H,,U"," -200","H,,U"," -104",",,U"
"USR0000AFYK","2019-11-01","66.57","-145.2508","141.7","FORT YUKON ALASKA, AK US"," -128","H,,U"," -161","H,,U"," -144",",,U"
"USR0000AFYK","2019-11-02","66.57","-145.2508","141.7","FORT YUKON ALASKA, AK US"," -156","H,,U"," -267","H,,U"," -196",",,U"
"USR0000AFYK","2019-11-03","66.57","-145.2508","141.7","FORT YUKON ALASKA, AK US"," -178","H,,U"," -267","H,,U"," -208",",,U"
"USR0000AFYK","2019-11-04","66.57","-145.2508","141.7","FORT YUKON ALASKA, AK US"," -167","H,,U"," -244","H,,U"," -202",",,U"
"USR0000AFYK","2019-11-05","66.57","-145.2508","141.7","FORT YUKON ALASKA, AK US"," -200","H,,U"," -278","H,,U"," -240",",,U"
"USR0000AFYK","2019-11-06","66.57","-145.2508","141.7","FORT YUKON ALASKA, AK US"," -117","H,,U"," -211","H,,U"," -154",",,U"
"USR0000AFYK","2019-11-07","66.57","-145.2508","141.7","FORT YUKON ALASKA, AK US","  -94","H,,U"," -122","H,,U"," -106",",,U"
"USR0000AFYK","2019-11-08","66.57","-145.2508","141.7","FORT YUKON ALASKA, AK US"," -122","H,,U"," -189","H,,U"," -146",",,U"
"USR0000AFYK","2019-11-09","66.57","-145.2508","141.7","FORT YUKON ALASKA, AK US"," -150","H,,U"," -256","H,,U"," -198",",,U"
"USR0000AFYK","2019-11-10","66.57","-145.2508","141.7","FORT YUKON ALASKA, AK US"," -194","H,,U"," -306","H,,U"," -239",",,U"
"USR0000AFYK","2019-11-11","66.57","-145.2508","141.7","FORT YUKON ALASKA, AK US"," -122","H,,U"," -222","H,,U"," -187",",,U"
"USR0000AFYK","2019-11-12","66.57","-145.2508","141.7","FORT YUKON ALASKA, AK US"," -106","H,,U"," -211","H,,U"," -160",",,U"
"USR0000AFYK","2019-11-13","66.57","-145.2508","141.7","FORT YUKON ALASKA, AK US"," -167","H,,U"," -217","H,,U"," -193",",,U"
"USR0000AFYK","2019-11-14","66.57","-145.2508","141.7","FORT YUKON ALASKA, AK US"," -161","H,,U"," -194","H,,U"," -171",",,U"
"USR0000AFYK","2019-11-15","66.57","-145.2508","141.7","FORT YUKON ALASKA, AK US"," -189","H,,U"," -217","H,,U"," -207",",,U"
"USR0000AFYK","2019-11-16","66.57","-145.2508","141.7","FORT YUKON ALASKA, AK US"," -172","H,,U"," -233","H,,U"," -199",",,U"
"USR0000AFYK","2019-11-17","66.57","-145.2508","141.7","FORT YUKON ALASKA, AK US"," -172","H,,U"," -228","H,,U"," -188",",,U"
"USR0000AFYK","2019-11-18","66.57","-145.2508","141.7","FORT YUKON ALASKA, AK US"," -200","H,,U"," -256","H,,U"," -225",",,U"
"USR0000AFYK","2019-11-19","66.57","-145.2508","141.7","FORT YUKON ALASKA, AK US"," -161","H,,U"," -250","H,,U"," -215",",,U"
"USR0000AFYK","2019-11-20","66.57","-145.2508","141.7","FORT YUKON ALASKA, AK US"," -133","H,,U"," -161","H,,U"," -143",",,U"
"USR0000AFYK","2019-11-21","66.57","-145.2508","141.7","FORT YUKON ALASKA, AK US"," -133","H,,U"," -183","H,,U"," -146",",,U"
"USR0000AFYK","2019-11-22","66.57","-145.2508","141.7","FORT YUKON ALASKA, AK US","  -61","H,,U"," -144","H,,U","  -77",",,U"
"USR0000AFYK","2019-11-23","66.57","-145.2508","141.7","FORT YUKON ALASKA, AK US","  -56","H,,U","  -94","H,,U","  -71",",,U"
"USR0000AFYK","2019-11-24","66.57","-145.2508","141.7","FORT YUKON ALASKA, AK US","  -56","H,,U"," -239","H,,U"," -133",",,U"
"USR0000AFYK","2019-11-25","66.57","-145.2508","141.7","FORT YUKON ALASKA, AK US"," -178","H,,U"," -256","H,,U"," -220",",,U"
"USR0000AFYK","2019-11-26","66.57","-145.2508","141.7","FORT YUKON ALASKA, AK US"," -144","H,,U"," -289","H,,U"," -205",",,U"
"USR0000AFYK","2019-11-27","66.57","-145.2508","141.7","FORT YUKON ALASKA, AK US","  -61","H,,U"," -167","H,,U"," -111",",,U"
"USR0000AFYK","2019-11-28","66.57","-145.2508","141.7","FORT YUKON ALASKA, AK US","  -50","H,,U","  -78","H,,U","  -60",",,U"
"USR0000AFYK","2019-11-29","66.57","-145.2508","141.7","FORT YUKON ALASKA, AK US","  -61","H,,U"," -100","H,,U","  -82",",,U"
"USR0000AFYK","2019-11-30","66.57","-145.2508","141.7","FORT YUKON ALASKA, AK US","  -78","H,,U","  -94","H,,U","  -90",",,U"
"USR0000AFYK","2019-12-01","66.57","-145.2508","141.7","FORT YUKON ALASKA, AK US","  -94","H,,U"," -106","H,,U"," -102",",,U"
"USR0000AFYK","2019-12-02","66.57","-145.2508","141.7","FORT YUKON ALASKA, AK US","  -83","H,,U"," -111","H,,U","  -97",",,U"
"USR0000AFYK","2019-12-03","66.57","-145.2508","141.7","FORT YUKON ALASKA, AK US"," -117","H,,U"," -300","H,I,U"," -189",",,U"
"USR0000AFYK","2019-12-04","66.57","-145.2508","141.7","FORT YUKON ALASKA, AK US"," -311","H,I,U"," -406","H,,U"," -369",",,U"
"USR0000AFYK","2019-12-05","66.57","-145.2508","141.7","FORT YUKON ALASKA, AK US"," -406","H,,U"," -428","H,,U"," -414",",,U"
"USR0000AFYK","2019-12-06","66.57","-145.2508","141.7","FORT YUKON ALASKA, AK US"," -417","H,,U"," -428","H,,U"," -422",",,U"
"USR0000AFYK","2019-12-07","66.57","-145.2508","141.7","FORT YUKON ALASKA, AK US"," -294","H,I,U"," -422","H,,U"," -353",",,U"
"USR0000AFYK","2019-12-08","66.57","-145.2508","141.7","FORT YUKON ALASKA, AK US"," -172","H,,U"," -283","H,I,U"," -197",",,U"
"USR0000AFYK","2019-12-09","66.57","-145.2508","141.7","FORT YUKON ALASKA, AK US","  -72","H,,U"," -239","H,,U"," -138",",,U"
"USR0000AFYK","2019-12-10","66.57","-145.2508","141.7","FORT YUKON ALASKA, AK US","  -50","H,,U"," -100","H,,U","  -66",",,U"
"USR0000AFYK","2019-12-11","66.57","-145.2508","141.7","FORT YUKON ALASKA, AK US"," -100","H,,U"," -211","H,,U"," -164",",,U"
"USR0000AFYK","2019-12-12","66.57","-145.2508","141.7","FORT YUKON ALASKA, AK US"," -139","H,,U"," -183","H,,U"," -158",",,U"
"USR0000AFYK","2019-12-13","66.57","-145.2508","141.7","FORT YUKON ALASKA, AK US"," -161","H,,U"," -278","H,,U"," -225",",,U"
"USR0000AFYK","2019-12-14","66.57","-145.2508","141.7","FORT YUKON ALASKA, AK US"," -283","H,,U"," -300","H,,U"," -292",",,U"
"USR0000AFYK","2019-12-15","66.57","-145.2508","141.7","FORT YUKON ALASKA, AK US"," -261","H,,U"," -322","H,,U"," -281",",,U"
"USR0000AFYK","2019-12-16","66.57","-145.2508","141.7","FORT YUKON ALASKA, AK US"," -317","H,,U"," -339","H,,U"," -331",",,U"
"USR0000AFYK","2019-12-17","66.57","-145.2508","141.7","FORT YUKON ALASKA, AK US"," -183","H,,U"," -328","H,,U"," -242",",,U"
"USR0000AFYK","2019-12-18","66.57","-145.2508","141.7","FORT YUKON ALASKA, AK US"," -222","H,,U"," -394","H,,U"," -303",",,U"
"USR0000AFYK","2019-12-19","66.57","-145.2508","141.7","FORT YUKON ALASKA, AK US"," -394","H,,U"," -428","H,,U"," -421",",,U"
"USR0000AFYK","2019-12-20","66.57","-145.2508","141.7","FORT YUKON ALASKA, AK US"," -428","H,,U"," -444","H,,U"," -436",",,U"
"USR0000AFYK","2019-12-21","66.57","-145.2508","141.7","FORT YUKON ALASKA, AK US"," -444","H,,U"," -461","H,,U"," -454",",,U"
"USR0000AFYK","2019-12-22","66.57","-145.2508","141.7","FORT YUKON ALASKA, AK US"," -422","H,,U"," -456","H,,U"," -439",",,U"
"USR0000AFYK","2019-12-23","66.57","-145.2508","141.7","FORT YUKON ALASKA, AK US"," -339","H,,U"," -456","H,,U"," -405",",,U"
"USR0000AFYK","2019-12-24","66.57","-145.2508","141.7","FORT YUKON ALASKA, AK US"," -267","H,,U"," -350","H,,U"," -309",",,U"
"USR0000AFYK","2019-12-25","66.57","-145.2508","141.7","FORT YUKON ALASKA, AK US"," -244","H,,U"," -383","H,,U"," -298",",,U"
"USR0000AFYK","2019-12-26","66.57","-145.2508","141.7","FORT YUKON ALASKA, AK US"," -289","H,,U"," -389","H,I,U"," -336",",,U"
"USR0000AFYK","2019-12-27","66.57","-145.2508","141.7","FORT YUKON ALASKA, AK US"," -417","H,I,U"," -483","H,,U"," -451",",,U"
"USR0000AFYK","2019-12-28","66.57","-145.2508","141.7","FORT YUKON ALASKA, AK US"," -267","H,,U"," -478","H,,U"," -296",",,U"
"USR0000AFYK","2019-12-29","66.57","-145.2508","141.7","FORT YUKON ALASKA, AK US"," -233","H,,U"," -289","H,,U"," -257",",,U"
"USR0000AFYK","2019-12-30","66.57","-145.2508","141.7","FORT YUKON ALASKA, AK US"," -183","H,,U"," -256","H,,U"," -203",",,U"
"USR0000AFYK","2019-12-31","66.57","-145.2508","141.7","FORT YUKON ALASKA, AK US"," -150","H,,U"," -189","H,,U"," -173",",,U"
"USR0000AFYK","2020-01-01","66.57","-145.2508","141.7","FORT YUKON ALASKA, AK US"," -178","H,,U"," -189","H,,U"," -182",",,U"
"USR0000AFYK","2020-01-02","66.57","-145.2508","141.7","FORT YUKON ALASKA, AK US"," -189","H,,U"," -217","H,,U"," -199",",,U"
"USR0000AFYK","2020-01-03","66.57","-145.2508","141.7","FORT YUKON ALASKA, AK US"," -211","H,,U"," -233","H,,U"," -221",",,U"
"USR0000AFYK","2020-01-04","66.57","-145.2508","141.7","FORT YUKON ALASKA, AK US"," -233","H,,U"," -272","H,,U"," -253",",,U"
"USR0000AFYK","2020-01-05","66.57","-145.2508","141.7","FORT YUKON ALASKA, AK US"," -233","H,,U"," -367","H,,U"," -289",",,U"
"USR0000AFYK","2020-01-06","66.57","-145.2508","141.7","FORT YUKON ALASKA, AK US"," -339","H,,U"," -406","H,,U"," -364",",,U"
"USR0000AFYK","2020-01-07","66.57","-145.2508","141.7","FORT YUKON ALASKA, AK US"," -400","H,,U"," -444","H,,U"," -425",",,U"
"USR0000AFYK","2020-01-08","66.57","-145.2508","141.7","FORT YUKON ALASKA, AK US"," -433","H,,U"," -456","H,,U"," -448",",,U"
"USR0000AFYK","2020-01-09","66.57","-145.2508","141.7","FORT YUKON ALASKA, AK US"," -444","H,,U"," -461","H,,U"," -454",",,U"
"USR0000AFYK","2020-01-10","66.57","-145.2508","141.7","FORT YUKON ALASKA, AK US"," -433","H,,U"," -456","H,,U"," -447",",,U"
"USR0000AFYK","2020-01-11","66.57","-145.2508","141.7","FORT YUKON ALASKA, AK US"," -444","H,,U"," -467","H,,U"," -458",",,U"
"USR0000AFYK","2020-01-12","66.57","-145.2508","141.7","FORT YUKON ALASKA, AK US"," -428","H,,U"," -467","H,,U"," -449",",,U"
"USR0000AFYK","2020-01-13","66.57","-145.2508","141.7","FORT YUKON ALASKA, AK US"," -317","H,,U"," -450","H,,U"," -386",",,U"
"USR0000AFYK","2020-01-14","66.57","-145.2508","141.7","FORT YUKON ALASKA, AK US"," -256","H,,U"," -317","H,,U"," -278",",,U"
"USR0000AFYK","2020-01-15","66.57","-145.2508","141.7","FORT YUKON ALASKA, AK US"," -250","H,,U"," -400","H,,U"," -355",",,U"
"USR0000AFYK","2020-01-16","66.57","-145.2508","141.7","FORT YUKON ALASKA, AK US"," -267","H,,U"," -400","H,,U"," -309",",,U"
"USR0000AFYK","2020-01-17","66.57","-145.2508","141.7","FORT YUKON ALASKA, AK US"," -283","H,,U"," -350","H,,U"," -327",",,U"
"USR0000AFYK","2020-01-18","66.57","-145.2508","141.7","FORT YUKON ALASKA, AK US"," -244","H,,U"," -389","H,,U"," -306",",,U"
"USR0000AFYK","2020-01-19","66.57","-145.2508","141.7","FORT YUKON ALASKA, AK US"," -322","H,,U"," -422","H,,U"," -372",",,U"
"USR0000AFYK","2020-01-20","66.57","-145.2508","141.7","FORT YUKON ALASKA, AK US"," -333","H,,U"," -433","H,,U"," -400",",,U"
"USR0000AFYK","2020-01-21","66.57","-145.2508","141.7","FORT YUKON ALASKA, AK US"," -300","H,,U"," -344","H,,U"," -322",",,U"
"USR0000AFYK","2020-01-22","66.57","-145.2508","141.7","FORT YUKON ALASKA, AK US"," -278","H,,U"," -372","H,,U"," -326",",,U"
"USR0000AFYK","2020-01-23","66.57","-145.2508","141.7","FORT YUKON ALASKA, AK US"," -267","H,,U"," -383","H,,U"," -312",",,U"
"USR0000AFYK","2020-01-24","66.57","-145.2508","141.7","FORT YUKON ALASKA, AK US"," -172","H,,U"," -261","H,,U"," -193",",,U"
"USR0000AFYK","2020-01-25","66.57","-145.2508","141.7","FORT YUKON ALASKA, AK US"," -194","H,,U"," -283","H,,U"," -227",",,U"
"USR0000AFYK","2020-01-26","66.57","-145.2508","141.7","FORT YUKON ALASKA, AK US"," -233","H,,U"," -294","H,,U"," -255",",,U"
"USR0000AFYK","2020-01-27","66.57","-145.2508","141.7","FORT YUKON ALASKA, AK US"," -256","H,,U"," -311","H,,U"," -284",",,U"
"USR0000AFYK","2020-01-28","66.57","-145.2508","141.7","FORT YUKON ALASKA, AK US"," -267","H,,U"," -317","H,,U"," -288",",,U"
"USR0000AFYK","2020-01-29","66.57","-145.2508","141.7","FORT YUKON ALASKA, AK US"," -256","H,,U"," -289","H,,U"," -268",",,U"
"USR0000AFYK","2020-01-30","66.57","-145.2508","141.7","FORT YUKON ALASKA, AK US"," -250","H,,U"," -283","H,,U"," -261",",,U"
"USR0000AFYK","2020-01-31","66.57","-145.2508","141.7","FORT YUKON ALASKA, AK US"," -244","H,,U"," -278","H,,U"," -253",",,U"
"USR0000AFYK","2020-02-01","66.57","-145.2508","141.7","FORT YUKON ALASKA, AK US"," -267","H,,U"," -417","H,,U"," -332",",,U"
"USR0000AFYK","2020-02-02","66.57","-145.2508","141.7","FORT YUKON ALASKA, AK US"," -283","H,,U"," -439","H,,U"," -338",",,U"
"USR0000AFYK","2020-02-03","66.57","-145.2508","141.7","FORT YUKON ALASKA, AK US"," -233","H,,U"," -283","H,,U"," -255",",,U"
"USR0000AFYK","2020-02-04","66.57","-145.2508","141.7","FORT YUKON ALASKA, AK US"," -200","H,,U"," -283","H,,U"," -225",",,U"
"USR0000AFYK","2020-02-05","66.57","-145.2508","141.7","FORT YUKON ALASKA, AK US"," -161","H,,U"," -211","H,,U"," -183",",,U"
"USR0000AFYK","2020-02-06","66.57","-145.2508","141.7","FORT YUKON ALASKA, AK US"," -161","H,,U"," -206","H,,U"," -175",",,U"
"USR0000AFYK","2020-02-07","66.57","-145.2508","141.7","FORT YUKON ALASKA, AK US"," -189","H,,U"," -222","H,,U"," -209",",,U"
"USR0000AFYK","2020-02-08","66.57","-145.2508","141.7","FORT YUKON ALASKA, AK US"," -200","H,,U"," -250","H,,U"," -222",",,U"
"USR0000AFYK","2020-02-09","66.57","-145.2508","141.7","FORT YUKON ALASKA, AK US"," -128","H,,U"," -222","H,,U"," -178",",,U"
"USR0000AFYK","2020-02-10","66.57","-145.2508","141.7","FORT YUKON ALASKA, AK US"," -139","H,,U"," -261","H,,U"," -208",",,U"
"USR0000AFYK","2020-02-11","66.57","-145.2508","141.7","FORT YUKON ALASKA, AK US"," -256","H,,U"," -394","H,,U"," -322",",,U"
"USR0000AFYK","2020-02-12","66.57","-145.2508","141.7","FORT YUKON ALASKA, AK US"," -311","H,,U"," -411","H,,U"," -366",",,U"
"USR0000AFYK","2020-02-13","66.57","-145.2508","141.7","FORT YUKON ALASKA, AK US"," -322","H,,U"," -450","H,,U"," -410",",,U"
"USR0000AFYK","2020-02-14","66.57","-145.2508","141.7","FORT YUKON ALASKA, AK US"," -333","H,,U"," -472","H,,U"," -425",",,U"
"USR0000AFYK","2020-02-15","66.57","-145.2508","141.7","FORT YUKON ALASKA, AK US"," -322","H,,U"," -472","H,,U"," -426",",,U"
"USR0000AFYK","2020-02-16","66.57","-145.2508","141.7","FORT YUKON ALASKA, AK US"," -328","H,,U"," -472","H,,U"," -413",",,U"
"USR0000AFYK","2020-02-17","66.57","-145.2508","141.7","FORT YUKON ALASKA, AK US"," -244","H,I,U"," -428","H,,U"," -342",",,U"
"USR0000AFYK","2020-02-18","66.57","-145.2508","141.7","FORT YUKON ALASKA, AK US"," -183","H,,U"," -233","H,I,U"," -206",",,U"
"USR0000AFYK","2020-02-19","66.57","-145.2508","141.7","FORT YUKON ALASKA, AK US"," -117","H,,U"," -200","H,,U"," -158",",,U"
"USR0000AFYK","2020-02-20","66.57","-145.2508","141.7","FORT YUKON ALASKA, AK US","  -78","H,,U"," -228","H,,U"," -141",",,U"
"USR0000AFYK","2020-02-21","66.57","-145.2508","141.7","FORT YUKON ALASKA, AK US","  -78","H,,U"," -211","H,,U"," -117",",,U"
"USR0000AFYK","2020-02-22","66.57","-145.2508","141.7","FORT YUKON ALASKA, AK US"," -100","H,,U"," -200","H,,U"," -149",",,U"
"USR0000AFYK","2020-02-23","66.57","-145.2508","141.7","FORT YUKON ALASKA, AK US"," -183","H,,U"," -317","H,,U"," -231",",,U"
"USR0000AFYK","2020-02-24","66.57","-145.2508","141.7","FORT YUKON ALASKA, AK US"," -183","H,,U"," -372","H,,U"," -296",",,U"
"USR0000AFYK","2020-02-25","66.57","-145.2508","141.7","FORT YUKON ALASKA, AK US"," -222","H,,U"," -378","H,,U"," -322",",,U"
"USR0000AFYK","2020-02-26","66.57","-145.2508","141.7","FORT YUKON ALASKA, AK US"," -200","H,,U"," -411","H,,U"," -329",",,U"
"USR0000AFYK","2020-02-27","66.57","-145.2508","141.7","FORT YUKON ALASKA, AK US"," -206","H,,U"," -422","H,,U"," -340",",,U"
"USR0000AFYK","2020-02-28","66.57","-145.2508","141.7","FORT YUKON ALASKA, AK US"," -250","H,,U"," -444","H,,U"," -373",",,U"
"USR0000AFYK","2020-02-29","66.57","-145.2508","141.7","FORT YUKON ALASKA, AK US"," -250","H,,U"," -428","H,,U"," -352",",,U"
"USR0000AFYK","2020-03-01","66.57","-145.2508","141.7","FORT YUKON ALASKA, AK US"," -172","H,,U"," -272","H,,U"," -220",",,U"
"USR0000AFYK","2020-03-02","66.57","-145.2508","141.7","FORT YUKON ALASKA, AK US"," -178","H,,U"," -389","H,,U"," -255",",,U"
"USR0000AFYK","2020-03-03","66.57","-145.2508","141.7","FORT YUKON ALASKA, AK US"," -233","H,,U"," -400","H,,U"," -327",",,U"
"USR0000AFYK","2020-03-04","66.57","-145.2508","141.7","FORT YUKON ALASKA, AK US"," -217","H,,U"," -411","H,,U"," -331",",,U"
"USR0000AFYK","2020-03-05","66.57","-145.2508","141.7","FORT YUKON ALASKA, AK US"," -200","H,,U"," -439","H,,U"," -347",",,U"
"USR0000AFYK","2020-03-06","66.57","-145.2508","141.7","FORT YUKON ALASKA, AK US"," -211","H,,U"," -417","H,,U"," -308",",,U"
"USR0000AFYK","2020-03-07","66.57","-145.2508","141.7","FORT YUKON ALASKA, AK US"," -189","H,,U"," -294","H,,U"," -241",",,U"
"USR0000AFYK","2020-03-08","66.57","-145.2508","141.7","FORT YUKON ALASKA, AK US"," -144","H,,U"," -306","H,,U"," -207",",,U"
"USR0000AFYK","2020-03-09","66.57","-145.2508","141.7","FORT YUKON ALASKA, AK US"," -133","H,,U"," -261","H,,U"," -193",",,U"
"USR0000AFYK","2020-03-10","66.57","-145.2508","141.7","FORT YUKON ALASKA, AK US"," -161","H,,U"," -361","H,,U"," -276",",,U"
"USR0000AFYK","2020-03-11","66.57","-145.2508","141.7","FORT YUKON ALASKA, AK US"," -172","H,,U"," -394","H,,U"," -293",",,U"
"USR0000AFYK","2020-03-12","66.57","-145.2508","141.7","FORT YUKON ALASKA, AK US"," -128","H,,U"," -361","H,,U"," -227",",,U"
"USR0000AFYK","2020-03-13","66.57","-145.2508","141.7","FORT YUKON ALASKA, AK US","  -11","H,,U"," -133","H,,U","  -58",",,U"
"USR0000AFYK","2020-03-14","66.57","-145.2508","141.7","FORT YUKON ALASKA, AK US","    6","H,,U","  -67","H,,U","  -24",",,U"
"USR0000AFYK","2020-03-15","66.57","-145.2508","141.7","FORT YUKON ALASKA, AK US","    0","H,,U"," -128","H,,U","  -46",",,U"
"USR0000AFYK","2020-03-16","66.57","-145.2508","141.7","FORT YUKON ALASKA, AK US","   17","H,,U","  -72","H,,U","  -22",",,U"
"USR0000AFYK","2020-03-17","66.57","-145.2508","141.7","FORT YUKON ALASKA, AK US","   11","H,,U","  -89","H,,U","  -34",",,U"
"USR0000AFYK","2020-03-18","66.57","-145.2508","141.7","FORT YUKON ALASKA, AK US","   33","H,,U","  -78","H,,U","  -18",",,U"
"USR0000AFYK","2020-03-19","66.57","-145.2508","141.7","FORT YUKON ALASKA, AK US","   11","H,,U","  -89","H,,U","  -28",",,U"
"USR0000AFYK","2020-03-20","66.57","-145.2508","141.7","FORT YUKON ALASKA, AK US","   28","H,,U","  -17","H,,U","   10",",,U"
"USR0000AFYK","2020-03-21","66.57","-145.2508","141.7","FORT YUKON ALASKA, AK US","   22","H,,U","  -56","H,,U","  -14",",,U"
"USR0000AFYK","2020-03-22","66.57","-145.2508","141.7","FORT YUKON ALASKA, AK US","  -22","H,,U"," -222","H,,U"," -100",",,U"
"USR0000AFYK","2020-03-23","66.57","-145.2508","141.7","FORT YUKON ALASKA, AK US","    6","H,,U"," -222","H,,U","  -69",",,U"
"USR0000AFYK","2020-03-24","66.57","-145.2508","141.7","FORT YUKON ALASKA, AK US","   11","H,,U","  -17","H,,U","   -1",",,U"
"USR0000AFYK","2020-03-25","66.57","-145.2508","141.7","FORT YUKON ALASKA, AK US","   39","H,,U"," -128","H,,U","  -17",",,U"
"USR0000AFYK","2020-03-26","66.57","-145.2508","141.7","FORT YUKON ALASKA, AK US"," -100","H,,U"," -233","H,,U"," -137",",,U"
"USR0000AFYK","2020-03-27","66.57","-145.2508","141.7","FORT YUKON ALASKA, AK US"," -150","H,,U"," -289","H,,U"," -223",",,U"
"USR0000AFYK","2020-03-28","66.57","-145.2508","141.7","FORT YUKON ALASKA, AK US","  -94","H,,U"," -306","H,,U"," -201",",,U"
"USR0000AFYK","2020-03-29","66.57","-145.2508","141.7","FORT YUKON ALASKA, AK US"," -106","H,,U"," -289","H,,U"," -198",",,U"
"USR0000AFYK","2020-03-30","66.57","-145.2508","141.7","FORT YUKON ALASKA, AK US","  -72","H,,U"," -317","H,,U"," -196",",,U"
"USR0000AFYK","2020-03-31","66.57","-145.2508","141.7","FORT YUKON ALASKA, AK US","    0","H,,U"," -267","H,,U"," -143",",,U"
"USR0000AFYK","2020-04-01","66.57","-145.2508","141.7","FORT YUKON ALASKA, AK US","   11","H,,U"," -267","H,,U"," -119",",,U"
"USR0000AFYK","2020-04-02","66.57","-145.2508","141.7","FORT YUKON ALASKA, AK US","  -17","H,,U"," -178","H,,U","  -78",",,U"
"USR0000AFYK","2020-04-03","66.57","-145.2508","141.7","FORT YUKON ALASKA, AK US","   11","H,,U"," -144","H,,U","  -47",",,U"
"USR0000AFYK","2020-04-04","66.57","-145.2508","141.7","FORT YUKON ALASKA, AK US","   50","H,,U"," -139","H,,U","  -17",",,U"
"USR0000AFYK","2020-04-05","66.57","-145.2508","141.7","FORT YUKON ALASKA, AK US","   44","H,,U","  -67","H,,U","    1",",,U"
"USR0000AFYK","2020-04-06","66.57","-145.2508","141.7","FORT YUKON ALASKA, AK US","  -39","H,,U"," -189","H,,U"," -104",",,U"
"USR0000AFYK","2020-04-07","66.57","-145.2508","141.7","FORT YUKON ALASKA, AK US","  -44","H,,U"," -206","H,,U"," -114",",,U"
"USR0000AFYK","2020-04-08","66.57","-145.2508","141.7","FORT YUKON ALASKA, AK US","   11","H,,U"," -228","H,,U"," -110",",,U"
"USR0000AFYK","2020-04-09","66.57","-145.2508","141.7","FORT YUKON ALASKA, AK US","  -39","H,,U"," -217","H,,U"," -108",",,U"
"USR0000AFYK","2020-04-10","66.57","-145.2508","141.7","FORT YUKON ALASKA, AK US","   -6","H,,U"," -194","H,,U","  -73",",,U"
"USR0000AFYK","2020-04-11","66.57","-145.2508","141.7","FORT YUKON ALASKA, AK US","   44","H,,U","  -39","H,,U","   -5",",,U"
"USR0000AFYK","2020-04-12","66.57","-145.2508","141.7","FORT YUKON ALASKA, AK US","   89","H,,U","  -56","H,,U","   20",",,U"
"USR0000AFYK","2020-04-13","66.57","-145.2508","141.7","FORT YUKON ALASKA, AK US","   50","H,,U","   -6","H,,U","   23",",,U"
"USR0000AFYK","2020-04-14","66.57","-145.2508","141.7","FORT YUKON ALASKA, AK US","  106","H,,U","  -28","H,,U","   40",",,U"
"USR0000AFYK","2020-04-15","66.57","-145.2508","141.7","FORT YUKON ALASKA, AK US","  117","H,,U","    0","H,,U","   52",",,U"
"USR0000AFYK","2020-04-16","66.57","-145.2508","141.7","FORT YUKON ALASKA, AK US","   83","H,,U","   11","H,,U","   52",",,U"
"USR0000AFYK","2020-04-17","66.57","-145.2508","141.7","FORT YUKON ALASKA, AK US","  106","H,,U","  -22","H,,U","   48",",,U"
"USR0000AFYK","2020-04-18","66.57","-145.2508","141.7","FORT YUKON ALASKA, AK US","   89","H,,U","   39","H,,U","   57",",,U"
"USR0000AFYK","2020-04-19","66.57","-145.2508","141.7","FORT YUKON ALASKA, AK US","   83","H,,U","   11","H,,U","   45",",,U"
"USR0000AFYK","2020-04-20","66.57","-145.2508","141.7","FORT YUKON ALASKA, AK US","   39","H,,U","   -6","H,,U","   16",",,U"
"USR0000AFYK","2020-04-21","66.57","-145.2508","141.7","FORT YUKON ALASKA, AK US","   33","H,,U","  -56","H,,U","   -8",",,U"
"USR0000AFYK","2020-04-22","66.57","-145.2508","141.7","FORT YUKON ALASKA, AK US","   72","H,,U","  -89","H,,U","    0",",,U"
"USR0000AFYK","2020-04-23","66.57","-145.2508","141.7","FORT YUKON ALASKA, AK US","   28","H,,U","  -56","H,,U","  -10",",,U"
"USR0000AFYK","2020-04-24","66.57","-145.2508","141.7","FORT YUKON ALASKA, AK US","   11","H,,U","  -83","H,,U","  -34",",,U"
"USR0000AFYK","2020-04-25","66.57","-145.2508","141.7","FORT YUKON ALASKA, AK US","   17","H,,U"," -122","H,,U","  -48",",,U"
"USR0000AFYK","2020-04-26","66.57","-145.2508","141.7","FORT YUKON ALASKA, AK US","   67","H,,U"," -100","H,,U","  -12",",,U"
"USR0000AFYK","2020-04-27","66.57","-145.2508","141.7","FORT YUKON ALASKA, AK US","   56","H,,U","  -78","H,,U","   -3",",,U"
"USR0000AFYK","2020-04-28","66.57","-145.2508","141.7","FORT YUKON ALASKA, AK US","   50","H,,U","  -28","H,,U","   12",",,U"
"USR0000AFYK","2020-04-29","66.57","-145.2508","141.7","FORT YUKON ALASKA, AK US","    6","H,,U","  -94","H,,U","  -43",",,U"
"USR0000AFYK","2020-04-30","66.57","-145.2508","141.7","FORT YUKON ALASKA, AK US","   33","H,,U"," -111","H,,U","  -35",",,U"
"USR0000AFYK","2020-05-01","66.57","-145.2508","141.7","FORT YUKON ALASKA, AK US","   67","H,,U","  -89","H,,U","   -8",",,U"
"USR0000AFYK","2020-05-02","66.57","-145.2508","141.7","FORT YUKON ALASKA, AK US","   94","H,,U","  -67","H,,U","   23",",,U"
"USR0000AFYK","2020-05-03","66.57","-145.2508","141.7","FORT YUKON ALASKA, AK US","   89","H,,U","  -33","H,,U","   27",",,U"
"USR0000AFYK","2020-05-04","66.57","-145.2508","141.7","FORT YUKON ALASKA, AK US","  111","H,,U","  -33","H,,U","   37",",,U"
"USR0000AFYK","2020-05-05","66.57","-145.2508","141.7","FORT YUKON ALASKA, AK US","  161","H,,U","  -28","H,,U","   73",",,U"
"USR0000AFYK","2020-05-06","66.57","-145.2508","141.7","FORT YUKON ALASKA, AK US","  161","H,,U","  -22","H,,U","   87",",,U"
"USR0000AFYK","2020-05-07","66.57","-145.2508","141.7","FORT YUKON ALASKA, AK US","  194","H,,U","    6","H,,U","  109",",,U"
"USR0000AFYK","2020-05-08","66.57","-145.2508","141.7","FORT YUKON ALASKA, AK US","  206","H,,U","   33","H,,U","  131",",,U"
"USR0000AFYK","2020-05-09","66.57","-145.2508","141.7","FORT YUKON ALASKA, AK US","  244","H,,U","   67","H,,U","  156",",,U"
"USR0000AFYK","2020-05-10","66.57","-145.2508","141.7","FORT YUKON ALASKA, AK US","  267","H,,U","   61","H,,U","  175",",,U"
"USR0000AFYK","2020-05-11","66.57","-145.2508","141.7","FORT YUKON ALASKA, AK US","  228","H,,U","   78","H,,U","  152",",,U"
"USR0000AFYK","2020-05-12","66.57","-145.2508","141.7","FORT YUKON ALASKA, AK US","  167","H,,U","   39","H,,U","  100",",,U"
"USR0000AFYK","2020-05-13","66.57","-145.2508","141.7","FORT YUKON ALASKA, AK US","   94","H,,U","   -6","H,,U","   50",",,U"
"USR0000AFYK","2020-05-14","66.57","-145.2508","141.7","FORT YUKON ALASKA, AK US","  117","H,,U","  -22","H,,U","   52",",,U"
"USR0000AFYK","2020-05-15","66.57","-145.2508","141.7","FORT YUKON ALASKA, AK US","  161","H,,U","  -17","H,,U","   75",",,U"
"USR0000AFYK","2020-05-16","66.57","-145.2508","141.7","FORT YUKON ALASKA, AK US","   61","H,,U","  -22","H,,U","   19",",,U"
"USR0000AFYK","2020-05-17","66.57","-145.2508","141.7","FORT YUKON ALASKA, AK US","   89","H,,U","  -39","H,,U","   28",",,U"
"USR0000AFYK","2020-05-18","66.57","-145.2508","141.7","FORT YUKON ALASKA, AK US","  117","H,,U","  -17","H,,U","   56",",,U"
"USR0000AFYK","2020-05-19","66.57","-145.2508","141.7","FORT YUKON ALASKA, AK US","  139","H,,U","  -11","H,,U","   64",",,U"
"USR0000AFYK","2020-05-20","66.57","-145.2508","141.7","FORT YUKON ALASKA, AK US","  172","H,,U","    0","H,,U","   91",",,U"
"USR0000AFYK","2020-05-21","66.57","-145.2508","141.7","FORT YUKON ALASKA, AK US","  217","H,,U","  -17","H,,U","  135",",,U"
"USR0000AFYK","2020-05-22","66.57","-145.2508","141.7","FORT YUKON ALASKA, AK US","  256","H,,U","   72","H,,U","  183",",,U"
"USR0000AFYK","2020-05-23","66.57","-145.2508","141.7","FORT YUKON ALASKA, AK US","  256","H,,U","  111","H,,U","  184",",,U"
"USR0000AFYK","2020-05-24","66.57","-145.2508","141.7","FORT YUKON ALASKA, AK US","  267","H,,U","  106","H,,U","  186",",,U"
"USR0000AFYK","2020-05-25","66.57","-145.2508","141.7","FORT YUKON ALASKA, AK US","  222","H,,U","  128","H,,U","  169",",,U"
"USR0000AFYK","2020-05-26","66.57","-145.2508","141.7","FORT YUKON ALASKA, AK US","  200","H,,U","  122","H,,U","  159",",,U"
"USR0000AFYK","2020-05-27","66.57","-145.2508","141.7","FORT YUKON ALASKA, AK US","  194","H,,U","   78","H,,U","  148",",,U"
"USR0000AFYK","2020-05-28","66.57","-145.2508","141.7","FORT YUKON ALASKA, AK US","  233","H,,U","   78","H,,U","  164",",,U"
"USR0000AFYK","2020-05-29","66.57","-145.2508","141.7","FORT YUKON ALASKA, AK US","  233","H,,U","  122","H,,U","  178",",,U"
"USR0000AFYK","2020-05-30","66.57","-145.2508","141.7","FORT YUKON ALASKA, AK US","  250","H,,U","   89","H,,U","  175",",,U"
"USR0000AFYK","2020-05-31","66.57","-145.2508","141.7","FORT YUKON ALASKA, AK US","  222","H,,U","   94","H,,U","  167",",,U"
"USR0000AFYK","2020-06-01","66.57","-145.2508","141.7","FORT YUKON ALASKA, AK US","  211","H,,U","   72","H,,U","  148",",,U"
"USR0000AFYK","2020-06-02","66.57","-145.2508","141.7","FORT YUKON ALASKA, AK US","  211","H,,U","   67","H,,U","  149",",,U"
"USR0000AFYK","2020-06-03","66.57","-145.2508","141.7","FORT YUKON ALASKA, AK US","  217","H,,U","   78","H,,U","  153",",,U"
"USR0000AFYK","2020-06-04","66.57","-145.2508","141.7","FORT YUKON ALASKA, AK US","  233","H,,U","   72","H,,U","  164",",,U"
