"STATION","DATE","LATITUDE","LONGITUDE","ELEVATION","NAME","PRCP","PRCP_ATTRIBUTES","SNWD","SNWD_ATTRIBUTES","TMAX","TMAX_ATTRIBUTES","TMIN","TMIN_ATTRIBUTES","TAVG","TAVG_ATTRIBUTES","TOBS","TOBS_ATTRIBUTES","WESD","WESD_ATTRIBUTES"
"USS0016A08S","2018-07-06","48.31","-116.07","1645.9","BEAR MOUNTAIN, ID US","    0",",,T","    0",",,T","  215",",,T","  120",",,T","  172",",,T","  127",",,T","    0",",,T"
"USS0016A08S","2018-07-07","48.31","-116.07","1645.9","BEAR MOUNTAIN, ID US","    0",",,T","    0",",,T","  169",",,T","   90",",,T","  128",",,T","   92",",,T","    0",",,T"
"USS0016A08S","2018-07-08","48.31","-116.07","1645.9","BEAR MOUNTAIN, ID US","    0",",,T","    0",",,T","  214",",,T","   82",",,T","  148",",,T","  122",",,T","    0",",,T"
"USS0016A08S","2018-07-09","48.31","-116.07","1645.9","BEAR MOUNTAIN, ID US","    0",",,T","    0",",,T","  242",",,T","  117",",,T","  179",",,T","  156",",,T","    0",",,T"
"USS0016A08S","2018-07-10","48.31","-116.07","1645.9","BEAR MOUNTAIN, ID US","    0",",,T","    0",",,T","  176",",,T","   82",",,T","  127",",,T","   82",",,T","    0",",,T"
"USS0016A08S","2018-07-11","48.31","-116.07","1645.9","BEAR MOUNTAIN, ID US","    0",",,T","    0",",,T","  188",",,T","   72",",,T","  127",",,T","  111",",,T","    0",",,T"
"USS0016A08S","2018-07-12","48.31","-116.07","1645.9","BEAR MOUNTAIN, ID US","    0",",,T","    0",",,T","  219",",,T","  100",",,T","  158",",,T","  138",",,T","    0",",,T"
"USS0016A08S","2018-07-13","48.31","-116.07","1645.9","BEAR MOUNTAIN, ID US","    0",",,T","    0",",,T","  236",",,T","  125",",,T","  188",",,T","  176",",,T","    0",",,T"
"USS0016A08S","2018-07-14","48.31","-116.07","1645.9","BEAR MOUNTAIN, ID US","    0",",,T","    0",",,T","  220",",,T","  127",",,T","  175",",,T","  128",",,T","    0",",,T"
"USS0016A08S","2018-07-15","48.31","-116.07","1645.9","BEAR MOUNTAIN, ID US","    0",",,T","    0",",,T","  237",",,T","  106",",,T","  173",",,T","  144",",,T","    0",",,T"
"USS0016A08S","2018-07-16","48.31","-116.07","1645.9","BEAR MOUNTAIN, ID US","    0",",,T","    0",",,T","  254",",,T","  133",",,T","  193",",,T","  164",",,T","    0",",,T"
"USS0016A08S","2018-07-17","48.31","-116.07","1645.9","BEAR MOUNTAIN, ID US","    0",",,T","    0",",,T","  251",",,T","  148",",,T","  200",",,T","  185",",,T","    0",",,T"
"USS0016A08S","2018-07-18","48.31","-116.07","1645.9","BEAR MOUNTAIN, ID US","    0",",,T","    0",",,T","  211",",,T","  149",",,T","  180",",,T","  155",",,T","    0",",,T"
"USS0016A08S","2018-07-19","48.31","-116.07","1645.9","BEAR MOUNTAIN, ID US","    0",",,T","    0",",,T","  215",",,T","  136",",,T","  174",",,T","  141",",,T","    0",",,T"
"USS0016A08S","2018-07-20","48.31","-116.07","1645.9","BEAR MOUNTAIN, ID US","    0",",,T","    0",",,T","  175",",,T","  112",",,T","  141",",,T","  116",",,T","    0",",,T"
"USS0016A08S","2018-07-21","48.31","-116.07","1645.9","BEAR MOUNTAIN, ID US","    0",",,T","    0",",,T","  172",",,T","   93",",,T","  133",",,T","   93",",,T","    0",",,T"
"USS0016A08S","2018-07-22","48.31","-116.07","1645.9","BEAR MOUNTAIN, ID US","    0",",,T","    0",",,T","  205",",,T","   78",",,T","  140",",,T","  122",",,T","    0",",,T"
"USS0016A08S","2018-07-23","48.31","-116.07","1645.9","BEAR MOUNTAIN, ID US","    0",",,T","    0",",,T","  226",",,T","  113",",,T","  168",",,T","  142",",,T","    0",",,T"
"USS0016A08S","2018-07-24","48.31","-116.07","1645.9","BEAR MOUNTAIN, ID US","    0",",,T","    0",",,T","  238",",,T","  119",",,T","  178",",,T","  151",",,T","    0",",,T"
"USS0016A08S","2018-07-25","48.31","-116.07","1645.9","BEAR MOUNTAIN, ID US","    0",",,T","    0",",,T","  234",",,T","  114",",,T","  178",",,T","  150",",,T","    0",",,T"
"USS0016A08S","2018-07-26","48.31","-116.07","1645.9","BEAR MOUNTAIN, ID US","    0",",,T","    0",",,T","  226",",,T","  128",",,T","  173",",,T","  150",",,T","    0",",,T"
"USS0016A08S","2018-07-27","48.31","-116.07","1645.9","BEAR MOUNTAIN, ID US","   25",",,T","    0",",,T","  197",",,T","  107",",,T","  153",",,T","  147",",,T","    0",",,T"
"USS0016A08S","2018-07-28","48.31","-116.07","1645.9","BEAR MOUNTAIN, ID US","    0",",,T","    0",",,T","  221",",,T","  104",",,T","  152",",,T","  120",",,T","    0",",,T"
"USS0016A08S","2018-07-29","48.31","-116.07","1645.9","BEAR MOUNTAIN, ID US","    0",",,T","    0",",,T","  241",",,T","  111",",,T","  175",",,T","  158",",,T","    0",",,T"
"USS0016A08S","2018-07-30","48.31","-116.07","1645.9","BEAR MOUNTAIN, ID US","    0",",,T","    0",",,T","  260",",,T","  145",",,T","  200",",,T","  175",",,T","    0",",,T"
"USS0016A08S","2018-07-31","48.31","-116.07","1645.9","BEAR MOUNTAIN, ID US","    0",",,T","    0",",,T","  254",",,T","  153",",,T","  198",",,T","  194",",,T","    0",",,T"
"USS0016A08S","2018-08-01","48.31","-116.07","1645.9","BEAR MOUNTAIN, ID US","    0",",,T","    0",",,T","  230",",,T","  152",",,T","  195",",,T","  167",",,T","    0",",,T"
"USS0016A08S","2018-08-02","48.31","-116.07","1645.9","BEAR MOUNTAIN, ID US","    0",",,T","    0",",,T","  192",",,T","  137",",,T","  168",",,T","  137",",,T","    0",",,T"
"USS0016A08S","2018-08-03","48.31","-116.07","1645.9","BEAR MOUNTAIN, ID US","    0",",,T","    0",",,T","  147",",,T","  107",",,T","  126",",,T","  115",",,T","    0",",,T"
"USS0016A08S","2018-08-04","48.31","-116.07","1645.9","BEAR MOUNTAIN, ID US","    0",",,T","    0",",,T","  183",",,T","   81",",,T","  126",",,T","  105",",,T","    0",",,T"
"USS0016A08S","2018-08-05","48.31","-116.07","1645.9","BEAR MOUNTAIN, ID US","    0",",,T","    0",",,T","  199",",,T","   96",",,T","  144",",,T","  130",",,T","    0",",,T"
"USS0016A08S","2018-08-06","48.31","-116.07","1645.9","BEAR MOUNTAIN, ID US","    0",",,T","    0",",,T","  223",",,T","  121",",,T","  173",",,T","  160",",,T","    0",",,T"
"USS0016A08S","2018-08-07","48.31","-116.07","1645.9","BEAR MOUNTAIN, ID US","    0",",,T","    0",",,T","  236",",,T","  131",",,T","  181",",,T","  156",",,T","    0",",,T"
"USS0016A08S","2018-08-08","48.31","-116.07","1645.9","BEAR MOUNTAIN, ID US","    0",",,T","    0",",,T","  254",",,T","  150",",,T","  199",",,T","  179",",,T","    0",",,T"
"USS0016A08S","2018-08-09","48.31","-116.07","1645.9","BEAR MOUNTAIN, ID US","    0",",,T","    0",",,T","  292",",,T","  173",",,T","  224",",,T","  211",",,T","    0",",,T"
"USS0016A08S","2018-08-10","48.31","-116.07","1645.9","BEAR MOUNTAIN, ID US","    0",",,T","    0",",,T","  317",",,T","  201",",,T","  253",",,T","  223",",,T","    0",",,T"
"USS0016A08S","2018-08-11","48.31","-116.07","1645.9","BEAR MOUNTAIN, ID US","    0",",,T","    0",",,T","  246",",,T","  135",",,T","  194",",,T","  136",",,T","    0",",,T"
"USS0016A08S","2018-08-12","48.31","-116.07","1645.9","BEAR MOUNTAIN, ID US","    0",",,T","    0",",,T","  138",",,T","   86",",,T","  114",",,T","   86",",,T","    0",",,T"
"USS0016A08S","2018-08-13","48.31","-116.07","1645.9","BEAR MOUNTAIN, ID US","    0",",,T","    0",",,T","  180",",,T","   64",",,T","  121",",,T","  108",",,T","    0",",,T"
"USS0016A08S","2018-08-14","48.31","-116.07","1645.9","BEAR MOUNTAIN, ID US","    0",",,T","    0",",,T","  199",",,T","   98",",,T","  148",",,T","  132",",,T","    0",",,T"
"USS0016A08S","2018-08-15","48.31","-116.07","1645.9","BEAR MOUNTAIN, ID US","    0",",,T","    0",",,T","  223",",,T","  125",",,T","  170",",,T","  147",",,T","    0",",,T"
"USS0016A08S","2018-08-16","48.31","-116.07","1645.9","BEAR MOUNTAIN, ID US","    0",",,T","    0",",,T","  227",",,T","  144",",,T","  184",",,T","  169",",,T","    0",",,T"
"USS0016A08S","2018-08-17","48.31","-116.07","1645.9","BEAR MOUNTAIN, ID US","    0",",,T","    0",",,T","  207",",,T","  151",",,T","  175",",,T","  163",",,T","    0",",,T"
"USS0016A08S","2018-08-18","48.31","-116.07","1645.9","BEAR MOUNTAIN, ID US","    0",",,T","    0",",,T","  198",",,T","  118",",,T","  157",",,T","  129",",,T","    0",",,T"
"USS0016A08S","2018-08-19","48.31","-116.07","1645.9","BEAR MOUNTAIN, ID US","    0",",,T","    0",",,T","  202",",,T","  116",",,T","  155",",,T","  141",",,T","    0",",,T"
"USS0016A08S","2018-08-20","48.31","-116.07","1645.9","BEAR MOUNTAIN, ID US","    0",",,T","    0",",,T","  141",",,T","  105",",,T","  118",",,T","  105",",,T","    0",",,T"
"USS0016A08S","2018-08-21","48.31","-116.07","1645.9","BEAR MOUNTAIN, ID US","    0",",,T","    0",",,T","  200",",,T","   87",",,T","  136",",,T","  121",",,T","    0",",,T"
"USS0016A08S","2018-08-22","48.31","-116.07","1645.9","BEAR MOUNTAIN, ID US","    0",",,T","    0",",,T","  198",",,T","  114",",,T","  158",",,T","  147",",,T","    0",",,T"
"USS0016A08S","2018-08-23","48.31","-116.07","1645.9","BEAR MOUNTAIN, ID US","    0",",,T","    0",",,T","  181",",,T","  117",",,T","  153",",,T","  134",",,T","    0",",,T"
"USS0016A08S","2018-08-24","48.31","-116.07","1645.9","BEAR MOUNTAIN, ID US","    0",",,T","    0",",,T","  137",",,T","   89",",,T","  111",",,T","   95",",,T","    0",",,T"
"USS0016A08S","2018-08-25","48.31","-116.07","1645.9","BEAR MOUNTAIN, ID US","    0",",,T","    0",",,T","  133",",,T","   56",",,T","   96",",,T","   88",",,T","    0",",,T"
"USS0016A08S","2018-08-26","48.31","-116.07","1645.9","BEAR MOUNTAIN, ID US","   76",",,T","    0",",,T","   88",",,T","   59",",,T","   72",",,T","   59",",,T","    0",",,T"
"USS0016A08S","2018-08-27","48.31","-116.07","1645.9","BEAR MOUNTAIN, ID US","   76",",,T","    0",",,T","  109",",,T","   52",",,T","   70",",,T","   77",",,T","    0",",,T"
"USS0016A08S","2018-08-28","48.31","-116.07","1645.9","BEAR MOUNTAIN, ID US","    0",",,T","    0",",,T","  133",",,T","   69",",,T","   97",",,T","   98",",,T","    0",",,T"
"USS0016A08S","2018-08-29","48.31","-116.07","1645.9","BEAR MOUNTAIN, ID US","    0",",,T","    0",",,T","  168",",,T","   65",",,T","  125",",,T","  124",",,T","    0",",,T"
"USS0016A08S","2018-08-30","48.31","-116.07","1645.9","BEAR MOUNTAIN, ID US","    0",",,T","    0",",,T","  147",",,T","   89",",,T","  118",",,T","  106",",,T","    0",",,T"
"USS0016A08S","2018-08-31","48.31","-116.07","1645.9","BEAR MOUNTAIN, ID US","    0",",,T","    0",",,T","  135",",,T","   66",",,T","  104",",,T","   93",",,T","    0",",,T"
"USS0016A08S","2018-09-01","48.31","-116.07","1645.9","BEAR MOUNTAIN, ID US","    0",",,T","    0",",,T","  142",",,T","   72",",,T","  101",",,T","   86",",,T","    0",",,T"
"USS0016A08S","2018-09-02","48.31","-116.07","1645.9","BEAR MOUNTAIN, ID US","    0",",,T","    0",",,T","  147",",,T","   55",",,T","  108",",,T","  101",",,T","    0",",,T"
"USS0016A08S","2018-09-03","48.31","-116.07","1645.9","BEAR MOUNTAIN, ID US","    0",",,T","    0",",,T","  149",",,T","   71",",,T","  111",",,T","   71",",,T","    0",",,T"
"USS0016A08S","2018-09-04","48.31","-116.07","1645.9","BEAR MOUNTAIN, ID US","    0",",,T","    0",",,T","  157",",,T","   47",",,T","  106",",,T","  110",",,T","    0",",,T"
"USS0016A08S","2018-09-05","48.31","-116.07","1645.9","BEAR MOUNTAIN, ID US","    0",",,T","    0",",,T","  189",",,T","   69",",,T","  128",",,T","  115",",,T","    0",",,T"
"USS0016A08S","2018-09-06","48.31","-116.07","1645.9","BEAR MOUNTAIN, ID US","    0",",,T","    0",",,T","  222",",,T","  106",",,T","  162",",,T","  156",",,T","    0",",,T"
"USS0016A08S","2018-09-07","48.31","-116.07","1645.9","BEAR MOUNTAIN, ID US","    0",",,T","    0",",,T","  198",",,T","  128",",,T","  160",",,T","  132",",,T","    0",",,T"
"USS0016A08S","2018-09-08","48.31","-116.07","1645.9","BEAR MOUNTAIN, ID US","    0",",,T","    0",",,T","  147",",,T","   78",",,T","  118",",,T","   96",",,T","    0",",,T"
"USS0016A08S","2018-09-09","48.31","-116.07","1645.9","BEAR MOUNTAIN, ID US","    0",",,T","    0",",,T","  148",",,T","   79",",,T","  108",",,T","  116",",,T","    0",",,T"
"USS0016A08S","2018-09-10","48.31","-116.07","1645.9","BEAR MOUNTAIN, ID US","    0",",,T","    0",",,T","  116",",,T","   68",",,T","   92",",,T","   68",",,T","    0",",,T"
"USS0016A08S","2018-09-11","48.31","-116.07","1645.9","BEAR MOUNTAIN, ID US","    0",",,T","    0",",,T","  103",",,T","   52",",,T","   74",",,T","   56",",,T","    0",",,T"
"USS0016A08S","2018-09-12","48.31","-116.07","1645.9","BEAR MOUNTAIN, ID US","    0",",,T","    0",",,T","   79",",,T","   37",",,T","   57",",,T","   39",",,T","    0",",,T"
"USS0016A08S","2018-09-13","48.31","-116.07","1645.9","BEAR MOUNTAIN, ID US","    0",",,T","    0",",,T","   82",",,T","   37",",,T","   58",",,T","   43",",,T","    0",",,T"
"USS0016A08S","2018-09-14","48.31","-116.07","1645.9","BEAR MOUNTAIN, ID US","   25",",,T","    0",",,T","  131",",,T","   25",",,T","   76",",,T","   52",",,T","    0",",,T"
"USS0016A08S","2018-09-15","48.31","-116.07","1645.9","BEAR MOUNTAIN, ID US","    0",",,T","    0",",,T","  135",",,T","   44",",,T","   89",",,T","   70",",,T","    0",",,T"
"USS0016A08S","2018-09-16","48.31","-116.07","1645.9","BEAR MOUNTAIN, ID US","   76",",,T","    0",",,T","   83",",,T","   45",",,T","   61",",,T","   56",",,T","    0",",,T"
"USS0016A08S","2018-09-17","48.31","-116.07","1645.9","BEAR MOUNTAIN, ID US","    0",",,T","    0",",,T","  100",",,T","   32",",,T","   60",",,T","   35",",,T","    0",",,T"
"USS0016A08S","2018-09-18","48.31","-116.07","1645.9","BEAR MOUNTAIN, ID US","    0",",,T","    0",",,T","  126",",,T","   19",",,T","   65",",,T","   43",",,T","    0",",,T"
"USS0016A08S","2018-09-19","48.31","-116.07","1645.9","BEAR MOUNTAIN, ID US","    0",",,T","    0",",,T","  119",",,T","   31",",,T","   73",",,T","   53",",,T","    0",",,T"
"USS0016A08S","2018-09-20","48.31","-116.07","1645.9","BEAR MOUNTAIN, ID US","    0",",,T","    0",",,T","   89",",,T","   31",",,T","   62",",,T","   50",",,T","    0",",,T"
"USS0016A08S","2018-09-21","48.31","-116.07","1645.9","BEAR MOUNTAIN, ID US","    0",",,T","    0",",,T","  128",",,T","   50",",,T","   94",",,T","  112",",,T","    0",",,T"
"USS0016A08S","2018-09-22","48.31","-116.07","1645.9","BEAR MOUNTAIN, ID US","    0",",,T","    0",",,T","  115",",,T","   68",",,T","   88",",,T","   69",",,T","    0",",,T"
"USS0016A08S","2018-09-23","48.31","-116.07","1645.9","BEAR MOUNTAIN, ID US","  102",",,T","    0",",,T","   70",",,T","   43",",,T","   50",",,T","   45",",,T","    0",",,T"
"USS0016A08S","2018-09-24","48.31","-116.07","1645.9","BEAR MOUNTAIN, ID US","    0",",,T","    0",",,T","   88",",,T","   25",",,T","   53",",,T","   30",",,T","    0",",,T"
"USS0016A08S","2018-09-25","48.31","-116.07","1645.9","BEAR MOUNTAIN, ID US","   25",",,T","    0",",,T","  109",",,T","   19",",,T","   64",",,T","   81",",,T","    0",",,T"
"USS0016A08S","2018-09-26","48.31","-116.07","1645.9","BEAR MOUNTAIN, ID US","    0",",,T","    0",",,T","  127",",,T","   49",",,T","   96",",,T","  104",",,T","    0",",,T"
"USS0016A08S","2018-09-27","48.31","-116.07","1645.9","BEAR MOUNTAIN, ID US","    0",",,T","    0",",,T","  138",",,T","   43",",,T","   97",",,T","   43",",,T","    0",",,T"
"USS0016A08S","2018-09-28","48.31","-116.07","1645.9","BEAR MOUNTAIN, ID US","    0",",,T","    0",",,T","   95",",,T","   19",",,T","   55",",,T","   38",",,T","    0",",,T"
"USS0016A08S","2018-09-29","48.31","-116.07","1645.9","BEAR MOUNTAIN, ID US","    0",",,T","    0",",,T","   60",",,T","   -3",",,T","   26",",,T","   -3",",,T","    0",",,T"
"USS0016A08S","2018-09-30","48.31","-116.07","1645.9","BEAR MOUNTAIN, ID US","    0",",,T","    0",",,T","   52",",,T","   -9",",,T","   19",",,T","   44",",,T","    0",",,T"
"USS0016A08S","2018-10-01","48.31","-116.07","1645.9","BEAR MOUNTAIN, ID US","    0",",,T","    0",",,T","   84",",,T","   34",",,T","   68",",,T","   72",",,T","    0",",,T"
"USS0016A08S","2018-10-02","48.31","-116.07","1645.9","BEAR MOUNTAIN, ID US","  178",",,T","   25",",,T","   72",",,T","   -1",",,T","   56",",,T","   -1",",,T","   51",",,T"
"USS0016A08S","2018-10-03","48.31","-116.07","1645.9","BEAR MOUNTAIN, ID US","   25",",,T","   25",",,T","   43",",,T","   -9",",,T","    8",",,T","    3",",,T","   51",",,T"
"USS0016A08S","2018-10-04","48.31","-116.07","1645.9","BEAR MOUNTAIN, ID US","    0",",,T","   25",",,T","   44",",,T","   -3",",,T","   20",",,T","    9",",,T","   25",",,T"
"USS0016A08S","2018-10-05","48.31","-116.07","1645.9","BEAR MOUNTAIN, ID US","    0",",,T","   25",",,T","   56",",,T","   -8",",,T","   24",",,T","   13",",,T","   25",",,T"
"USS0016A08S","2018-10-06","48.31","-116.07","1645.9","BEAR MOUNTAIN, ID US","   25",",,T","   25",",,T","   27",",,T","   -4",",,T","   11",",,T","   -4",",,T","   25",",,T"
"USS0016A08S","2018-10-07","48.31","-116.07","1645.9","BEAR MOUNTAIN, ID US","    0",",,T","   25",",,T","   55",",,T","   -5",",,T","   20",",,T","   15",",,T","   25",",,T"
"USS0016A08S","2018-10-08","48.31","-116.07","1645.9","BEAR MOUNTAIN, ID US","   25",",,T","   25",",,T","   56",",,T","    7",",,T","   32",",,T","   31",",,T","   25",",,T"
"USS0016A08S","2018-10-09","48.31","-116.07","1645.9","BEAR MOUNTAIN, ID US","   25",",,T","    0",",,T","   46",",,T","   -4",",,T","   14",",,T","   -4",",,T","    0",",,T"
"USS0016A08S","2018-10-10","48.31","-116.07","1645.9","BEAR MOUNTAIN, ID US","    0",",,T","    0",",,T","   37",",,T","  -11",",,T","    5",",,T","   -9",",,T","    0",",,T"
"USS0016A08S","2018-10-11","48.31","-116.07","1645.9","BEAR MOUNTAIN, ID US","    0",",,T","    0",",,T","   50",",,T","  -14",",,T","   20",",,T","   28",",,T","    0",",,T"
"USS0016A08S","2018-10-12","48.31","-116.07","1645.9","BEAR MOUNTAIN, ID US","   25",",,T","    0",",,T","   72",",,T","   15",",,T","   41",",,T","   23",",,T","    0",",,T"
"USS0016A08S","2018-10-13","48.31","-116.07","1645.9","BEAR MOUNTAIN, ID US","    0",",,T","    0",",,T","   38",",,T","  -17",",,T","    8",",,T","   -4",",,T","    0",",,T"
"USS0016A08S","2018-10-14","48.31","-116.07","1645.9","BEAR MOUNTAIN, ID US","    0",",,T","    0",",,T","   49",",,T","  -24",",,T","   13",",,T","   18",",,T","    0",",,T"
"USS0016A08S","2018-10-15","48.31","-116.07","1645.9","BEAR MOUNTAIN, ID US","    0",",,T","    0",",,T","   74",",,T","   -5",",,T","   27",",,T","   16",",,T","    0",",,T"
"USS0016A08S","2018-10-16","48.31","-116.07","1645.9","BEAR MOUNTAIN, ID US","    0",",,T","    0",",,T","  107",",,T","   11",",,T","   52",",,T","   42",",,T","    0",",,T"
"USS0016A08S","2018-10-17","48.31","-116.07","1645.9","BEAR MOUNTAIN, ID US","    0",",,T","    0",",,T","  132",",,T","   31",",,T","   72",",,T","   52",",,T","    0",",,T"
"USS0016A08S","2018-10-18","48.31","-116.07","1645.9","BEAR MOUNTAIN, ID US","    0",",,T","    0",",,T","  120",",,T","   38",",,T","   67",",,T","   47",",,T","    0",",,T"
"USS0016A08S","2018-10-19","48.31","-116.07","1645.9","BEAR MOUNTAIN, ID US","    0",",,T","    0",",,T","  126",",,T","   42",",,T","   77",",,T","   54",",,T","    0",",,T"
"USS0016A08S","2018-10-20","48.31","-116.07","1645.9","BEAR MOUNTAIN, ID US","    0",",,T","    0",",,T","  138",",,T","   52",",,T","   84",",,T","   64",",,T","    0",",,T"
"USS0016A08S","2018-10-21","48.31","-116.07","1645.9","BEAR MOUNTAIN, ID US","    0",",,T","    0",",,T","  130",",,T","   44",",,T","   77",",,T","   46",",,T","    0",",,T"
"USS0016A08S","2018-10-22","48.31","-116.07","1645.9","BEAR MOUNTAIN, ID US","    0",",,T","    0",",,T","  119",",,T","   37",",,T","   71",",,T","   53",",,T","    0",",,T"
"USS0016A08S","2018-10-23","48.31","-116.07","1645.9","BEAR MOUNTAIN, ID US","    0",",,T","    0",",,T","  145",",,T","   41",",,T","   88",",,T","   62",",,T","    0",",,T"
"USS0016A08S","2018-10-24","48.31","-116.07","1645.9","BEAR MOUNTAIN, ID US","    0",",,T","    0",",,T","   76",",,T","   34",",,T","   54",",,T","   34",",,T","    0",",,T"
"USS0016A08S","2018-10-25","48.31","-116.07","1645.9","BEAR MOUNTAIN, ID US","  102",",,T","    0",",,T","   64",",,T","   22",",,T","   38",",,T","   38",",,T","    0",",,T"
"USS0016A08S","2018-10-26","48.31","-116.07","1645.9","BEAR MOUNTAIN, ID US","  178",",,T","    0",",,T","   69",",,T","   38",",,T","   55",",,T","   44",",,T","    0",",,T"
"USS0016A08S","2018-10-27","48.31","-116.07","1645.9","BEAR MOUNTAIN, ID US","   25",",,T","    0",",,T","   53",",,T","    4",",,T","   27",",,T","   22",",,T","    0",",,T"
"USS0016A08S","2018-10-28","48.31","-116.07","1645.9","BEAR MOUNTAIN, ID US","  330",",,T","    0",",,T","   64",",,T","   18",",,T","   36",",,T","   22",",,T","    0",",,T"
"USS0016A08S","2018-10-29","48.31","-116.07","1645.9","BEAR MOUNTAIN, ID US","  127",",,T","   25",",,T","   22",",,T","    6",",,T","   11",",,T","   13",",,T","  102",",,T"
"USS0016A08S","2018-10-30","48.31","-116.07","1645.9","BEAR MOUNTAIN, ID US","    0",",,T","   25",",,T","   13",",,T","    3",",,T","    7",",,T","    3",",,T","   76",",,T"
"USS0016A08S","2018-10-31","48.31","-116.07","1645.9","BEAR MOUNTAIN, ID US","  152",",,T","  102",",,T","   31",",,T","   -3",",,T","    8",",,T","   31",",,T","  229",",,T"
"USS0016A08S","2018-11-01","48.31","-116.07","1645.9","BEAR MOUNTAIN, ID US","  203",",,T","   25",",,T","   61",",,T","   28",",,T","   42",",,T","   59",",,T","  152",",,T"
"USS0016A08S","2018-11-02","48.31","-116.07","1645.9","BEAR MOUNTAIN, ID US","  178",",,T","    0",",,T","   59",",,T","   26",",,T","   41",",,T","   26",",,T","    0",",,T"
"USS0016A08S","2018-11-03","48.31","-116.07","1645.9","BEAR MOUNTAIN, ID US","  102",",,T","   51",",,T","   28",",,T","    9",",,T","   18",",,T","    9",",,T","   76",",,T"
"USS0016A08S","2018-11-04","48.31","-116.07","1645.9","BEAR MOUNTAIN, ID US","  330",",,T","  178",",,T","   27",",,T","    3",",,T","   14",",,T","   10",",,T","  356",",,T"
"USS0016A08S","2018-11-05","48.31","-116.07","1645.9","BEAR MOUNTAIN, ID US","   51",",,T","  203",",,T","   11",",,T","   -1",",,T","    5",",,T","    1",",,T","  406",",,T"
"USS0016A08S","2018-11-06","48.31","-116.07","1645.9","BEAR MOUNTAIN, ID US","   25",",,T","  203",",,T","    5",",,T","   -8",",,T","   -1",",,T","   -4",",,T","  432",",,T"
"USS0016A08S","2018-11-07","48.31","-116.07","1645.9","BEAR MOUNTAIN, ID US","    0",",,T","  203",",,T","   12",",,T","  -47",",,T","  -15",",,T","  -45",",,T","  406",",,T"
"USS0016A08S","2018-11-08","48.31","-116.07","1645.9","BEAR MOUNTAIN, ID US","    0",",,T","  229",",,T","  -26",",,T","  -59",",,T","  -44",",,T","  -53",",,T","  406",",,T"
"USS0016A08S","2018-11-09","48.31","-116.07","1645.9","BEAR MOUNTAIN, ID US","   51",",,T","  203",",,T","  -17",",,T","  -60",",,T","  -37",",,T","  -41",",,T","  508",",,T"
"USS0016A08S","2018-11-10","48.31","-116.07","1645.9","BEAR MOUNTAIN, ID US","    0",",,T","  229",",,T","  -19",",,T","  -47",",,T","  -39",",,T","  -39",",,T","  483",",,T"
"USS0016A08S","2018-11-11","48.31","-116.07","1645.9","BEAR MOUNTAIN, ID US","    0",",,T","  254",",,T","  -25",",,T","  -71",",,T","  -47",",,T","  -68",",,T","  483",",,T"
"USS0016A08S","2018-11-12","48.31","-116.07","1645.9","BEAR MOUNTAIN, ID US","    0",",,T","  254",",,T","   -9",",,T","  -73",",,T","  -48",",,T","  -52",",,T","  483",",,T"
"USS0016A08S","2018-11-13","48.31","-116.07","1645.9","BEAR MOUNTAIN, ID US","    0",",,T","  254",",,T","   26",",,T","  -53",",,T","   -7",",,T","   14",",,T","  508",",,T"
"USS0016A08S","2018-11-14","48.31","-116.07","1645.9","BEAR MOUNTAIN, ID US","    0",",,T","  254",",,T","   16",",,T","  -15",",,T","    6",",,T","  -15",",,T","  508",",,T"
"USS0016A08S","2018-11-15","48.31","-116.07","1645.9","BEAR MOUNTAIN, ID US","   51",",,T","  254",",,T","   12",",,T","  -18",",,T","    3",",,T","    9",",,T","  508",",,T"
"USS0016A08S","2018-11-16","48.31","-116.07","1645.9","BEAR MOUNTAIN, ID US","    0",",,T","  254",",,T","   13",",,T","  -57",",,T","  -13",",,T","  -57",",,T","  533",",,T"
"USS0016A08S","2018-11-17","48.31","-116.07","1645.9","BEAR MOUNTAIN, ID US","    0",",,T","  229",",,T","  -16",",,T","  -69",",,T","  -52",",,T","  -63",",,T","  533",",,T"
"USS0016A08S","2018-11-18","48.31","-116.07","1645.9","BEAR MOUNTAIN, ID US","    0",",,T","  203",",,T","   -4",",,T","  -66",",,T","  -33",",,T","  -41",",,T","  533",",,T"
"USS0016A08S","2018-11-19","48.31","-116.07","1645.9","BEAR MOUNTAIN, ID US","    0",",,T","  203",",,T","   23",",,T","  -46",",,T","  -16",",,T","  -10",",,T","  584",",,T"
"USS0016A08S","2018-11-20","48.31","-116.07","1645.9","BEAR MOUNTAIN, ID US","    0",",,T","  229",",,T","   53",",,T","  -16",",,T","    8",",,T","  -15",",,T","  584",",,T"
"USS0016A08S","2018-11-21","48.31","-116.07","1645.9","BEAR MOUNTAIN, ID US","   25",",,T","  203",",,T","   59",",,T","  -18",",,T","   19",",,T","   27",",,T","  584",",,T"
"USS0016A08S","2018-11-22","48.31","-116.07","1645.9","BEAR MOUNTAIN, ID US","  203",",,T","  381",",,T","   30",",,T","   -5",",,T","    7",",,T","   -5",",,T","  787",",,T"
"USS0016A08S","2018-11-23","48.31","-116.07","1645.9","BEAR MOUNTAIN, ID US","  305",",,T","  584",",,T","   -5",",,T","  -16",",,T","  -12",",,T","  -14",",,T"," 1118",",,T"
"USS0016A08S","2018-11-24","48.31","-116.07","1645.9","BEAR MOUNTAIN, ID US","    0",",,T","  584",",,T","   -5",",,T","  -46",",,T","  -25",",,T","  -29",",,T"," 1092",",,T"
"USS0016A08S","2018-11-25","48.31","-116.07","1645.9","BEAR MOUNTAIN, ID US","    0",",,T","  559",",,T","   -3",",,T","  -50",",,T","  -32",",,T","  -47",",,T"," 1092",",,T"
"USS0016A08S","2018-11-26","48.31","-116.07","1645.9","BEAR MOUNTAIN, ID US","  102",",,T","  610",",,T","   16",",,T","  -51",",,T","  -17",",,T","   15",",,T"," 1219",",,T"
"USS0016A08S","2018-11-27","48.31","-116.07","1645.9","BEAR MOUNTAIN, ID US","  305",",,T","  686",",,T","   21",",,T","    6",",,T","   10",",,T","    9",",,T"," 1499",",,T"
"USS0016A08S","2018-11-28","48.31","-116.07","1645.9","BEAR MOUNTAIN, ID US","  152",",,T","  737",",,T","   11",",,T","    0",",,T","    5",",,T","    0",",,T"," 1651",",,T"
"USS0016A08S","2018-11-29","48.31","-116.07","1645.9","BEAR MOUNTAIN, ID US","   51",",,T","  762",",,T","   15",",,T","  -24",",,T","   -4",",,T","  -15",",,T"," 1676",",,T"
"USS0016A08S","2018-11-30","48.31","-116.07","1645.9","BEAR MOUNTAIN, ID US","   25",",,T","  787",",,T","   15",",,T","  -34",",,T","  -17",",,T","  -29",",,T"," 1727",",,T"
"USS0016A08S","2018-12-01","48.31","-116.07","1645.9","BEAR MOUNTAIN, ID US","    0",",,T","  762",",,T","  -10",",,T","  -72",",,T","  -46",",,T","  -61",",,T"," 1727",",,T"
"USS0016A08S","2018-12-02","48.31","-116.07","1645.9","BEAR MOUNTAIN, ID US","   25",",,T","  762",",,T","  -21",",,T","  -68",",,T","  -46",",,T","  -53",",,T"," 1727",",,T"
"USS0016A08S","2018-12-03","48.31","-116.07","1645.9","BEAR MOUNTAIN, ID US","   51",",,T","  787",",,T","  -34",",,T","  -62",",,T","  -50",",,T","  -62",",,T"," 1803",",,T"
"USS0016A08S","2018-12-04","48.31","-116.07","1645.9","BEAR MOUNTAIN, ID US","    0",",,T","  787",",,T","  -52",",,T","  -75",",,T","  -64",",,T","  -75",",,T"," 1803",",,T"
"USS0016A08S","2018-12-05","48.31","-116.07","1645.9","BEAR MOUNTAIN, ID US","    0",",,T","  787",",,T","  -53",",,T"," -125",",,T","  -85",",,T"," -125",",,T"," 1803",",,T"
"USS0016A08S","2018-12-06","48.31","-116.07","1645.9","BEAR MOUNTAIN, ID US","    0",",,T","  737",",,T","  -92",",,T"," -136",",,T"," -120",",,T"," -130",",,T"," 1778",",,T"
"USS0016A08S","2018-12-07","48.31","-116.07","1645.9","BEAR MOUNTAIN, ID US","    0",",,T","  737",",,T","  -59",",,T"," -142",",,T"," -101",",,T","  -65",",,T"," 1803",",,T"
"USS0016A08S","2018-12-08","48.31","-116.07","1645.9","BEAR MOUNTAIN, ID US","   25",",,T","  711",",,T","  -28",",,T","  -65",",,T","  -48",",,T","  -41",",,T"," 1829",",,T"
"USS0016A08S","2018-12-09","48.31","-116.07","1645.9","BEAR MOUNTAIN, ID US","    0",",,T","  686",",,T","   -3",",,T","  -41",",,T","  -25",",,T","  -20",",,T"," 1829",",,T"
"USS0016A08S","2018-12-10","48.31","-116.07","1645.9","BEAR MOUNTAIN, ID US","   76",",,T","  787",",,T","  -19",",,T","  -37",",,T","  -26",",,T","  -37",",,T"," 1905",",,T"
"USS0016A08S","2018-12-11","48.31","-116.07","1645.9","BEAR MOUNTAIN, ID US","  432",",,T"," 1092",",,T","   -6",",,T","  -37",",,T","  -23",",,T","   -7",",,T"," 2337",",,T"
"USS0016A08S","2018-12-12","48.31","-116.07","1645.9","BEAR MOUNTAIN, ID US","  127",",,T"," 1143",",,T","   -7",",,T","  -39",",,T","  -30",",,T","  -37",",,T"," 2464",",,T"
"USS0016A08S","2018-12-13","48.31","-116.07","1645.9","BEAR MOUNTAIN, ID US","  178",",,T"," 1219",",,T","  -12",",,T","  -37",",,T","  -24",",,T","  -13",",,T"," 2642",",,T"
"USS0016A08S","2018-12-14","48.31","-116.07","1645.9","BEAR MOUNTAIN, ID US","  152",",,T"," 1245",",,T","   33",",,T","  -36",",,T","   -2",",,T","   -9",",,T"," 2769",",,T"
"USS0016A08S","2018-12-15","48.31","-116.07","1645.9","BEAR MOUNTAIN, ID US","  127",",,T"," 1194",",,T","   -9",",,T","  -57",",,T","  -38",",,T","  -42",",,T"," 2896",",,T"
"USS0016A08S","2018-12-16","48.31","-116.07","1645.9","BEAR MOUNTAIN, ID US","  229",",,T"," 1321",",,T","   16",",,T","  -42",",,T","    3",",,T","   16",",,T"," 3150",",,T"
"USS0016A08S","2018-12-17","48.31","-116.07","1645.9","BEAR MOUNTAIN, ID US","  127",",,T"," 1346",",,T","   16",",,T","   -5",",,T","    5",",,T","    4",",,T"," 3251",",,T"
"USS0016A08S","2018-12-18","48.31","-116.07","1645.9","BEAR MOUNTAIN, ID US","  457",",,T"," 1575",",,T","   11",",,T","   -5",",,T","    0",",,T","   -5",",,T"," 3708",",,T"
"USS0016A08S","2018-12-19","48.31","-116.07","1645.9","BEAR MOUNTAIN, ID US","    0",",,T"," 1549",",,T","   -5",",,T","  -23",",,T","  -18",",,T","  -20",",,T"," 3708",",,T"
"USS0016A08S","2018-12-20","48.31","-116.07","1645.9","BEAR MOUNTAIN, ID US","  152",",,T"," 1575",",,T","   12",",,T","  -25",",,T","   -4",",,T","  -17",",,T"," 3861",",,T"
"USS0016A08S","2018-12-21","48.31","-116.07","1645.9","BEAR MOUNTAIN, ID US","    0",",,T"," 1549",",,T","  -17",",,T","  -65",",,T","  -51",",,T","  -64",",,T"," 3886",",,T"
"USS0016A08S","2018-12-22","48.31","-116.07","1645.9","BEAR MOUNTAIN, ID US","    0",",,T"," 1524",",,T","  -53",",,T","  -86",",,T","  -73",",,T","  -68",",,T"," 3861",",,T"
"USS0016A08S","2018-12-23","48.31","-116.07","1645.9","BEAR MOUNTAIN, ID US","  178",",,T"," 1600",",,T","  -21",",,T","  -68",",,T","  -33",",,T","  -25",",,T"," 4039",",,T"
"USS0016A08S","2018-12-24","48.31","-116.07","1645.9","BEAR MOUNTAIN, ID US","    0",",,T"," 1448",",,T","   -5",",,T","  -43",",,T","  -28",",,T","  -43",",,T"," 4039",",,T"
"USS0016A08S","2018-12-25","48.31","-116.07","1645.9","BEAR MOUNTAIN, ID US","   25",",,T"," 1473",",,T","  -25",",,T","  -66",",,T","  -51",",,T","  -61",",,T"," 4039",",,T"
"USS0016A08S","2018-12-26","48.31","-116.07","1645.9","BEAR MOUNTAIN, ID US","    0",",,T"," 1499",",,T","  -52",",,T","  -82",",,T","  -70",",,T","  -79",",,T"," 4039",",,T"
"USS0016A08S","2018-12-27","48.31","-116.07","1645.9","BEAR MOUNTAIN, ID US","    0",",,T"," 1448",",,T","  -49",",,T","  -99",",,T","  -78",",,T","  -81",",,T"," 4039",",,T"
"USS0016A08S","2018-12-28","48.31","-116.07","1645.9","BEAR MOUNTAIN, ID US","   25",",,T"," 1549",",,T","  -53",",,T","  -86",",,T","  -72",",,T","  -53",",,T"," 4064",",,T"
"USS0016A08S","2018-12-29","48.31","-116.07","1645.9","BEAR MOUNTAIN, ID US","  610",",,T"," 1626",",,T","    5",",,T","  -54",",,T","  -15",",,T","   -2",",,T"," 4699",",,T"
"USS0016A08S","2018-12-30","48.31","-116.07","1645.9","BEAR MOUNTAIN, ID US","  127",",,T"," 1676",",,T","   -2",",,T","  -90",",,T","  -43",",,T","  -88",",,T"," 4826",",,T"
"USS0016A08S","2018-12-31","48.31","-116.07","1645.9","BEAR MOUNTAIN, ID US","    0",",,T"," 1499",",,T","  -65",",,T"," -109",",,T","  -92",",,T","  -93",",,T"," 4826",",,T"
"USS0016A08S","2019-01-01","48.31","-116.07","1645.9","BEAR MOUNTAIN, ID US","   25",",,T"," 1524",",,T","  -72",",,T","  -93",",,T","  -80",",,T","  -73",",,T"," 4826",",,T"
"USS0016A08S","2019-01-02","48.31","-116.07","1645.9","BEAR MOUNTAIN, ID US","   25",",,T"," 1524",",,T","  -27",",,T","  -84",",,T","  -53",",,T","  -27",",,T"," 4851",",,T"
"USS0016A08S","2019-01-03","48.31","-116.07","1645.9","BEAR MOUNTAIN, ID US","  254",",,T"," 1727",",,T","    4",",,T","  -27",",,T","  -11",",,T","   -1",",,T"," 5080",",,T"
"USS0016A08S","2019-01-04","48.31","-116.07","1645.9","BEAR MOUNTAIN, ID US","  152",",,T"," 1803",",,T","    0",",,T","  -16",",,T","   -6",",,T","  -16",",,T"," 5258",",,T"
"USS0016A08S","2019-01-05","48.31","-116.07","1645.9","BEAR MOUNTAIN, ID US","   25",",,T"," 1778",",,T","    9",",,T","  -29",",,T","  -11",",,T","    1",",,T"," 5258",",,T"
"USS0016A08S","2019-01-06","48.31","-116.07","1645.9","BEAR MOUNTAIN, ID US","  127",",,T"," 1803",",,T","    1",",,T","  -36",",,T","  -23",",,T","  -35",",,T"," 5410",",,T"
"USS0016A08S","2019-01-07","48.31","-116.07","1645.9","BEAR MOUNTAIN, ID US","  203",",,T"," 2032",",,T","  -34",",,T","  -87",",,T","  -50",",,T","  -87",",,T"," 5639",",,T"
"USS0016A08S","2019-01-08","48.31","-116.07","1645.9","BEAR MOUNTAIN, ID US","  127",",,T"," 2007",",,T","  -24",",,T"," -106",",,T","  -70",",,T","  -24",",,T"," 5766",",,T"
"USS0016A08S","2019-01-09","48.31","-116.07","1645.9","BEAR MOUNTAIN, ID US","  178",",,T"," 2007",",,T","   19",",,T","  -24",",,T","   11",",,T","   13",",,T"," 5994",",,T"
"USS0016A08S","2019-01-10","48.31","-116.07","1645.9","BEAR MOUNTAIN, ID US","  152",",,T"," 2134",",,T","   13",",,T","  -19",",,T","    6",",,T","  -10",",,T"," 6172",",,T"
"USS0016A08S","2019-01-11","48.31","-116.07","1645.9","BEAR MOUNTAIN, ID US","    0",",,T"," 2057",",,T","    6",",,T","  -44",",,T","  -24",",,T","  -34",",,T"," 6147",",,T"
"USS0016A08S","2019-01-12","48.31","-116.07","1645.9","BEAR MOUNTAIN, ID US","    0",",,T"," 1880",",,T","   16",",,T","  -44",",,T","  -26",",,T","  -42",",,T"," 6172",",,T"
"USS0016A08S","2019-01-13","48.31","-116.07","1645.9","BEAR MOUNTAIN, ID US","    0",",,T"," 1880",",,T","    7",",,T","  -51",",,T","  -32",",,T","  -42",",,T"," 6172",",,T"
"USS0016A08S","2019-01-14","48.31","-116.07","1645.9","BEAR MOUNTAIN, ID US","    0",",,T"," 1905",",,T","    6",",,T","  -57",",,T","  -33",",,T","  -56",",,T"," 6172",",,T"
"USS0016A08S","2019-01-15","48.31","-116.07","1645.9","BEAR MOUNTAIN, ID US","    0",",,T"," 1905",",,T","  -31",",,T","  -92",",,T","  -59",",,T","  -31",",,T"," 6172",",,T"
"USS0016A08S","2019-01-16","48.31","-116.07","1645.9","BEAR MOUNTAIN, ID US","    0",",,T"," 1854",",,T","    7",",,T","  -49",",,T","  -24",",,T","  -38",",,T"," 6172",",,T"
"USS0016A08S","2019-01-17","48.31","-116.07","1645.9","BEAR MOUNTAIN, ID US","  102",",,T"," 2007",",,T","   -7",",,T","  -38",",,T","  -27",",,T","   -9",",,T"," 6325",",,T"
"USS0016A08S","2019-01-18","48.31","-116.07","1645.9","BEAR MOUNTAIN, ID US","  102",",,T"," 2083",",,T","   -9",",,T","  -28",",,T","  -18",",,T","  -23",",,T"," 6426",",,T"
"USS0016A08S","2019-01-19","48.31","-116.07","1645.9","BEAR MOUNTAIN, ID US","  127",",,T"," 2108",",,T","    5",",,T","  -26",",,T","  -10",",,T","  -19",",,T"," 6553",",,T"
"USS0016A08S","2019-01-20","48.31","-116.07","1645.9","BEAR MOUNTAIN, ID US","    0",",,T"," 2083",",,T","  -15",",,T","  -66",",,T","  -33",",,T","  -66",",,T"," 6604",",,T"
"USS0016A08S","2019-01-21","48.31","-116.07","1645.9","BEAR MOUNTAIN, ID US","   25",",,T"," 2083",",,T","   -8",",,T","  -83",",,T","  -58",",,T","  -56",",,T"," 6579",",,T"
"USS0016A08S","2019-01-22","48.31","-116.07","1645.9","BEAR MOUNTAIN, ID US","   51",",,T"," 2108",",,T","  -41",",,T","  -59",",,T","  -49",",,T","  -44",",,T"," 6655",",,T"
"USS0016A08S","2019-01-23","48.31","-116.07","1645.9","BEAR MOUNTAIN, ID US","  178",",,T"," 2134",",,T","    4",",,T","  -48",",,T","  -34",",,T","  -42",",,T"," 6782",",,T"
"USS0016A08S","2019-01-24","48.31","-116.07","1645.9","BEAR MOUNTAIN, ID US","    0",",,T"," 2159",",,T","  -22",",,T","  -51",",,T","  -39",",,T","  -31",",,T"," 6782",",,T"
"USS0016A08S","2019-01-25","48.31","-116.07","1645.9","BEAR MOUNTAIN, ID US","   25",",,T"," 2159",",,T","   -5",",,T","  -31",",,T","  -21",",,T","  -23",",,T"," 6807",",,T"
"USS0016A08S","2019-01-26","48.31","-116.07","1645.9","BEAR MOUNTAIN, ID US","    0",",,T"," 2134",",,T","   10",",,T","  -28",",,T","  -11",",,T","    1",",,T"," 6807",",,T"
"USS0016A08S","2019-01-27","48.31","-116.07","1645.9","BEAR MOUNTAIN, ID US","    0",",,T"," 1981",",,T","   13",",,T","  -51",",,T","  -15",",,T","  -36",",,T"," 6807",",,T"
"USS0016A08S","2019-01-28","48.31","-116.07","1645.9","BEAR MOUNTAIN, ID US","    0",",,T"," 2057",",,T","  -10",",,T","  -90",",,T","  -55",",,T","  -80",",,T"," 6807",",,T"
"USS0016A08S","2019-01-29","48.31","-116.07","1645.9","BEAR MOUNTAIN, ID US","    0",",,T"," 2032",",,T","  -19",",,T","  -98",",,T","  -65",",,T","  -75",",,T"," 6807",",,T"
"USS0016A08S","2019-01-30","48.31","-116.07","1645.9","BEAR MOUNTAIN, ID US","    0",",,T"," 2032",",,T","  -22",",,T","  -75",",,T","  -48",",,T","  -40",",,T"," 6807",",,T"
"USS0016A08S","2019-01-31","48.31","-116.07","1645.9","BEAR MOUNTAIN, ID US","    0",",,T"," 1981",",,T","   19",",,T","  -40",",,T","   -8",",,T","   19",",,T"," 6807",",,T"
"USS0016A08S","2019-02-01","48.31","-116.07","1645.9","BEAR MOUNTAIN, ID US","  229",",,T"," 2134",",,T","   23",",,T","    3",",,T","   11",",,T","    4",",,T"," 7061",",,T"
"USS0016A08S","2019-02-02","48.31","-116.07","1645.9","BEAR MOUNTAIN, ID US","  279",",,T"," 2261",",,T","   11",",,T","   -9",",,T","    5",",,T","   -2",",,T"," 7366",",,T"
"USS0016A08S","2019-02-03","48.31","-116.07","1645.9","BEAR MOUNTAIN, ID US","   51",",,T"," 2388",",,T","    0",",,T"," -169",",,T","  -70",",,T"," -169",",,T"," 7442",",,T"
"USS0016A08S","2019-02-04","48.31","-116.07","1645.9","BEAR MOUNTAIN, ID US","    0",",,T"," 2362",",,T"," -142",",,T"," -188",",,T"," -164",",,T"," -146",",,T"," 7442",",,T"
"USS0016A08S","2019-02-05","48.31","-116.07","1645.9","BEAR MOUNTAIN, ID US","    0",",,T"," 2311",",,T","  -93",",,T"," -159",",,T"," -127",",,T"," -114",",,T"," 7442",",,T"
"USS0016A08S","2019-02-06","48.31","-116.07","1645.9","BEAR MOUNTAIN, ID US","    0",",,T"," 2286",",,T","  -86",",,T"," -142",",,T"," -117",",,T"," -129",",,T"," 7442",",,T"
"USS0016A08S","2019-02-07","48.31","-116.07","1645.9","BEAR MOUNTAIN, ID US","   25",",,T"," 2413",",,T"," -111",",,T"," -151",",,T"," -127",",,T"," -114",",,T"," 7493",",,T"
"USS0016A08S","2019-02-08","48.31","-116.07","1645.9","BEAR MOUNTAIN, ID US","   51",",,T"," 2540",",,T","  -55",",,T"," -175",",,T"," -104",",,T"," -175",",,T"," 7595",",,T"
"USS0016A08S","2019-02-09","48.31","-116.07","1645.9","BEAR MOUNTAIN, ID US","    0",",,T"," 2489",",,T"," -175",",,T"," -222",",,T"," -207",",,T"," -222",",,T"," 7595",",,T"
"USS0016A08S","2019-02-10","48.31","-116.07","1645.9","BEAR MOUNTAIN, ID US","   25",",,T"," 2438",",,T"," -139",",,T"," -233",",,T"," -185",",,T"," -139",",,T"," 7645",",,T"
"USS0016A08S","2019-02-11","48.31","-116.07","1645.9","BEAR MOUNTAIN, ID US","  102",",,T"," 2515",",,T","  -88",",,T"," -150",",,T"," -119",",,T"," -100",",,T"," 7722",",,T"
"USS0016A08S","2019-02-12","48.31","-116.07","1645.9","BEAR MOUNTAIN, ID US","  635",",,T"," 2921",",,T","  -28",",,T"," -100",",,T","  -39",",,T","  -35",",,T"," 8382",",,T"
"USS0016A08S","2019-02-13","48.31","-116.07","1645.9","BEAR MOUNTAIN, ID US","   76",",,T"," 2921",",,T","  -35",",,T"," -105",",,T","  -60",",,T","  -95",",,T"," 8433",",,T"
"USS0016A08S","2019-02-14","48.31","-116.07","1645.9","BEAR MOUNTAIN, ID US","  127",",,T"," 2972",",,T","  -55",",,T"," -102",",,T","  -77",",,T","  -57",",,T"," 8585",",,T"
"USS0016A08S","2019-02-15","48.31","-116.07","1645.9","BEAR MOUNTAIN, ID US","   25",",,T"," 2870",",,T","  -13",",,T","  -57",",,T","  -35",",,T","  -52",",,T"," 8636",",,T"
"USS0016A08S","2019-02-16","48.31","-116.07","1645.9","BEAR MOUNTAIN, ID US","   51",",,T"," 2896",",,T","  -37",",,T","  -56",",,T","  -48",",,T","  -52",",,T"," 8661",",,T"
"USS0016A08S","2019-02-17","48.31","-116.07","1645.9","BEAR MOUNTAIN, ID US","  102",",,T"," 3073",",,T","  -51",",,T"," -165",",,T"," -114",",,T"," -165",",,T"," 8788",",,T"
"USS0016A08S","2019-02-18","48.31","-116.07","1645.9","BEAR MOUNTAIN, ID US","    0",",,T"," 2946",",,T","  -67",",,T"," -198",",,T"," -140",",,T"," -130",",,T"," 8788",",,T"
"USS0016A08S","2019-02-19","48.31","-116.07","1645.9","BEAR MOUNTAIN, ID US","    0",",,T"," 2921",",,T","  -63",",,T"," -130",",,T"," -105",",,T"," -101",",,T"," 8788",",,T"
"USS0016A08S","2019-02-20","48.31","-116.07","1645.9","BEAR MOUNTAIN, ID US","    0",",,T"," 2870",",,T","  -42",",,T"," -127",",,T","  -92",",,T","  -94",",,T"," 8814",",,T"
"USS0016A08S","2019-02-21","48.31","-116.07","1645.9","BEAR MOUNTAIN, ID US","    0",",,T"," 2819",",,T","  -51",",,T"," -123",",,T","  -94",",,T","  -90",",,T"," 8788",",,T"
"USS0016A08S","2019-02-22","48.31","-116.07","1645.9","BEAR MOUNTAIN, ID US","  102",",,T"," 2946",",,T","  -74",",,T"," -100",",,T","  -87",",,T","  -79",",,T"," 8890",",,T"
"USS0016A08S","2019-02-23","48.31","-116.07","1645.9","BEAR MOUNTAIN, ID US","   51",",,T"," 2896",",,T","  -42",",,T"," -117",",,T","  -80",",,T","  -98",",,T"," 8915",",,T"
"USS0016A08S","2019-02-24","48.31","-116.07","1645.9","BEAR MOUNTAIN, ID US","    0",",,T"," 2896",",,T","  -89",",,T"," -139",",,T"," -109",",,T"," -139",",,T"," 8915",",,T"
"USS0016A08S","2019-02-25","48.31","-116.07","1645.9","BEAR MOUNTAIN, ID US","   25",",,T"," 2845",",,T"," -139",",,T"," -176",",,T"," -156",",,T"," -176",",,T"," 8941",",,T"
"USS0016A08S","2019-02-26","48.31","-116.07","1645.9","BEAR MOUNTAIN, ID US","   25",",,T"," 2845",",,T"," -138",",,T"," -200",",,T"," -167",",,T"," -153",",,T"," 8941",",,T"
"USS0016A08S","2019-02-27","48.31","-116.07","1645.9","BEAR MOUNTAIN, ID US","   25",",,T"," 2794",",,T","  -82",",,T"," -153",",,T"," -111",",,T","  -89",",,T"," 8992",",,T"
"USS0016A08S","2019-02-28","48.31","-116.07","1645.9","BEAR MOUNTAIN, ID US","   51",",,T"," 2769",",,T","  -66",",,T","  -92",",,T","  -81",",,T","  -92",",,T"," 9042",",,T"
"USS0016A08S","2019-03-01","48.31","-116.07","1645.9","BEAR MOUNTAIN, ID US","   25",",,T"," 2819",",,T","  -61",",,T"," -145",",,T","  -90",",,T"," -145",",,T"," 9042",",,T"
"USS0016A08S","2019-03-02","48.31","-116.07","1645.9","BEAR MOUNTAIN, ID US","    0",",,T"," 2819",",,T"," -131",",,T"," -203",",,T"," -171",",,T"," -193",",,T"," 9042",",,T"
"USS0016A08S","2019-03-03","48.31","-116.07","1645.9","BEAR MOUNTAIN, ID US","    0",",,T"," 2794",",,T"," -130",",,T"," -213",",,T"," -171",",,T"," -162",",,T"," 9042",",,T"
"USS0016A08S","2019-03-04","48.31","-116.07","1645.9","BEAR MOUNTAIN, ID US","    0",",,T"," 2743",",,T","  -81",",,T"," -174",",,T"," -126",",,T"," -136",",,T"," 9042",",,T"
"USS0016A08S","2019-03-05","48.31","-116.07","1645.9","BEAR MOUNTAIN, ID US","   25",",,T"," 2718",",,T","  -36",",,T"," -140",",,T","  -85",",,T","  -60",",,T"," 9068",",,T"
"USS0016A08S","2019-03-06","48.31","-116.07","1645.9","BEAR MOUNTAIN, ID US","   76",",,T"," 2743",",,T","  -14",",,T","  -71",",,T","  -51",",,T","  -14",",,T"," 9144",",,T"
"USS0016A08S","2019-03-07","48.31","-116.07","1645.9","BEAR MOUNTAIN, ID US","  102",",,T"," 2819",",,T","   -7",",,T","  -70",",,T","  -52",",,T","  -70",",,T"," 9246",",,T"
"USS0016A08S","2019-03-08","48.31","-116.07","1645.9","BEAR MOUNTAIN, ID US","   25",",,T"," 2743",",,T","  -33",",,T"," -104",",,T","  -69",",,T","  -91",",,T"," 9246",",,T"
"USS0016A08S","2019-03-09","48.31","-116.07","1645.9","BEAR MOUNTAIN, ID US","    0",",,T"," 2769",",,T","  -22",",,T"," -109",",,T","  -78",",,T"," -108",",,T"," 9246",",,T"
"USS0016A08S","2019-03-10","48.31","-116.07","1645.9","BEAR MOUNTAIN, ID US","   25",",,T"," 2769",",,T","   -8",",,T"," -111",",,T","  -71",",,T","  -88",",,T"," 9246",",,T"
"USS0016A08S","2019-03-11","48.31","-116.07","1645.9","BEAR MOUNTAIN, ID US","   25",",,T"," 2718",",,T","    3",",,T","  -98",",,T","  -39",",,T","  -16",",,T"," 9246",",,T"
"USS0016A08S","2019-03-12","48.31","-116.07","1645.9","BEAR MOUNTAIN, ID US","  178",",,T"," 2896",",,T","   -7",",,T","  -59",",,T","  -30",",,T","  -59",",,T"," 9449",",,T"
"USS0016A08S","2019-03-13","48.31","-116.07","1645.9","BEAR MOUNTAIN, ID US","   25",",,T"," 2819",",,T","  -15",",,T","  -67",",,T","  -45",",,T","  -48",",,T"," 9474",",,T"
"USS0016A08S","2019-03-14","48.31","-116.07","1645.9","BEAR MOUNTAIN, ID US","   25",",,T"," 2845",",,T","  -11",",,T","  -66",",,T","  -44",",,T","  -56",",,T"," 9449",",,T"
"USS0016A08S","2019-03-15","48.31","-116.07","1645.9","BEAR MOUNTAIN, ID US","    0",",,T"," 2794",",,T","   22",",,T","  -64",",,T","  -27",",,T","  -40",",,T"," 9474",",,T"
"USS0016A08S","2019-03-16","48.31","-116.07","1645.9","BEAR MOUNTAIN, ID US","   25",",,T"," 2769",",,T","   60",",,T","  -44",",,T","   -1",",,T","  -17",",,T"," 9449",",,T"
"USS0016A08S","2019-03-17","48.31","-116.07","1645.9","BEAR MOUNTAIN, ID US","   76",",,T"," 2718",",,T","   78",",,T","  -28",",,T","   14",",,T","   -7",",,T"," 9500",",,T"
"USS0016A08S","2019-03-18","48.31","-116.07","1645.9","BEAR MOUNTAIN, ID US","    0",",,T"," 2667",",,T","   94",",,T","  -12",",,T","   31",",,T","   18",",,T"," 9449",",,T"
"USS0016A08S","2019-03-19","48.31","-116.07","1645.9","BEAR MOUNTAIN, ID US","    0",",,T"," 2591",",,T","  120",",,T","   -4",",,T","   53",",,T","   32",",,T"," 9449",",,T"
"USS0016A08S","2019-03-20","48.31","-116.07","1645.9","BEAR MOUNTAIN, ID US","    0",",,T"," 2540",",,T","  126",",,T","    9",",,T","   63",",,T","   43",",,T"," 9474",",,T"
"USS0016A08S","2019-03-21","48.31","-116.07","1645.9","BEAR MOUNTAIN, ID US","    0",",,T"," 2540",",,T","  129",",,T","   23",",,T","   73",",,T","   49",",,T"," 9423",",,T"
"USS0016A08S","2019-03-22","48.31","-116.07","1645.9","BEAR MOUNTAIN, ID US","    0",",,T"," 2515",",,T","   91",",,T","   14",",,T","   52",",,T","   29",",,T"," 9423",",,T"
"USS0016A08S","2019-03-23","48.31","-116.07","1645.9","BEAR MOUNTAIN, ID US","    0",",,T"," 2464",",,T","   74",",,T","   10",",,T","   34",",,T","   40",",,T"," 9449",",,T"
"USS0016A08S","2019-03-24","48.31","-116.07","1645.9","BEAR MOUNTAIN, ID US","    0",",,T"," 2388",",,T","   89",",,T","    9",",,T","   45",",,T","    9",",,T"," 9449",",,T"
"USS0016A08S","2019-03-25","48.31","-116.07","1645.9","BEAR MOUNTAIN, ID US","    0",",,T"," 2362",",,T","   72",",,T","    5",",,T","   37",",,T","   41",",,T"," 9347",",,T"
"USS0016A08S","2019-03-26","48.31","-116.07","1645.9","BEAR MOUNTAIN, ID US","   25",",,T"," 2362",",,T","   41",",,T","  -18",",,T","   11",",,T","  -18",",,T"," 9398",",,T"
"USS0016A08S","2019-03-27","48.31","-116.07","1645.9","BEAR MOUNTAIN, ID US","    0",",,T"," 2311",",,T","   54",",,T","  -36",",,T","   10",",,T","   -8",",,T"," 9423",",,T"
"USS0016A08S","2019-03-28","48.31","-116.07","1645.9","BEAR MOUNTAIN, ID US","   25",",,T"," 2362",",,T","   36",",,T","  -11",",,T","    8",",,T","  -11",",,T"," 9500",",,T"
"USS0016A08S","2019-03-29","48.31","-116.07","1645.9","BEAR MOUNTAIN, ID US","    0",",,T"," 2362",",,T","   69",",,T","  -12",",,T","   19",",,T","   -5",",,T"," 9576",",,T"
"USS0016A08S","2019-03-30","48.31","-116.07","1645.9","BEAR MOUNTAIN, ID US","    0",",,T"," 2311",",,T","   90",",,T","  -15",",,T","   27",",,T","    1",",,T"," 9550",",,T"
"USS0016A08S","2019-03-31","48.31","-116.07","1645.9","BEAR MOUNTAIN, ID US","   51",",,T"," 2286",",,T","   50",",,T","  -15",",,T","   17",",,T","  -12",",,T"," 9525",",,T"
"USS0016A08S","2019-04-01","48.31","-116.07","1645.9","BEAR MOUNTAIN, ID US","    0",",,T"," 2311",",,T","   73",",,T","  -23",",,T","   14",",,T","   -7",",,T"," 9576",",,T"
"USS0016A08S","2019-04-02","48.31","-116.07","1645.9","BEAR MOUNTAIN, ID US","    0",",,T"," 2261",",,T","   79",",,T","  -15",",,T","   29",",,T","   13",",,T"," 9550",",,T"
"USS0016A08S","2019-04-03","48.31","-116.07","1645.9","BEAR MOUNTAIN, ID US","  178",",,T"," 2311",",,T","   41",",,T","    8",",,T","   21",",,T","   26",",,T"," 9677",",,T"
"USS0016A08S","2019-04-04","48.31","-116.07","1645.9","BEAR MOUNTAIN, ID US","    0",",,T"," 2261",",,T","   70",",,T","    8",",,T","   32",",,T","   15",",,T"," 9601",",,T"
"USS0016A08S","2019-04-05","48.31","-116.07","1645.9","BEAR MOUNTAIN, ID US","  127",",,T"," 2286",",,T","   51",",,T","    7",",,T","   27",",,T","    7",",,T"," 9728",",,T"
"USS0016A08S","2019-04-06","48.31","-116.07","1645.9","BEAR MOUNTAIN, ID US","  178",",,T"," 2388",",,T","   13",",,T","  -10",",,T","    2",",,T","    0",",,T"," 9855",",,T"
"USS0016A08S","2019-04-07","48.31","-116.07","1645.9","BEAR MOUNTAIN, ID US","  203",",,T"," 2464",",,T","   26",",,T","   -4",",,T","   13",",,T","   16",",,T","10058",",,T"
"USS0016A08S","2019-04-08","48.31","-116.07","1645.9","BEAR MOUNTAIN, ID US","    0",",,T"," 2413",",,T","   47",",,T","    6",",,T","   25",",,T","   24",",,T","10033",",,T"
"USS0016A08S","2019-04-09","48.31","-116.07","1645.9","BEAR MOUNTAIN, ID US","  152",",,T"," 2413",",,T","   28",",,T","    8",",,T","   17",",,T","    8",",,T","10160",",,T"
"USS0016A08S","2019-04-10","48.31","-116.07","1645.9","BEAR MOUNTAIN, ID US","  178",",,T"," 2515",",,T","   38",",,T","   -6",",,T","    8",",,T","   -6",",,T","10338",",,T"
"USS0016A08S","2019-04-11","48.31","-116.07","1645.9","BEAR MOUNTAIN, ID US","   51",",,T"," 2489",",,T","   28",",,T","  -32",",,T","   -2",",,T","  -32",",,T","10414",",,T"
"USS0016A08S","2019-04-12","48.31","-116.07","1645.9","BEAR MOUNTAIN, ID US","   51",",,T"," 2464",",,T","   56",",,T","  -33",",,T","    7",",,T","    5",",,T","10439",",,T"
"USS0016A08S","2019-04-13","48.31","-116.07","1645.9","BEAR MOUNTAIN, ID US","  305",",,T"," 2642",",,T","   16",",,T","  -12",",,T","    3",",,T","   -2",",,T","10820",",,T"
"USS0016A08S","2019-04-14","48.31","-116.07","1645.9","BEAR MOUNTAIN, ID US","  152",",,T"," 2769",",,T","   -1",",,T","  -25",",,T","  -16",",,T","  -25",",,T","10973",",,T"
"USS0016A08S","2019-04-15","48.31","-116.07","1645.9","BEAR MOUNTAIN, ID US","   76",",,T"," 2743",",,T","   25",",,T","  -35",",,T","  -14",",,T","  -32",",,T","11049",",,T"
"USS0016A08S","2019-04-16","48.31","-116.07","1645.9","BEAR MOUNTAIN, ID US","   25",",,T"," 2616",",,T","   61",",,T","  -42",",,T","   10",",,T","   19",",,T","11049",",,T"
"USS0016A08S","2019-04-17","48.31","-116.07","1645.9","BEAR MOUNTAIN, ID US","   76",",,T"," 2642",",,T","   57",",,T","   11",",,T","   30",",,T","   41",",,T","11100",",,T"
"USS0016A08S","2019-04-18","48.31","-116.07","1645.9","BEAR MOUNTAIN, ID US","    0",",,T"," 2540",",,T","   80",",,T","   32",",,T","   56",",,T","   75",",,T","11074",",,T"
"USS0016A08S","2019-04-19","48.31","-116.07","1645.9","BEAR MOUNTAIN, ID US","   76",",,T"," 2464",",,T","   90",",,T","   43",",,T","   70",",,T","   43",",,T","11024",",,T"
"USS0016A08S","2019-04-20","48.31","-116.07","1645.9","BEAR MOUNTAIN, ID US","   25",",,T"," 2438",",,T","   81",",,T","   14",",,T","   40",",,T","   16",",,T","10820",",,T"
"USS0016A08S","2019-04-21","48.31","-116.07","1645.9","BEAR MOUNTAIN, ID US","   25",",,T"," 2413",",,T","  103",",,T","   16",",,T","   59",",,T","   38",",,T","10693",",,T"
"USS0016A08S","2019-04-22","48.31","-116.07","1645.9","BEAR MOUNTAIN, ID US","    0",",,T"," 2362",",,T","  102",",,T","   24",",,T","   64",",,T","   41",",,T","10643",",,T"
"USS0016A08S","2019-04-23","48.31","-116.07","1645.9","BEAR MOUNTAIN, ID US","   25",",,T"," 2286",",,T","   86",",,T","   41",",,T","   61",",,T","   51",",,T","10516",",,T"
"USS0016A08S","2019-04-24","48.31","-116.07","1645.9","BEAR MOUNTAIN, ID US","    0",",,T"," 2261",",,T","   88",",,T","   13",",,T","   52",",,T","   13",",,T","10439",",,T"
"USS0016A08S","2019-04-25","48.31","-116.07","1645.9","BEAR MOUNTAIN, ID US","    0",",,T"," 2210",",,T","  101",",,T","  -11",",,T","   45",",,T","   35",",,T","10389",",,T"
"USS0016A08S","2019-04-26","48.31","-116.07","1645.9","BEAR MOUNTAIN, ID US","   25",",,T"," 2159",",,T","   52",",,T","   15",",,T","   32",",,T","   24",",,T","10312",",,T"
"USS0016A08S","2019-04-27","48.31","-116.07","1645.9","BEAR MOUNTAIN, ID US","  102",",,T"," 2362",",,T","   24",",,T","  -28",",,T","   -3",",,T","  -28",",,T","10439",",,T"
"USS0016A08S","2019-04-28","48.31","-116.07","1645.9","BEAR MOUNTAIN, ID US","    0",",,T"," 2286",",,T","   10",",,T","  -44",",,T","  -20",",,T","  -44",",,T","10363",",,T"
"USS0016A08S","2019-04-29","48.31","-116.07","1645.9","BEAR MOUNTAIN, ID US","   25",",,T"," 2210",",,T","   46",",,T","  -58",",,T","   -5",",,T","  -17",",,T","10363",",,T"
"USS0016A08S","2019-04-30","48.31","-116.07","1645.9","BEAR MOUNTAIN, ID US","    0",",,T"," 2184",",,T","   64",",,T","  -33",",,T","    6",",,T","   -2",",,T","10338",",,T"
"USS0016A08S","2019-05-01","48.31","-116.07","1645.9","BEAR MOUNTAIN, ID US","   25",",,T"," 2210",",,T","   57",",,T","   -4",",,T","   25",",,T","   28",",,T","10287",",,T"
"USS0016A08S","2019-05-02","48.31","-116.07","1645.9","BEAR MOUNTAIN, ID US","    0",",,T"," 2184",",,T","   49",",,T","    9",",,T","   30",",,T","   32",",,T","10211",",,T"
"USS0016A08S","2019-05-03","48.31","-116.07","1645.9","BEAR MOUNTAIN, ID US","    0",",,T"," 2134",",,T","   96",",,T","   22",",,T","   53",",,T","   25",",,T","10160",",,T"
"USS0016A08S","2019-05-04","48.31","-116.07","1645.9","BEAR MOUNTAIN, ID US","    0",",,T"," 2083",",,T","  118",",,T","   21",",,T","   73",",,T","   50",",,T","10084",",,T"
"USS0016A08S","2019-05-05","48.31","-116.07","1645.9","BEAR MOUNTAIN, ID US","    0",",,T"," 2057",",,T","  120",",,T","   30",",,T","   69",",,T","   52",",,T"," 9931",",,T"
"USS0016A08S","2019-05-06","48.31","-116.07","1645.9","BEAR MOUNTAIN, ID US","    0",",,T"," 2007",",,T","  137",",,T","   16",",,T","   71",",,T","   59",",,T"," 9754",",,T"
"USS0016A08S","2019-05-07","48.31","-116.07","1645.9","BEAR MOUNTAIN, ID US","    0",",,T"," 1956",",,T","  145",",,T","   35",",,T","   87",",,T","   35",",,T"," 9576",",,T"
"USS0016A08S","2019-05-08","48.31","-116.07","1645.9","BEAR MOUNTAIN, ID US","    0",",,T"," 1905",",,T","  125",",,T","   23",",,T","   71",",,T","   43",",,T"," 9373",",,T"
"USS0016A08S","2019-05-09","48.31","-116.07","1645.9","BEAR MOUNTAIN, ID US","    0",",,T"," 1829",",,T","  136",",,T","   22",",,T","   75",",,T","   56",",,T"," 9169",",,T"
"USS0016A08S","2019-05-10","48.31","-116.07","1645.9","BEAR MOUNTAIN, ID US","    0",",,T"," 1753",",,T","  157",",,T","   49",",,T","  104",",,T","   80",",,T"," 8941",",,T"
"USS0016A08S","2019-05-11","48.31","-116.07","1645.9","BEAR MOUNTAIN, ID US","    0",",,T"," 1702",",,T","  172",",,T","   64",",,T","  122",",,T","  119",",,T"," 8636",",,T"
"USS0016A08S","2019-05-12","48.31","-116.07","1645.9","BEAR MOUNTAIN, ID US","   25",",,T"," 1626",",,T","  155",",,T","   86",",,T","  122",",,T","  104",",,T"," 8280",",,T"
"USS0016A08S","2019-05-13","48.31","-116.07","1645.9","BEAR MOUNTAIN, ID US","    0",",,T"," 1575",",,T","  147",",,T","   62",",,T","  107",",,T","   69",",,T"," 7925",",,T"
"USS0016A08S","2019-05-14","48.31","-116.07","1645.9","BEAR MOUNTAIN, ID US","   25",",,T"," 1499",",,T","  147",",,T","   44",",,T","   91",",,T","   44",",,T"," 7772",",,T"
"USS0016A08S","2019-05-15","48.31","-116.07","1645.9","BEAR MOUNTAIN, ID US","    0",",,T"," 1448",",,T","  129",",,T","   35",",,T","   76",",,T","   72",",,T"," 7391",",,T"
"USS0016A08S","2019-05-16","48.31","-116.07","1645.9","BEAR MOUNTAIN, ID US","  102",",,T"," 1372",",,T","  100",",,T","   46",",,T","   72",",,T","   46",",,T"," 7137",",,T"
"USS0016A08S","2019-05-17","48.31","-116.07","1645.9","BEAR MOUNTAIN, ID US","  102",",,T"," 1346",",,T","   58",",,T","   22",",,T","   42",",,T","   22",",,T"," 6909",",,T"
"USS0016A08S","2019-05-18","48.31","-116.07","1645.9","BEAR MOUNTAIN, ID US","   51",",,T"," 1295",",,T","   48",",,T","   16",",,T","   29",",,T","   17",",,T"," 6756",",,T"
"USS0016A08S","2019-05-19","48.31","-116.07","1645.9","BEAR MOUNTAIN, ID US","   25",",,T"," 1270",",,T","   58",",,T","    5",",,T","   32",",,T","   29",",,T"," 6579",",,T"
"USS0016A08S","2019-05-20","48.31","-116.07","1645.9","BEAR MOUNTAIN, ID US","    0",",,T"," 1219",",,T","   52",",,T","   16",",,T","   34",",,T","   25",",,T"," 6452",",,T"
"USS0016A08S","2019-05-21","48.31","-116.07","1645.9","BEAR MOUNTAIN, ID US","    0",",,T"," 1194",",,T","  104",",,T","   24",",,T","   58",",,T","   47",",,T"," 6198",",,T"
"USS0016A08S","2019-05-22","48.31","-116.07","1645.9","BEAR MOUNTAIN, ID US","    0",",,T"," 1143",",,T","  108",",,T","   42",",,T","   74",",,T","   75",",,T"," 5867",",,T"
"USS0016A08S","2019-05-23","48.31","-116.07","1645.9","BEAR MOUNTAIN, ID US","    0",",,T"," 1092",",,T","  157",",,T","   43",",,T","   98",",,T","   65",",,T"," 5588",",,T"
"USS0016A08S","2019-05-24","48.31","-116.07","1645.9","BEAR MOUNTAIN, ID US","    0",",,T"," 1041",",,T","  115",",,T","   42",",,T","   75",",,T","   44",",,T"," 5258",",,T"
"USS0016A08S","2019-05-25","48.31","-116.07","1645.9","BEAR MOUNTAIN, ID US","   51",",,T","  991",",,T","  106",",,T","   40",",,T","   63",",,T","   63",",,T"," 5029",",,T"
"USS0016A08S","2019-05-26","48.31","-116.07","1645.9","BEAR MOUNTAIN, ID US","   25",",,T","  914",",,T","   80",",,T","   39",",,T","   59",",,T","   64",",,T"," 4674",",,T"
"USS0016A08S","2019-05-27","48.31","-116.07","1645.9","BEAR MOUNTAIN, ID US","    0",",,T","  864",",,T","  139",",,T","   61",",,T","   88",",,T","   64",",,T"," 4343",",,T"
"USS0016A08S","2019-05-28","48.31","-116.07","1645.9","BEAR MOUNTAIN, ID US","    0",",,T","  762",",,T","  186",",,T","   62",",,T","  118",",,T","   94",",,T"," 3988",",,T"
"USS0016A08S","2019-05-29","48.31","-116.07","1645.9","BEAR MOUNTAIN, ID US","    0",",,T","  711",",,T","  195",",,T","   86",",,T","  129",",,T","   91",",,T"," 3632",",,T"
"USS0016A08S","2019-05-30","48.31","-116.07","1645.9","BEAR MOUNTAIN, ID US","   25",",,T","  660",",,T","  176",",,T","   79",",,T","  115",",,T","   83",",,T"," 3327",",,T"
"USS0016A08S","2019-05-31","48.31","-116.07","1645.9","BEAR MOUNTAIN, ID US","    0",",,T","  610",",,T","  184",",,T","   70",",,T","  115",",,T","   97",",,T"," 3048",",,T"
"USS0016A08S","2019-06-01","48.31","-116.07","1645.9","BEAR MOUNTAIN, ID US","    0",",,T","  533",",,T","  199",",,T","   89",",,T","  136",",,T","  122",",,T"," 2667",",,T"
"USS0016A08S","2019-06-02","48.31","-116.07","1645.9","BEAR MOUNTAIN, ID US","    0",",,T","  406",",,T","  196",",,T","  113",",,T","  155",",,T","  140",",,T"," 2134",",,T"
"USS0016A08S","2019-06-03","48.31","-116.07","1645.9","BEAR MOUNTAIN, ID US","   25",",,T","  330",",,T","  157",",,T","  102",",,T","  130",",,T","  103",",,T"," 1651",",,T"
"USS0016A08S","2019-06-04","48.31","-116.07","1645.9","BEAR MOUNTAIN, ID US","    0",",,T","  254",",,T","  142",",,T","   79",",,T","  111",",,T","   79",",,T"," 1295",",,T"
"USS0016A08S","2019-06-05","48.31","-116.07","1645.9","BEAR MOUNTAIN, ID US","   25",",,T","  229",",,T","  146",",,T","   70",",,T","   98",",,T","   74",",,T"," 1041",",,T"
"USS0016A08S","2019-06-06","48.31","-116.07","1645.9","BEAR MOUNTAIN, ID US","   76",",,T","  178",",,T","   75",",,T","   32",",,T","   53",",,T","   32",",,T","  813",",,T"
"USS0016A08S","2019-06-07","48.31","-116.07","1645.9","BEAR MOUNTAIN, ID US","    0",",,T","  152",",,T","   60",",,T","    3",",,T","   24",",,T","   23",",,T","  737",",,T"
"USS0016A08S","2019-06-08","48.31","-116.07","1645.9","BEAR MOUNTAIN, ID US","   51",",,T","  152",",,T","   53",",,T","   13",",,T","   27",",,T","   28",",,T","  686",",,T"
"USS0016A08S","2019-06-09","48.31","-116.07","1645.9","BEAR MOUNTAIN, ID US","    0",",,T","   51",",,T","  130",",,T","   28",",,T","   81",",,T","   78",",,T","  330",",,T"
"USS0016A08S","2019-06-10","48.31","-116.07","1645.9","BEAR MOUNTAIN, ID US","    0",",,T","   25",",,T","  153",",,T","   69",",,T","  107",",,T","   70",",,T","   25",",,T"
"USS0016A08S","2019-06-11","48.31","-116.07","1645.9","BEAR MOUNTAIN, ID US","    0",",,T","    0",",,T","  195",",,T","   57",",,T","  127",",,T","  101",",,T","    0",",,T"
"USS0016A08S","2019-06-12","48.31","-116.07","1645.9","BEAR MOUNTAIN, ID US","    0",",,T","    0",",,T","  219",",,T","   84",",,T","  153",",,T","  128",",,T","    0",",,T"
"USS0016A08S","2019-06-13","48.31","-116.07","1645.9","BEAR MOUNTAIN, ID US","    0",",,T","    0",",,T","  209",",,T","  114",",,T","  169",",,T","  136",",,T","    0",",,T"
"USS0016A08S","2019-06-14","48.31","-116.07","1645.9","BEAR MOUNTAIN, ID US","    0",",,T","    0",",,T","  185",",,T","  116",",,T","  147",",,T","  135",",,T","    0",",,T"
"USS0016A08S","2019-06-15","48.31","-116.07","1645.9","BEAR MOUNTAIN, ID US","    0",",,T","    0",",,T","  183",",,T","   91",",,T","  137",",,T","  111",",,T","    0",",,T"
"USS0016A08S","2019-06-16","48.31","-116.07","1645.9","BEAR MOUNTAIN, ID US","   25",",,T","    0",",,T","  198",",,T","  103",",,T","  140",",,T","  114",",,T","    0",",,T"
"USS0016A08S","2019-06-17","48.31","-116.07","1645.9","BEAR MOUNTAIN, ID US","   51",",,T","    0",",,T","  191",",,T","   96",",,T","  132",",,T","  142",",,T","    0",",,T"
"USS0016A08S","2019-06-18","48.31","-116.07","1645.9","BEAR MOUNTAIN, ID US","    0",",,T","    0",",,T","  178",",,T","  119",",,T","  144",",,T","  119",",,T","    0",",,T"
"USS0016A08S","2019-06-19","48.31","-116.07","1645.9","BEAR MOUNTAIN, ID US","   25",",,T","    0",",,T","  121",",,T","   41",",,T","   85",",,T","   44",",,T","    0",",,T"
"USS0016A08S","2019-06-20","48.31","-116.07","1645.9","BEAR MOUNTAIN, ID US","   76",",,T","    0",",,T","   62",",,T","   18",",,T","   40",",,T","   33",",,T","    0",",,T"
"USS0016A08S","2019-06-21","48.31","-116.07","1645.9","BEAR MOUNTAIN, ID US","   76",",,T","    0",",,T","   92",",,T","   32",",,T","   51",",,T","   56",",,T","    0",",,T"
"USS0016A08S","2019-06-22","48.31","-116.07","1645.9","BEAR MOUNTAIN, ID US","    0",",,T","    0",",,T","  111",",,T","   50",",,T","   82",",,T","   95",",,T","    0",",,T"
"USS0016A08S","2019-06-23","48.31","-116.07","1645.9","BEAR MOUNTAIN, ID US","   51",",,T","    0",",,T","   97",",,T","   63",",,T","   78",",,T","   63",",,T","    0",",,T"
"USS0016A08S","2019-06-24","48.31","-116.07","1645.9","BEAR MOUNTAIN, ID US","    0",",,T","    0",",,T","  112",",,T","   57",",,T","   75",",,T","   59",",,T","    0",",,T"
"USS0016A08S","2019-06-25","48.31","-116.07","1645.9","BEAR MOUNTAIN, ID US","    0",",,T","    0",",,T","  159",",,T","   45",",,T","  100",",,T","   78",",,T","    0",",,T"
"USS0016A08S","2019-06-26","48.31","-116.07","1645.9","BEAR MOUNTAIN, ID US","  102",",,T","    0",",,T","  182",",,T","   64",",,T","  114",",,T","   75",",,T","    0",",,T"
"USS0016A08S","2019-06-27","48.31","-116.07","1645.9","BEAR MOUNTAIN, ID US","  102",",,T","    0",",,T","  115",",,T","   43",",,T","   79",",,T","   43",",,T","    0",",,T"
"USS0016A08S","2019-06-28","48.31","-116.07","1645.9","BEAR MOUNTAIN, ID US","    0",",,T","    0",",,T","  144",",,T","   35",",,T","   88",",,T","   77",",,T","    0",",,T"
"USS0016A08S","2019-06-29","48.31","-116.07","1645.9","BEAR MOUNTAIN, ID US","    0",",,T","    0",",,T","  161",",,T","   56",",,T","  107",",,T","   85",",,T","    0",",,T"
"USS0016A08S","2019-06-30","48.31","-116.07","1645.9","BEAR MOUNTAIN, ID US","    0",",,T","    0",",,T","  202",",,T","   72",",,T","  132",",,T","  112",",,T","    0",",,T"
"USS0016A08S","2019-07-01","48.31","-116.07","1645.9","BEAR MOUNTAIN, ID US","    0",",,T","    0",",,T","  197",",,T","   98",",,T","  146",",,T","  127",",,T","    0",",,T"
"USS0016A08S","2019-07-02","48.31","-116.07","1645.9","BEAR MOUNTAIN, ID US","   51",",,T","    0",",,T","  170",",,T","   72",",,T","  117",",,T","   72",",,T","    0",",,T"
"USS0016A08S","2019-07-03","48.31","-116.07","1645.9","BEAR MOUNTAIN, ID US","    0",",,T","    0",",,T","  146",",,T","   68",",,T","   99",",,T","   80",",,T","    0",",,T"
"USS0016A08S","2019-07-04","48.31","-116.07","1645.9","BEAR MOUNTAIN, ID US","   25",",,T","    0",",,T","  161",",,T","   80",",,T","  115",",,T","   93",",,T","    0",",,T"
"USS0016A08S","2019-07-05","48.31","-116.07","1645.9","BEAR MOUNTAIN, ID US","    0",",,T","    0",",,T","  196",",,T","   80",",,T","  134",",,T","  103",",,T","    0",",,T"
"USS0016A08S","2019-07-06","48.31","-116.07","1645.9","BEAR MOUNTAIN, ID US","    0",",,T","    0",",,T","  201",",,T","   90",",,T","  141",",,T","  113",",,T","    0",",,T"
"USS0016A08S","2019-07-07","48.31","-116.07","1645.9","BEAR MOUNTAIN, ID US","    0",",,T","    0",",,T","  175",",,T","   89",",,T","  125",",,T","   89",",,T","    0",",,T"
"USS0016A08S","2019-07-08","48.31","-116.07","1645.9","BEAR MOUNTAIN, ID US","    0",",,T","    0",",,T","  165",",,T","   71",",,T","  117",",,T","   89",",,T","    0",",,T"
"USS0016A08S","2019-07-09","48.31","-116.07","1645.9","BEAR MOUNTAIN, ID US","    0",",,T","    0",",,T","  191",",,T","   78",",,T","  135",",,T","  125",",,T","    0",",,T"
"USS0016A08S","2019-07-10","48.31","-116.07","1645.9","BEAR MOUNTAIN, ID US","    0",",,T","    0",",,T","  169",",,T","  120",",,T","  141",",,T","  132",",,T","    0",",,T"
"USS0016A08S","2019-07-11","48.31","-116.07","1645.9","BEAR MOUNTAIN, ID US","    0",",,T","    0",",,T","  175",",,T","  118",",,T","  141",",,T","  126",",,T","    0",",,T"
"USS0016A08S","2019-07-12","48.31","-116.07","1645.9","BEAR MOUNTAIN, ID US","    0",",,T","    0",",,T","  204",",,T","  115",",,T","  154",",,T","  135",",,T","    0",",,T"
"USS0016A08S","2019-07-13","48.31","-116.07","1645.9","BEAR MOUNTAIN, ID US","    0",",,T","    0",",,T","  213",",,T","  119",",,T","  164",",,T","  136",",,T","    0",",,T"
"USS0016A08S","2019-07-14","48.31","-116.07","1645.9","BEAR MOUNTAIN, ID US","    0",",,T","    0",",,T","  168",",,T","  106",",,T","  139",",,T","  109",",,T","    0",",,T"
"USS0016A08S","2019-07-15","48.31","-116.07","1645.9","BEAR MOUNTAIN, ID US","   25",",,T","    0",",,T","  172",",,T","   75",",,T","  119",",,T","   80",",,T","    0",",,T"
"USS0016A08S","2019-07-16","48.31","-116.07","1645.9","BEAR MOUNTAIN, ID US","    0",",,T","    0",",,T","  149",",,T","   80",",,T","  112",",,T","   98",",,T","    0",",,T"
"USS0016A08S","2019-07-17","48.31","-116.07","1645.9","BEAR MOUNTAIN, ID US","   25",",,T","    0",",,T","  119",",,T","   91",",,T","  102",",,T","  104",",,T","    0",",,T"
"USS0016A08S","2019-07-18","48.31","-116.07","1645.9","BEAR MOUNTAIN, ID US","    0",",,T","    0",",,T","  133",",,T","   77",",,T","  105",",,T","   82",",,T","    0",",,T"
"USS0016A08S","2019-07-19","48.31","-116.07","1645.9","BEAR MOUNTAIN, ID US","    0",",,T","    0",",,T","  127",",,T","   53",",,T","   86",",,T","   58",",,T","    0",",,T"
"USS0016A08S","2019-07-20","48.31","-116.07","1645.9","BEAR MOUNTAIN, ID US","    0",",,T","    0",",,T","  154",",,T","   47",",,T","   99",",,T","   93",",,T","    0",",,T"
"USS0016A08S","2019-07-21","48.31","-116.07","1645.9","BEAR MOUNTAIN, ID US","    0",",,T","    0",",,T","  209",",,T","   72",",,T","  138",",,T","  133",",,T","    0",",,T"
"USS0016A08S","2019-07-22","48.31","-116.07","1645.9","BEAR MOUNTAIN, ID US","    0",",,T","    0",",,T","  227",",,T","  115",",,T","  166",",,T","  160",",,T","    0",",,T"
"USS0016A08S","2019-07-23","48.31","-116.07","1645.9","BEAR MOUNTAIN, ID US","   76",",,T","    0",",,T","  267",",,T","  115",",,T","  197",",,T","  124",",,T","    0",",,T"
"USS0016A08S","2019-07-24","48.31","-116.07","1645.9","BEAR MOUNTAIN, ID US","   51",",,T","    0",",,T","  128",",,T","   75",",,T","  106",",,T","   99",",,T","    0",",,T"
"USS0016A08S","2019-07-25","48.31","-116.07","1645.9","BEAR MOUNTAIN, ID US","    0",",,T","    0",",,T","  186",",,T","   90",",,T","  137",",,T","  114",",,T","    0",",,T"
"USS0016A08S","2019-07-26","48.31","-116.07","1645.9","BEAR MOUNTAIN, ID US","    0",",,T","    0",",,T","  233",",,T","  111",",,T","  173",",,T","  165",",,T","    0",",,T"
"USS0016A08S","2019-07-27","48.31","-116.07","1645.9","BEAR MOUNTAIN, ID US","    0",",,T","    0",",,T","  183",",,T","  128",",,T","  154",",,T","  133",",,T","    0",",,T"
"USS0016A08S","2019-07-28","48.31","-116.07","1645.9","BEAR MOUNTAIN, ID US","    0",",,T","    0",",,T","  191",",,T","   86",",,T","  137",",,T","  110",",,T","    0",",,T"
"USS0016A08S","2019-07-29","48.31","-116.07","1645.9","BEAR MOUNTAIN, ID US","    0",",,T","    0",",,T","  219",",,T","  100",",,T","  156",",,T","  130",",,T","    0",",,T"
"USS0016A08S","2019-07-30","48.31","-116.07","1645.9","BEAR MOUNTAIN, ID US","   25",",,T","    0",",,T","  205",",,T","  127",",,T","  163",",,T","  139",",,T","    0",",,T"
"USS0016A08S","2019-07-31","48.31","-116.07","1645.9","BEAR MOUNTAIN, ID US","    0",",,T","    0",",,T","  231",",,T","  112",",,T","  169",",,T","  148",",,T","    0",",,T"
"USS0016A08S","2019-08-01","48.31","-116.07","1645.9","BEAR MOUNTAIN, ID US","    0",",,T","    0",",,T","  226",",,T","  136",",,T","  179",",,T","  148",",,T","    0",",,T"
"USS0016A08S","2019-08-02","48.31","-116.07","1645.9","BEAR MOUNTAIN, ID US","    0",",,T","    0",",,T","  220",",,T","  129",",,T","  178",",,T","  150",",,T","    0",",,T"
"USS0016A08S","2019-08-03","48.31","-116.07","1645.9","BEAR MOUNTAIN, ID US","    0",",,T","    0",",,T","  199",",,T","  112",",,T","  153",",,T","  112",",,T","    0",",,T"
"USS0016A08S","2019-08-04","48.31","-116.07","1645.9","BEAR MOUNTAIN, ID US","    0",",,T","    0",",,T","  222",",,T","   96",",,T","  157",",,T","  130",",,T","    0",",,T"
"USS0016A08S","2019-08-05","48.31","-116.07","1645.9","BEAR MOUNTAIN, ID US","    0",",,T","    0",",,T","  231",",,T","  116",",,T","  175",",,T","  151",",,T","    0",",,T"
"USS0016A08S","2019-08-06","48.31","-116.07","1645.9","BEAR MOUNTAIN, ID US","    0",",,T","    0",",,T","  248",",,T","  142",",,T","  194",",,T","  173",",,T","    0",",,T"
"USS0016A08S","2019-08-07","48.31","-116.07","1645.9","BEAR MOUNTAIN, ID US","    0",",,T","    0",",,T","  258",",,T","  152",",,T","  206",",,T","  193",",,T","    0",",,T"
"USS0016A08S","2019-08-08","48.31","-116.07","1645.9","BEAR MOUNTAIN, ID US","    0",",,T","    0",",,T","  258",",,T","  149",",,T","  204",",,T","  159",",,T","    0",",,T"
"USS0016A08S","2019-08-09","48.31","-116.07","1645.9","BEAR MOUNTAIN, ID US","    0",",,T","    0",",,T","  175",",,T","  108",",,T","  140",",,T","  117",",,T","    0",",,T"
"USS0016A08S","2019-08-10","48.31","-116.07","1645.9","BEAR MOUNTAIN, ID US","    0",",,T","    0",",,T","  198",",,T","  102",",,T","  139",",,T","  102",",,T","    0",",,T"
"USS0016A08S","2019-08-11","48.31","-116.07","1645.9","BEAR MOUNTAIN, ID US","   76",",,T","    0",",,T","  123",",,T","   90",",,T","  104",",,T","   91",",,T","    0",",,T"
"USS0016A08S","2019-08-12","48.31","-116.07","1645.9","BEAR MOUNTAIN, ID US","    0",",,T","    0",",,T","  131",",,T","   83",",,T","   98",",,T","   84",",,T","    0",",,T"
"USS0016A08S","2019-08-13","48.31","-116.07","1645.9","BEAR MOUNTAIN, ID US","    0",",,T","    0",",,T","  186",",,T","   74",",,T","  128",",,T","  113",",,T","    0",",,T"
"USS0016A08S","2019-08-14","48.31","-116.07","1645.9","BEAR MOUNTAIN, ID US","    0",",,T","    0",",,T","  187",",,T","  105",",,T","  138",",,T","  111",",,T","    0",",,T"
"USS0016A08S","2019-08-15","48.31","-116.07","1645.9","BEAR MOUNTAIN, ID US","    0",",,T","    0",",,T","  190",",,T","   97",",,T","  145",",,T","  141",",,T","    0",",,T"
"USS0016A08S","2019-08-16","48.31","-116.07","1645.9","BEAR MOUNTAIN, ID US","    0",",,T","    0",",,T","  169",",,T","   96",",,T","  128",",,T","   96",",,T","    0",",,T"
"USS0016A08S","2019-08-17","48.31","-116.07","1645.9","BEAR MOUNTAIN, ID US","    0",",,T","    0",",,T","  151",",,T","   74",",,T","  110",",,T","  116",",,T","    0",",,T"
"USS0016A08S","2019-08-18","48.31","-116.07","1645.9","BEAR MOUNTAIN, ID US","    0",",,T","    0",",,T","  182",",,T","  101",",,T","  141",",,T","  134",",,T","    0",",,T"
"USS0016A08S","2019-08-19","48.31","-116.07","1645.9","BEAR MOUNTAIN, ID US","    0",",,T","    0",",,T","  195",",,T","  121",",,T","  157",",,T","  122",",,T","    0",",,T"
"USS0016A08S","2019-08-20","48.31","-116.07","1645.9","BEAR MOUNTAIN, ID US","    0",",,T","    0",",,T","  238",",,T","  114",",,T","  174",",,T","  171",",,T","    0",",,T"
"USS0016A08S","2019-08-21","48.31","-116.07","1645.9","BEAR MOUNTAIN, ID US","    0",",,T","    0",",,T","  233",",,T","  129",",,T","  182",",,T","  129",",,T","    0",",,T"
"USS0016A08S","2019-08-22","48.31","-116.07","1645.9","BEAR MOUNTAIN, ID US","   25",",,T","    0",",,T","  162",",,T","   99",",,T","  120",",,T","   99",",,T","    0",",,T"
"USS0016A08S","2019-08-23","48.31","-116.07","1645.9","BEAR MOUNTAIN, ID US","    0",",,T","    0",",,T","  181",",,T","   91",",,T","  136",",,T","  135",",,T","    0",",,T"
"USS0016A08S","2019-08-24","48.31","-116.07","1645.9","BEAR MOUNTAIN, ID US","    0",",,T","    0",",,T","  167",",,T","  113",",,T","  140",",,T","  113",",,T","    0",",,T"
"USS0016A08S","2019-08-25","48.31","-116.07","1645.9","BEAR MOUNTAIN, ID US","    0",",,T","    0",",,T","  138",",,T","   69",",,T","  109",",,T","   69",",,T","    0",",,T"
"USS0016A08S","2019-08-26","48.31","-116.07","1645.9","BEAR MOUNTAIN, ID US","    0",",,T","    0",",,T","  158",",,T","   54",",,T","  106",",,T","   81",",,T","    0",",,T"
"USS0016A08S","2019-08-27","48.31","-116.07","1645.9","BEAR MOUNTAIN, ID US","    0",",,T","    0",",,T","  191",",,T","   64",",,T","  128",",,T","  121",",,T","    0",",,T"
"USS0016A08S","2019-08-28","48.31","-116.07","1645.9","BEAR MOUNTAIN, ID US","    0",",,T","    0",",,T","  226",",,T","  115",",,T","  168",",,T","  164",",,T","    0",",,T"
"USS0016A08S","2019-08-29","48.31","-116.07","1645.9","BEAR MOUNTAIN, ID US","    0",",,T","    0",",,T","  208",",,T","  109",",,T","  159",",,T","  109",",,T","    0",",,T"
"USS0016A08S","2019-08-30","48.31","-116.07","1645.9","BEAR MOUNTAIN, ID US","   25",",,T","    0",",,T","  166",",,T","  104",",,T","  128",",,T","  110",",,T","    0",",,T"
"USS0016A08S","2019-08-31","48.31","-116.07","1645.9","BEAR MOUNTAIN, ID US","    0",",,T","    0",",,T","  210",",,T","  105",",,T","  151",",,T","  143",",,T","    0",",,T"
"USS0016A08S","2019-09-01","48.31","-116.07","1645.9","BEAR MOUNTAIN, ID US","    0",",,T","    0",",,T","  218",",,T","  119",",,T","  166",",,T","  134",",,T","    0",",,T"
"USS0016A08S","2019-09-02","48.31","-116.07","1645.9","BEAR MOUNTAIN, ID US","    0",",,T","    0",",,T","  191",",,T","  112",",,T","  144",",,T","  112",",,T","    0",",,T"
"USS0016A08S","2019-09-03","48.31","-116.07","1645.9","BEAR MOUNTAIN, ID US","    0",",,T","    0",",,T","  229",",,T","  103",",,T","  163",",,T","  152",",,T","    0",",,T"
"USS0016A08S","2019-09-04","48.31","-116.07","1645.9","BEAR MOUNTAIN, ID US","    0",",,T","    0",",,T","  182",",,T","  108",",,T","  143",",,T","  109",",,T","    0",",,T"
"USS0016A08S","2019-09-05","48.31","-116.07","1645.9","BEAR MOUNTAIN, ID US","    0",",,T","    0",",,T","  231",",,T","   99",",,T","  159",",,T","  152",",,T","    0",",,T"
"USS0016A08S","2019-09-06","48.31","-116.07","1645.9","BEAR MOUNTAIN, ID US","  102",",,T","    0",",,T","  171",",,T","   82",",,T","  114",",,T","   82",",,T","    0",",,T"
"USS0016A08S","2019-09-07","48.31","-116.07","1645.9","BEAR MOUNTAIN, ID US","    0",",,T","    0",",,T","  184",",,T","   80",",,T","  126",",,T","  110",",,T","    0",",,T"
"USS0016A08S","2019-09-08","48.31","-116.07","1645.9","BEAR MOUNTAIN, ID US","   51",",,T","    0",",,T","  151",",,T","   84",",,T","  106",",,T","   85",",,T","    0",",,T"
"USS0016A08S","2019-09-09","48.31","-116.07","1645.9","BEAR MOUNTAIN, ID US","  254",",,T","    0",",,T","   89",",,T","   56",",,T","   74",",,T","   65",",,T","    0",",,T"
"USS0016A08S","2019-09-10","48.31","-116.07","1645.9","BEAR MOUNTAIN, ID US","   76",",,T","    0",",,T","  102",",,T","   54",",,T","   75",",,T","   55",",,T","    0",",,T"
"USS0016A08S","2019-09-11","48.31","-116.07","1645.9","BEAR MOUNTAIN, ID US","   25",",,T","    0",",,T","  136",",,T","   43",",,T","   86",",,T","   92",",,T","    0",",,T"
"USS0016A08S","2019-09-12","48.31","-116.07","1645.9","BEAR MOUNTAIN, ID US","    0",",,T","    0",",,T","  147",",,T","   63",",,T","  108",",,T","  112",",,T","    0",",,T"
"USS0016A08S","2019-09-13","48.31","-116.07","1645.9","BEAR MOUNTAIN, ID US","    0",",,T","    0",",,T","  118",",,T","   79",",,T","  101",",,T","   91",",,T","    0",",,T"
"USS0016A08S","2019-09-14","48.31","-116.07","1645.9","BEAR MOUNTAIN, ID US","    0",",,T","    0",",,T","  120",",,T","   73",",,T","   93",",,T","   98",",,T","    0",",,T"
"USS0016A08S","2019-09-15","48.31","-116.07","1645.9","BEAR MOUNTAIN, ID US","    0",",,T","    0",",,T","  169",",,T","   72",",,T","  116",",,T","   80",",,T","    0",",,T"
"USS0016A08S","2019-09-16","48.31","-116.07","1645.9","BEAR MOUNTAIN, ID US","    0",",,T","    0",",,T","  124",",,T","   49",",,T","   82",",,T","   57",",,T","    0",",,T"
"USS0016A08S","2019-09-17","48.31","-116.07","1645.9","BEAR MOUNTAIN, ID US","   25",",,T","    0",",,T","   82",",,T","   42",",,T","   59",",,T","   59",",,T","    0",",,T"
"USS0016A08S","2019-09-18","48.31","-116.07","1645.9","BEAR MOUNTAIN, ID US","   51",",,T","    0",",,T","   88",",,T","   49",",,T","   64",",,T","   58",",,T","    0",",,T"
"USS0016A08S","2019-09-19","48.31","-116.07","1645.9","BEAR MOUNTAIN, ID US","    0",",,T","    0",",,T","   97",",,T","   43",",,T","   64",",,T","   53",",,T","    0",",,T"
"USS0016A08S","2019-09-20","48.31","-116.07","1645.9","BEAR MOUNTAIN, ID US","    0",",,T","    0",",,T","   73",",,T","   48",",,T","   64",",,T","   67",",,T","    0",",,T"
"USS0016A08S","2019-09-21","48.31","-116.07","1645.9","BEAR MOUNTAIN, ID US","    0",",,T","    0",",,T","   87",",,T","   53",",,T","   73",",,T","   81",",,T","    0",",,T"
"USS0016A08S","2019-09-22","48.31","-116.07","1645.9","BEAR MOUNTAIN, ID US","   25",",,T","    0",",,T","  142",",,T","   47",",,T","   93",",,T","   79",",,T","    0",",,T"
"USS0016A08S","2019-09-23","48.31","-116.07","1645.9","BEAR MOUNTAIN, ID US","   51",",,T","    0",",,T","   79",",,T","   54",",,T","   68",",,T","   56",",,T","    0",",,T"
"USS0016A08S","2019-09-24","48.31","-116.07","1645.9","BEAR MOUNTAIN, ID US","   51",",,T","    0",",,T","  101",",,T","   48",",,T","   69",",,T","   48",",,T","    0",",,T"
"USS0016A08S","2019-09-25","48.31","-116.07","1645.9","BEAR MOUNTAIN, ID US","    0",",,T","    0",",,T","  104",",,T","   23",",,T","   65",",,T","   69",",,T","    0",",,T"
"USS0016A08S","2019-09-26","48.31","-116.07","1645.9","BEAR MOUNTAIN, ID US","  152",",,T","    0",",,T","   81",",,T","    3",",,T","   52",",,T","    4",",,T","    0",",,T"
"USS0016A08S","2019-09-27","48.31","-116.07","1645.9","BEAR MOUNTAIN, ID US","  152",",,T","   76",",,T","   58",",,T","   -1",",,T","   19",",,T","    2",",,T","  178",",,T"
"USS0016A08S","2019-09-28","48.31","-116.07","1645.9","BEAR MOUNTAIN, ID US","  152",",,T","  102",",,T","    2",",,T","  -48",",,T","  -31",",,T","  -48",",,T","  229",",,T"
"USS0016A08S","2019-09-29","48.31","-116.07","1645.9","BEAR MOUNTAIN, ID US","   76",",,T","  152",",,T","  -30",",,T","  -48",",,T","  -40",",,T","  -41",",,T","  229",",,T"
"USS0016A08S","2019-09-30","48.31","-116.07","1645.9","BEAR MOUNTAIN, ID US","   25",",,T","  102",",,T","   -5",",,T","  -45",",,T","  -31",",,T","  -36",",,T","  203",",,T"
"USS0016A08S","2019-10-01","48.31","-116.07","1645.9","BEAR MOUNTAIN, ID US","    0",",,T","  102",",,T","   28",",,T","  -44",",,T","  -15",",,T","  -35",",,T","  178",",,T"
"USS0016A08S","2019-10-02","48.31","-116.07","1645.9","BEAR MOUNTAIN, ID US","    0",",,T","  102",",,T","   34",",,T","  -39",",,T","   -3",",,T","    1",",,T","  178",",,T"
"USS0016A08S","2019-10-03","48.31","-116.07","1645.9","BEAR MOUNTAIN, ID US","   25",",,T","   76",",,T","   53",",,T","    0",",,T","   22",",,T","   15",",,T","  178",",,T"
"USS0016A08S","2019-10-04","48.31","-116.07","1645.9","BEAR MOUNTAIN, ID US","   51",",,T","   51",",,T","   45",",,T","   12",",,T","   22",",,T","   19",",,T","  178",",,T"
"USS0016A08S","2019-10-05","48.31","-116.07","1645.9","BEAR MOUNTAIN, ID US","   76",",,T","  102",",,T","   34",",,T","   10",",,T","   20",",,T","   24",",,T","  254",",,T"
"USS0016A08S","2019-10-06","48.31","-116.07","1645.9","BEAR MOUNTAIN, ID US","    0",",,T","   76",",,T","   63",",,T","   19",",,T","   39",",,T","   45",",,T","  203",",,T"
"USS0016A08S","2019-10-07","48.31","-116.07","1645.9","BEAR MOUNTAIN, ID US","   25",",,T","   51",",,T","   78",",,T","   39",",,T","   56",",,T","   75",",,T","   76",",,T"
"USS0016A08S","2019-10-08","48.31","-116.07","1645.9","BEAR MOUNTAIN, ID US","  178",",,T","  102",",,T","   75",",,T","  -63",",,T","   10",",,T","  -63",",,T","  152",",,T"
"USS0016A08S","2019-10-09","48.31","-116.07","1645.9","BEAR MOUNTAIN, ID US","    0",",,T","  127",",,T","  -41",",,T","  -89",",,T","  -67",",,T","  -86",",,T","  152",",,T"
"USS0016A08S","2019-10-10","48.31","-116.07","1645.9","BEAR MOUNTAIN, ID US","    0",",,T","  127",",,T","   -4",",,T","  -90",",,T","  -51",",,T","  -57",",,T","  178",",,T"
"USS0016A08S","2019-10-11","48.31","-116.07","1645.9","BEAR MOUNTAIN, ID US","   25",",,T","  102",",,T","   45",",,T","  -59",",,T","  -13",",,T","  -14",",,T","  203",",,T"
"USS0016A08S","2019-10-12","48.31","-116.07","1645.9","BEAR MOUNTAIN, ID US","    0",",,T","   76",",,T","   85",",,T","  -14",",,T","   28",",,T","   27",",,T","  203",",,T"
"USS0016A08S","2019-10-13","48.31","-116.07","1645.9","BEAR MOUNTAIN, ID US","   25",",,T","   76",",,T","   77",",,T","    8",",,T","   33",",,T","    9",",,T","  203",",,T"
"USS0016A08S","2019-10-14","48.31","-116.07","1645.9","BEAR MOUNTAIN, ID US","    0",",,T","   76",",,T","   57",",,T","   -1",",,T","   17",",,T","   -1",",,T","  152",",,T"
"USS0016A08S","2019-10-15","48.31","-116.07","1645.9","BEAR MOUNTAIN, ID US","    0",",,T","   51",",,T","   87",",,T","   -1",",,T","   46",",,T","   62",",,T","  127",",,T"
"USS0016A08S","2019-10-16","48.31","-116.07","1645.9","BEAR MOUNTAIN, ID US","    0",",,T","   51",",,T","  118",",,T","   53",",,T","   85",",,T","   61",",,T","   51",",,T"
"USS0016A08S","2019-10-17","48.31","-116.07","1645.9","BEAR MOUNTAIN, ID US","  254",",,T","  127",",,T","   63",",,T","   15",",,T","   28",",,T","   18",",,T","  152",",,T"
"USS0016A08S","2019-10-18","48.31","-116.07","1645.9","BEAR MOUNTAIN, ID US","  305",",,T","  356",",,T","   18",",,T","   -4",",,T","    4",",,T","   -4",",,T","  432",",,T"
"USS0016A08S","2019-10-19","48.31","-116.07","1645.9","BEAR MOUNTAIN, ID US","  178",",,T","  508",",,T","   18",",,T","   -4",",,T","    5",",,T","   -1",",,T","  610",",,T"
"USS0016A08S","2019-10-20","48.31","-116.07","1645.9","BEAR MOUNTAIN, ID US","  178",",,T","  584",",,T","    2",",,T","   -9",",,T","   -5",",,T","   -5",",,T","  787",",,T"
"USS0016A08S","2019-10-21","48.31","-116.07","1645.9","BEAR MOUNTAIN, ID US","  152",",,T","  584",",,T","   16",",,T","   -7",",,T","    3",",,T","   16",",,T","  914",",,T"
"USS0016A08S","2019-10-22","48.31","-116.07","1645.9","BEAR MOUNTAIN, ID US","  102",",,T","  432",",,T","   55",",,T","   -6",",,T","   33",",,T","   -4",",,T","  864",",,T"
"USS0016A08S","2019-10-23","48.31","-116.07","1645.9","BEAR MOUNTAIN, ID US","    0",",,T","  356",",,T","   44",",,T","  -23",",,T","    3",",,T","   -5",",,T","  838",",,T"
"USS0016A08S","2019-10-24","48.31","-116.07","1645.9","BEAR MOUNTAIN, ID US","   25",",,T","  381",",,T","   50",",,T","   -7",",,T","   25",",,T","   46",",,T","  813",",,T"
"USS0016A08S","2019-10-25","48.31","-116.07","1645.9","BEAR MOUNTAIN, ID US","   76",",,T","  279",",,T","   92",",,T","   -8",",,T","   47",",,T","   -8",",,T","  813",",,T"
"USS0016A08S","2019-10-26","48.31","-116.07","1645.9","BEAR MOUNTAIN, ID US","   51",",,T","  305",",,T","    0",",,T","  -61",",,T","  -24",",,T","  -61",",,T","  838",",,T"
"USS0016A08S","2019-10-27","48.31","-116.07","1645.9","BEAR MOUNTAIN, ID US","    0",",,T","  279",",,T","  -10",",,T","  -73",",,T","  -41",",,T","  -39",",,T","  838",",,T"
"USS0016A08S","2019-10-28","48.31","-116.07","1645.9","BEAR MOUNTAIN, ID US","   51",",,T","  406",",,T","  -17",",,T"," -147",",,T","  -79",",,T"," -147",",,T","  889",",,T"
"USS0016A08S","2019-10-29","48.31","-116.07","1645.9","BEAR MOUNTAIN, ID US","    0",",,T","  406",",,T","  -64",",,T"," -147",",,T"," -115",",,T"," -130",",,T","  889",",,T"
"USS0016A08S","2019-10-30","48.31","-116.07","1645.9","BEAR MOUNTAIN, ID US","    0",",,T","  381",",,T","  -36",",,T"," -130",",,T","  -77",",,T","  -57",",,T","  889",",,T"
"USS0016A08S","2019-10-31","48.31","-116.07","1645.9","BEAR MOUNTAIN, ID US","    0",",,T","  381",",,T","   -4",",,T","  -61",",,T","  -37",",,T","  -59",",,T","  889",",,T"
"USS0016A08S","2019-11-01","48.31","-116.07","1645.9","BEAR MOUNTAIN, ID US","    0",",,T","  381",",,T","    9",",,T","  -68",",,T","  -32",",,T","  -24",",,T","  889",",,T"
"USS0016A08S","2019-11-02","48.31","-116.07","1645.9","BEAR MOUNTAIN, ID US","    0",",,T","  356",",,T","   36",",,T","  -34",",,T","    1",",,T","  -10",",,T","  889",",,T"
"USS0016A08S","2019-11-03","48.31","-116.07","1645.9","BEAR MOUNTAIN, ID US","    0",",,T","  330",",,T","   40",",,T","  -13",",,T","   12",",,T","   21",",,T","  889",",,T"
"USS0016A08S","2019-11-04","48.31","-116.07","1645.9","BEAR MOUNTAIN, ID US","    0",",,T","  330",",,T","   53",",,T","    2",",,T","   30",",,T","   37",",,T","  864",",,T"
"USS0016A08S","2019-11-05","48.31","-116.07","1645.9","BEAR MOUNTAIN, ID US","    0",",,T","  330",",,T","   69",",,T","    0",",,T","   26",",,T","    0",",,T","  864",",,T"
"USS0016A08S","2019-11-06","48.31","-116.07","1645.9","BEAR MOUNTAIN, ID US","    0",",,T","  330",",,T","   23",",,T","  -44",",,T","  -15",",,T","  -44",",,T","  864",",,T"
"USS0016A08S","2019-11-07","48.31","-116.07","1645.9","BEAR MOUNTAIN, ID US","   25",",,T","  356",",,T","   38",",,T","  -44",",,T","   -2",",,T","    5",",,T","  940",",,T"
"USS0016A08S","2019-11-08","48.31","-116.07","1645.9","BEAR MOUNTAIN, ID US","    0",",,T","  356",",,T","   81",",,T","    4",",,T","   47",",,T","   45",",,T","  914",",,T"
"USS0016A08S","2019-11-09","48.31","-116.07","1645.9","BEAR MOUNTAIN, ID US","    0",",,T","  305",",,T","   58",",,T","   20",",,T","   40",",,T","   20",",,T","  889",",,T"
"USS0016A08S","2019-11-10","48.31","-116.07","1645.9","BEAR MOUNTAIN, ID US","    0",",,T","  305",",,T","   41",",,T","  -45",",,T","    7",",,T","  -36",",,T","  864",",,T"
"USS0016A08S","2019-11-11","48.31","-116.07","1645.9","BEAR MOUNTAIN, ID US","    0",",,T","  305",",,T","   21",",,T","  -81",",,T","  -27",",,T","    7",",,T","  864",",,T"
"USS0016A08S","2019-11-12","48.31","-116.07","1645.9","BEAR MOUNTAIN, ID US","  102",",,T","  356",",,T","   27",",,T","  -16",",,T","    1",",,T","  -14",",,T","  991",",,T"
"USS0016A08S","2019-11-13","48.31","-116.07","1645.9","BEAR MOUNTAIN, ID US","   25",",,T","  356",",,T","   22",",,T","  -23",",,T","   -2",",,T","  -23",",,T","  991",",,T"
"USS0016A08S","2019-11-14","48.31","-116.07","1645.9","BEAR MOUNTAIN, ID US","    0",",,T","  381",",,T","   37",",,T","  -27",",,T","    0",",,T","   12",",,T","  991",",,T"
"USS0016A08S","2019-11-15","48.31","-116.07","1645.9","BEAR MOUNTAIN, ID US","   51",",,T","  406",",,T","   39",",,T","   -5",",,T","   11",",,T","   -5",",,T"," 1016",",,T"
"USS0016A08S","2019-11-16","48.31","-116.07","1645.9","BEAR MOUNTAIN, ID US","   51",",,T","  432",",,T","   12",",,T","  -12",",,T","   -2",",,T","   12",",,T"," 1041",",,T"
"USS0016A08S","2019-11-17","48.31","-116.07","1645.9","BEAR MOUNTAIN, ID US","  102",",,T","  381",",,T","   42",",,T","   11",",,T","   27",",,T","   39",",,T"," 1041",",,T"
"USS0016A08S","2019-11-18","48.31","-116.07","1645.9","BEAR MOUNTAIN, ID US","    0",",,T","  356",",,T","   46",",,T","   20",",,T","   32",",,T","   29",",,T"," 1041",",,T"
"USS0016A08S","2019-11-19","48.31","-116.07","1645.9","BEAR MOUNTAIN, ID US","  178",",,T","  406",",,T","   29",",,T","  -17",",,T","    9",",,T","  -17",",,T"," 1194",",,T"
"USS0016A08S","2019-11-20","48.31","-116.07","1645.9","BEAR MOUNTAIN, ID US","    0",",,T","  432",",,T","  -17",",,T","  -55",",,T","  -29",",,T","  -54",",,T"," 1168",",,T"
"USS0016A08S","2019-11-21","48.31","-116.07","1645.9","BEAR MOUNTAIN, ID US","   25",",,T","  432",",,T","  -12",",,T","  -61",",,T","  -38",",,T","  -34",",,T"," 1118",",,T"
"USS0016A08S","2019-11-22","48.31","-116.07","1645.9","BEAR MOUNTAIN, ID US","    0",",,T","  432",",,T","    1",",,T","  -47",",,T","  -25",",,T","  -26",",,T"," 1092",",,T"
"USS0016A08S","2019-11-23","48.31","-116.07","1645.9","BEAR MOUNTAIN, ID US","   25",",,T","  381",",,T","    1",",,T","  -26",",,T","  -12",",,T","    1",",,T"," 1168",",,T"
"USS0016A08S","2019-11-24","48.31","-116.07","1645.9","BEAR MOUNTAIN, ID US","    0",",,T","  432",",,T","    1",",,T","  -48",",,T","  -15",",,T","  -48",",,T"," 1168",",,T"
"USS0016A08S","2019-11-25","48.31","-116.07","1645.9","BEAR MOUNTAIN, ID US","    0",",,T","  432",",,T","  -28",",,T","  -89",",,T","  -50",",,T","  -88",",,T"," 1168",",,T"
"USS0016A08S","2019-11-26","48.31","-116.07","1645.9","BEAR MOUNTAIN, ID US","    0",",,T","  406",",,T","  -51",",,T","  -91",",,T","  -73",",,T","  -74",",,T"," 1168",",,T"
"USS0016A08S","2019-11-27","48.31","-116.07","1645.9","BEAR MOUNTAIN, ID US","    0",",,T","  432",",,T","  -74",",,T"," -121",",,T","  -96",",,T"," -121",",,T"," 1168",",,T"
"USS0016A08S","2019-11-28","48.31","-116.07","1645.9","BEAR MOUNTAIN, ID US","    0",",,T","  432",",,T","  -88",",,T"," -136",",,T"," -114",",,T"," -126",",,T"," 1168",",,T"
"USS0016A08S","2019-11-29","48.31","-116.07","1645.9","BEAR MOUNTAIN, ID US","    0",",,T","  432",",,T","  -69",",,T"," -131",",,T","  -96",",,T","  -84",",,T"," 1168",",,T"
"USS0016A08S","2019-11-30","48.31","-116.07","1645.9","BEAR MOUNTAIN, ID US","    0",",,T","  432",",,T","  -46",",,T"," -109",",,T","  -82",",,T"," -109",",,T"," 1168",",,T"
"USS0016A08S","2019-12-01","48.31","-116.07","1645.9","BEAR MOUNTAIN, ID US","   25",",,T","  457",",,T","  -18",",,T"," -111",",,T","  -57",",,T","  -30",",,T"," 1168",",,T"
"USS0016A08S","2019-12-02","48.31","-116.07","1645.9","BEAR MOUNTAIN, ID US","  127",",,T","  533",",,T","   -5",",,T","  -30",",,T","  -23",",,T","   -6",",,T"," 1295",",,T"
"USS0016A08S","2019-12-03","48.31","-116.07","1645.9","BEAR MOUNTAIN, ID US","  102",",,T","  584",",,T","    7",",,T","   -9",",,T","   -2",",,T","    6",",,T"," 1321",",,T"
"USS0016A08S","2019-12-04","48.31","-116.07","1645.9","BEAR MOUNTAIN, ID US","  178",",,T","  635",",,T","    8",",,T","    2",",,T","    4",",,T","    6",",,T"," 1422",",,T"
"USS0016A08S","2019-12-05","48.31","-116.07","1645.9","BEAR MOUNTAIN, ID US","   76",",,T","  660",",,T","   11",",,T","    2",",,T","    6",",,T","    7",",,T"," 1372",",,T"
"USS0016A08S","2019-12-06","48.31","-116.07","1645.9","BEAR MOUNTAIN, ID US","    0",",,T","  660",",,T","    9",",,T","    3",",,T","    6",",,T","    8",",,T"," 1321",",,T"
"USS0016A08S","2019-12-07","48.31","-116.07","1645.9","BEAR MOUNTAIN, ID US","  356",",,T","  889",",,T","    9",",,T","    1",",,T","    5",",,T","    1",",,T"," 1651",",,T"
"USS0016A08S","2019-12-08","48.31","-116.07","1645.9","BEAR MOUNTAIN, ID US","    0",",,T","  889",",,T","    4",",,T","  -52",",,T","  -18",",,T","  -52",",,T"," 1626",",,T"
"USS0016A08S","2019-12-09","48.31","-116.07","1645.9","BEAR MOUNTAIN, ID US","    0",",,T","  864",",,T","  -42",",,T","  -71",",,T","  -56",",,T","  -52",",,T"," 1575",",,T"
"USS0016A08S","2019-12-10","48.31","-116.07","1645.9","BEAR MOUNTAIN, ID US","   25",",,T","  787",",,T","   -5",",,T","  -52",",,T","  -28",",,T","  -20",",,T"," 1575",",,T"
"USS0016A08S","2019-12-11","48.31","-116.07","1645.9","BEAR MOUNTAIN, ID US","   76",",,T"," 1041",",,T","  -10",",,T","  -36",",,T","  -22",",,T","  -11",",,T"," 1651",",,T"
"USS0016A08S","2019-12-12","48.31","-116.07","1645.9","BEAR MOUNTAIN, ID US","  279",",,T"," 1245",",,T","   -9",",,T","  -20",",,T","  -14",",,T","  -18",",,T"," 1956",",,T"
"USS0016A08S","2019-12-13","48.31","-116.07","1645.9","BEAR MOUNTAIN, ID US","  152",",,T"," 1219",",,T","  -18",",,T","  -38",",,T","  -27",",,T","  -38",",,T"," 2134",",,T"
"USS0016A08S","2019-12-14","48.31","-116.07","1645.9","BEAR MOUNTAIN, ID US","   25",",,T"," 1194",",,T","  -32",",,T","  -53",",,T","  -44",",,T","  -51",",,T"," 2108",",,T"
"USS0016A08S","2019-12-15","48.31","-116.07","1645.9","BEAR MOUNTAIN, ID US","    0",",,T"," 1118",",,T","  -39",",,T","  -74",",,T","  -57",",,T","  -74",",,T"," 2083",",,T"
"USS0016A08S","2019-12-16","48.31","-116.07","1645.9","BEAR MOUNTAIN, ID US","    0",",,T","  864",",,T","  -52",",,T","  -75",",,T","  -64",",,T","  -52",",,T"," 2108",",,T"
"USS0016A08S","2019-12-17","48.31","-116.07","1645.9","BEAR MOUNTAIN, ID US","    0",",,T","  864",",,T","  -40",",,T","  -56",",,T","  -47",",,T","  -49",",,T"," 2108",",,T"
"USS0016A08S","2019-12-18","48.31","-116.07","1645.9","BEAR MOUNTAIN, ID US","    0",",,T","  940",",,T","  -26",",,T","  -56",",,T","  -45",",,T","  -42",",,T"," 2108",",,T"
"USS0016A08S","2019-12-19","48.31","-116.07","1645.9","BEAR MOUNTAIN, ID US","  254",",,T"," 1143",",,T","    3",",,T","  -46",",,T","  -25",",,T","    3",",,T"," 2388",",,T"
"USS0016A08S","2019-12-20","48.31","-116.07","1645.9","BEAR MOUNTAIN, ID US","  787",",,T"," 1448",",,T","   18",",,T","    3",",,T","   12",",,T","   18",",,T"," 3429",",,T"
"USS0016A08S","2019-12-21","48.31","-116.07","1645.9","BEAR MOUNTAIN, ID US","  457",",,T"," 1651",",,T","   22",",,T","   12",",,T","   15",",,T","   12",",,T"," 3912",",,T"
"USS0016A08S","2019-12-22","48.31","-116.07","1645.9","BEAR MOUNTAIN, ID US","  178",",,T"," 1524",",,T","   14",",,T","   -5",",,T","    6",",,T","   10",",,T"," 3962",",,T"
"USS0016A08S","2019-12-23","48.31","-116.07","1645.9","BEAR MOUNTAIN, ID US","    0",",,T"," 1397",",,T","   13",",,T","  -18",",,T","   -5",",,T","  -18",",,T"," 3962",",,T"
"USS0016A08S","2019-12-24","48.31","-116.07","1645.9","BEAR MOUNTAIN, ID US","   25",",,T"," 1346",",,T","  -18",",,T","  -50",",,T","  -36",",,T","  -47",",,T"," 3988",",,T"
"USS0016A08S","2019-12-25","48.31","-116.07","1645.9","BEAR MOUNTAIN, ID US","    0",",,T"," 1270",",,T","  -22",",,T","  -78",",,T","  -47",",,T","  -66",",,T"," 3988",",,T"
"USS0016A08S","2019-12-26","48.31","-116.07","1645.9","BEAR MOUNTAIN, ID US","    0",",,T"," 1219",",,T","  -61",",,T","  -88",",,T","  -70",",,T","  -64",",,T"," 3988",",,T"
"USS0016A08S","2019-12-27","48.31","-116.07","1645.9","BEAR MOUNTAIN, ID US","   25",",,T"," 1245",",,T","  -55",",,T"," -101",",,T","  -68",",,T","  -84",",,T"," 4013",",,T"
"USS0016A08S","2019-12-28","48.31","-116.07","1645.9","BEAR MOUNTAIN, ID US","    0",",,T"," 1245",",,T","  -63",",,T","  -86",",,T","  -74",",,T","  -63",",,T"," 4064",",,T"
"USS0016A08S","2019-12-29","48.31","-116.07","1645.9","BEAR MOUNTAIN, ID US","    0",",,T"," 1245",",,T","  -34",",,T","  -70",",,T","  -51",",,T","  -55",",,T"," 4064",",,T"
"USS0016A08S","2019-12-30","48.31","-116.07","1645.9","BEAR MOUNTAIN, ID US","   25",",,T"," 1346",",,T","  -36",",,T","  -70",",,T","  -53",",,T","  -50",",,T"," 4140",",,T"
"USS0016A08S","2019-12-31","48.31","-116.07","1645.9","BEAR MOUNTAIN, ID US","  406",",,T"," 1651",",,T","    8",",,T","  -50",",,T","  -23",",,T","    8",",,T"," 4750",",,T"
"USS0016A08S","2020-01-01","48.31","-116.07","1645.9","BEAR MOUNTAIN, ID US","  457",",,T"," 1651",",,T","    9",",,T","  -15",",,T","   -1",",,T","  -15",",,T"," 4928",",,T"
"USS0016A08S","2020-01-02","48.31","-116.07","1645.9","BEAR MOUNTAIN, ID US","   25",",,T"," 1651",",,T","  -15",",,T","  -54",",,T","  -38",",,T","  -42",",,T"," 4953",",,T"
"USS0016A08S","2020-01-03","48.31","-116.07","1645.9","BEAR MOUNTAIN, ID US","  127",",,T"," 1702",",,T","   12",",,T","  -42",",,T","   -7",",,T","   10",",,T"," 5105",",,T"
"USS0016A08S","2020-01-04","48.31","-116.07","1645.9","BEAR MOUNTAIN, ID US","   51",",,T"," 1727",",,T","   10",",,T","  -39",",,T","  -19",",,T","  -38",",,T"," 5156",",,T"
"USS0016A08S","2020-01-05","48.31","-116.07","1645.9","BEAR MOUNTAIN, ID US","  178",",,T"," 1880",",,T","  -34",",,T","  -51",",,T","  -40",",,T","  -51",",,T"," 5334",",,T"
"USS0016A08S","2020-01-06","48.31","-116.07","1645.9","BEAR MOUNTAIN, ID US","  533",",,T"," 2261",",,T","    7",",,T","  -55",",,T","  -26",",,T","    5",",,T"," 5994",",,T"
"USS0016A08S","2020-01-07","48.31","-116.07","1645.9","BEAR MOUNTAIN, ID US","  533",",,T"," 2540",",,T","    5",",,T","   -6",",,T","   -2",",,T","   -6",",,T"," 6629",",,T"
"USS0016A08S","2020-01-08","48.31","-116.07","1645.9","BEAR MOUNTAIN, ID US","  381",",,T"," 2718",",,T","   -6",",,T","  -58",",,T","  -29",",,T","  -57",",,T"," 7087",",,T"
"USS0016A08S","2020-01-09","48.31","-116.07","1645.9","BEAR MOUNTAIN, ID US","    0",",,T"," 2616",",,T","  -57",",,T"," -117",",,T","  -89",",,T"," -105",",,T"," 7087",",,T"
"USS0016A08S","2020-01-10","48.31","-116.07","1645.9","BEAR MOUNTAIN, ID US","  127",",,T"," 2616",",,T","  -40",",,T"," -111",",,T","  -75",",,T","  -41",",,T"," 7239",",,T"
"USS0016A08S","2020-01-11","48.31","-116.07","1645.9","BEAR MOUNTAIN, ID US","  483",",,T"," 2845",",,T","  -23",",,T","  -50",",,T","  -32",",,T","  -50",",,T"," 7569",",,T"
"USS0016A08S","2020-01-12","48.31","-116.07","1645.9","BEAR MOUNTAIN, ID US","  406",",,T"," 3150",",,T","  -32",",,T","  -67",",,T","  -46",",,T","  -67",",,T"," 7950",",,T"
"USS0016A08S","2020-01-13","48.31","-116.07","1645.9","BEAR MOUNTAIN, ID US","  229",",,T"," 3277",",,T","  -67",",,T"," -112",",,T","  -91",",,T"," -110",",,T"," 8128",",,T"
"USS0016A08S","2020-01-14","48.31","-116.07","1645.9","BEAR MOUNTAIN, ID US","   76",",,T"," 3353",",,T","  -83",",,T"," -140",",,T"," -108",",,T"," -140",",,T"," 8204",",,T"
"USS0016A08S","2020-01-15","48.31","-116.07","1645.9","BEAR MOUNTAIN, ID US","  127",",,T"," 3251",",,T","  -64",",,T"," -140",",,T","  -98",",,T","  -64",",,T"," 8306",",,T"
"USS0016A08S","2020-01-16","48.31","-116.07","1645.9","BEAR MOUNTAIN, ID US","   51",",,T"," 3226",",,T","   -2",",,T","  -66",",,T","  -29",",,T","  -36",",,T"," 8433",",,T"
"USS0016A08S","2020-01-17","48.31","-116.07","1645.9","BEAR MOUNTAIN, ID US","   25",",,T"," 3150",",,T","  -36",",,T","  -84",",,T","  -69",",,T","  -70",",,T"," 8433",",,T"
"USS0016A08S","2020-01-18","48.31","-116.07","1645.9","BEAR MOUNTAIN, ID US","   51",",,T"," 3124",",,T","  -23",",,T","  -70",",,T","  -45",",,T","  -23",",,T"," 8484",",,T"
"USS0016A08S","2020-01-19","48.31","-116.07","1645.9","BEAR MOUNTAIN, ID US","   51",",,T"," 3023",",,T","   17",",,T","  -27",",,T","   -9",",,T","  -26",",,T"," 8534",",,T"
"USS0016A08S","2020-01-20","48.31","-116.07","1645.9","BEAR MOUNTAIN, ID US","    0",",,T"," 2972",",,T","   21",",,T","  -28",",,T","    2",",,T","    5",",,T"," 8509",",,T"
"USS0016A08S","2020-01-21","48.31","-116.07","1645.9","BEAR MOUNTAIN, ID US","  178",",,T"," 3175",",,T","   18",",,T","  -26",",,T","   -5",",,T","  -21",",,T"," 8661",",,T"
"USS0016A08S","2020-01-22","48.31","-116.07","1645.9","BEAR MOUNTAIN, ID US","  305",",,T"," 3175",",,T","  -16",",,T","  -29",",,T","  -23",",,T","  -16",",,T"," 8966",",,T"
"USS0016A08S","2020-01-23","48.31","-116.07","1645.9","BEAR MOUNTAIN, ID US","  152",",,T"," 3175",",,T","   17",",,T","  -16",",,T","    5",",,T","   12",",,T"," 9119",",,T"
"USS0016A08S","2020-01-24","48.31","-116.07","1645.9","BEAR MOUNTAIN, ID US","  229",",,T"," 3175",",,T","   19",",,T","   -1",",,T","    9",",,T","   -1",",,T"," 9347",",,T"
"USS0016A08S","2020-01-25","48.31","-116.07","1645.9","BEAR MOUNTAIN, ID US","   51",",,T"," 3124",",,T","   17",",,T","   -7",",,T","   -1",",,T","   -7",",,T"," 9398",",,T"
"USS0016A08S","2020-01-26","48.31","-116.07","1645.9","BEAR MOUNTAIN, ID US","   25",",,T"," 3099",",,T","   17",",,T","  -24",",,T","   -4",",,T","  -18",",,T"," 9449",",,T"
"USS0016A08S","2020-01-27","48.31","-116.07","1645.9","BEAR MOUNTAIN, ID US","  102",",,T"," 3124",",,T","  -11",",,T","  -31",",,T","  -21",",,T","  -29",",,T"," 9550",",,T"
"USS0016A08S","2020-01-28","48.31","-116.07","1645.9","BEAR MOUNTAIN, ID US","  152",",,T"," 3200",",,T","   23",",,T","  -29",",,T","   -8",",,T","  -14",",,T"," 9703",",,T"
"USS0016A08S","2020-01-29","48.31","-116.07","1645.9","BEAR MOUNTAIN, ID US","  203",",,T"," 3277",",,T","    4",",,T","  -20",",,T","  -11",",,T","  -20",",,T"," 9906",",,T"
"USS0016A08S","2020-01-30","48.31","-116.07","1645.9","BEAR MOUNTAIN, ID US","  102",",,T"," 3150",",,T","   -1",",,T","  -66",",,T","  -28",",,T","  -16",",,T","10008",",,T"
"USS0016A08S","2020-01-31","48.31","-116.07","1645.9","BEAR MOUNTAIN, ID US","  178",",,T"," 3150",",,T","   42",",,T","  -16",",,T","   19",",,T","   38",",,T","10236",",,T"
"USS0016A08S","2020-02-01","48.31","-116.07","1645.9","BEAR MOUNTAIN, ID US","  279",",,T"," 3048",",,T","   45",",,T","  -32",",,T","   16",",,T","  -32",",,T","10211",",,T"
"USS0016A08S","2020-02-02","48.31","-116.07","1645.9","BEAR MOUNTAIN, ID US","    0",",,T"," 3048",",,T","  -29",",,T"," -112",",,T","  -75",",,T"," -112",",,T","10211",",,T"
"USS0016A08S","2020-02-03","48.31","-116.07","1645.9","BEAR MOUNTAIN, ID US","    0",",,T"," 2997",",,T","  -46",",,T"," -127",",,T","  -90",",,T"," -117",",,T","10236",",,T"
"USS0016A08S","2020-02-04","48.31","-116.07","1645.9","BEAR MOUNTAIN, ID US","   76",",,T"," 3099",",,T","  -73",",,T"," -145",",,T"," -101",",,T","  -73",",,T","10312",",,T"
"USS0016A08S","2020-02-05","48.31","-116.07","1645.9","BEAR MOUNTAIN, ID US","  127",",,T"," 3048",",,T","  -22",",,T","  -73",",,T","  -49",",,T","  -25",",,T","10490",",,T"
"USS0016A08S","2020-02-06","48.31","-116.07","1645.9","BEAR MOUNTAIN, ID US","   76",",,T"," 3073",",,T","   -2",",,T","  -30",",,T","  -23",",,T","  -30",",,T","10566",",,T"
"USS0016A08S","2020-02-07","48.31","-116.07","1645.9","BEAR MOUNTAIN, ID US","   76",",,T"," 3099",",,T","    0",",,T","  -39",",,T","  -20",",,T","   -9",",,T","10668",",,T"
"USS0016A08S","2020-02-08","48.31","-116.07","1645.9","BEAR MOUNTAIN, ID US","  152",",,T"," 3302",",,T","   -1",",,T","  -91",",,T","  -32",",,T","  -91",",,T","10846",",,T"
"USS0016A08S","2020-02-09","48.31","-116.07","1645.9","BEAR MOUNTAIN, ID US","    0",",,T"," 3226",",,T","  -39",",,T","  -98",",,T","  -62",",,T","  -50",",,T","10846",",,T"
"USS0016A08S","2020-02-10","48.31","-116.07","1645.9","BEAR MOUNTAIN, ID US","    0",",,T"," 3200",",,T","  -15",",,T","  -89",",,T","  -50",",,T","  -50",",,T","10846",",,T"
"USS0016A08S","2020-02-11","48.31","-116.07","1645.9","BEAR MOUNTAIN, ID US","    0",",,T"," 3124",",,T","  -18",",,T","  -57",",,T","  -36",",,T","  -57",",,T","10846",",,T"
"USS0016A08S","2020-02-12","48.31","-116.07","1645.9","BEAR MOUNTAIN, ID US","    0",",,T"," 3099",",,T","  -11",",,T","  -72",",,T","  -43",",,T","  -39",",,T","10846",",,T"
"USS0016A08S","2020-02-13","48.31","-116.07","1645.9","BEAR MOUNTAIN, ID US","  127",",,T"," 3200",",,T","   -1",",,T","  -66",",,T","  -26",",,T","  -25",",,T","10973",",,T"
"USS0016A08S","2020-02-14","48.31","-116.07","1645.9","BEAR MOUNTAIN, ID US","  127",",,T"," 3277",",,T","  -25",",,T","  -48",",,T","  -38",",,T","  -47",",,T","11074",",,T"
"USS0016A08S","2020-02-15","48.31","-116.07","1645.9","BEAR MOUNTAIN, ID US","  152",",,T"," 3404",",,T","  -25",",,T","  -49",",,T","  -36",",,T","  -29",",,T","11303",",,T"
"USS0016A08S","2020-02-16","48.31","-116.07","1645.9","BEAR MOUNTAIN, ID US","  127",",,T"," 3378",",,T","  -25",",,T","  -57",",,T","  -39",",,T","  -50",",,T","11430",",,T"
"USS0016A08S","2020-02-17","48.31","-116.07","1645.9","BEAR MOUNTAIN, ID US","    0",",,T"," 3251",",,T","  -29",",,T","  -94",",,T","  -56",",,T","  -94",",,T","11532",",,T"
"USS0016A08S","2020-02-18","48.31","-116.07","1645.9","BEAR MOUNTAIN, ID US","    0",",,T"," 3226",",,T","  -22",",,T"," -109",",,T","  -82",",,T"," -109",",,T","11532",",,T"
"USS0016A08S","2020-02-19","48.31","-116.07","1645.9","BEAR MOUNTAIN, ID US","    0",",,T"," 3200",",,T","  -20",",,T"," -113",",,T","  -81",",,T","  -95",",,T","11532",",,T"
"USS0016A08S","2020-02-20","48.31","-116.07","1645.9","BEAR MOUNTAIN, ID US","    0",",,T"," 3175",",,T","    5",",,T","  -98",",,T","  -51",",,T","  -59",",,T","11532",",,T"
"USS0016A08S","2020-02-21","48.31","-116.07","1645.9","BEAR MOUNTAIN, ID US","    0",",,T"," 3200",",,T","   14",",,T","  -67",",,T","  -29",",,T","  -26",",,T","11532",",,T"
"USS0016A08S","2020-02-22","48.31","-116.07","1645.9","BEAR MOUNTAIN, ID US","    0",",,T"," 3175",",,T","   15",",,T","  -48",",,T","  -14",",,T","  -47",",,T","11557",",,T"
"USS0016A08S","2020-02-23","48.31","-116.07","1645.9","BEAR MOUNTAIN, ID US","   76",",,T"," 3404",",,T","   -6",",,T","  -48",",,T","  -21",",,T","  -38",",,T","11659",",,T"
"USS0016A08S","2020-02-24","48.31","-116.07","1645.9","BEAR MOUNTAIN, ID US","   25",",,T"," 3429",",,T","  -30",",,T","  -48",",,T","  -43",",,T","  -47",",,T","11786",",,T"
"USS0016A08S","2020-02-25","48.31","-116.07","1645.9","BEAR MOUNTAIN, ID US","   76",",,T"," 3378",",,T","  -18",",,T","  -67",",,T","  -43",",,T","  -37",",,T","11862",",,T"
"USS0016A08S","2020-02-26","48.31","-116.07","1645.9","BEAR MOUNTAIN, ID US","   25",",,T"," 3353",",,T","  -15",",,T","  -41",",,T","  -26",",,T","  -25",",,T","11887",",,T"
"USS0016A08S","2020-02-27","48.31","-116.07","1645.9","BEAR MOUNTAIN, ID US","   51",",,T"," 3353",",,T","   25",",,T","  -25",",,T","    0",",,T","    9",",,T","11938",",,T"
"USS0016A08S","2020-02-28","48.31","-116.07","1645.9","BEAR MOUNTAIN, ID US","   51",",,T"," 3302",",,T","   63",",,T","   -4",",,T","   34",",,T","   12",",,T","11989",",,T"
"USS0016A08S","2020-02-29","48.31","-116.07","1645.9","BEAR MOUNTAIN, ID US","  102",",,T"," 3277",",,T","   12",",,T","  -70",",,T","  -35",",,T","  -69",",,T","12090",",,T"
"USS0016A08S","2020-03-01","48.31","-116.07","1645.9","BEAR MOUNTAIN, ID US","   76",",,T"," 3277",",,T","  -27",",,T","  -90",",,T","  -53",",,T","  -47",",,T","12167",",,T"
"USS0016A08S","2020-03-02","48.31","-116.07","1645.9","BEAR MOUNTAIN, ID US","  127",",,T"," 3327",",,T","   -4",",,T","  -53",",,T","  -32",",,T","   -4",",,T","12294",",,T"
"USS0016A08S","2020-03-03","48.31","-116.07","1645.9","BEAR MOUNTAIN, ID US","    0",",,T"," 3302",",,T","   29",",,T","  -10",",,T","    8",",,T","    1",",,T","12294",",,T"
"USS0016A08S","2020-03-04","48.31","-116.07","1645.9","BEAR MOUNTAIN, ID US","    0",",,T"," 3277",",,T","   12",",,T","  -58",",,T","  -13",",,T","  -58",",,T","12294",",,T"
"USS0016A08S","2020-03-05","48.31","-116.07","1645.9","BEAR MOUNTAIN, ID US",,," 3251",",,T","   53",",,T","  -69",",,T","   12",",,T","   37",",,T","12344",",,T"
"USS0016A08S","2020-03-06","48.31","-116.07","1645.9","BEAR MOUNTAIN, ID US","    0",",,T"," 3200",",,T","   49",",,T","    4",",,T","   34",",,T","    5",",,T","12395",",,T"
"USS0016A08S","2020-03-07","48.31","-116.07","1645.9","BEAR MOUNTAIN, ID US","   76",",,T"," 3429",",,T","   12",",,T","  -38",",,T","   -8",",,T","  -34",",,T","12624",",,T"
"USS0016A08S","2020-03-08","48.31","-116.07","1645.9","BEAR MOUNTAIN, ID US","   51",",,T"," 3505",",,T","  -22",",,T","  -71",",,T","  -38",",,T","  -71",",,T","12776",",,T"
"USS0016A08S","2020-03-09","48.31","-116.07","1645.9","BEAR MOUNTAIN, ID US","  178",",,T"," 3454",",,T","   -4",",,T","  -97",",,T","  -55",",,T","  -59",",,T","12827",",,T"
"USS0016A08S","2020-03-10","48.31","-116.07","1645.9","BEAR MOUNTAIN, ID US","   51",",,T"," 3429",",,T","    3",",,T","  -60",",,T","  -25",",,T","   -4",",,T","13081",",,T"
"USS0016A08S","2020-03-11","48.31","-116.07","1645.9","BEAR MOUNTAIN, ID US","  152",",,T"," 3429",",,T","    2",",,T","  -88",",,T","  -26",",,T","  -88",",,T","13183",",,T"
"USS0016A08S","2020-03-12","48.31","-116.07","1645.9","BEAR MOUNTAIN, ID US","    0",",,T"," 3480",",,T","   -4",",,T"," -103",",,T","  -57",",,T","  -72",",,T","13259",",,T"
"USS0016A08S","2020-03-13","48.31","-116.07","1645.9","BEAR MOUNTAIN, ID US","  203",",,T"," 3454",",,T","  -55",",,T"," -148",",,T","  -89",",,T"," -148",",,T","13462",",,T"
"USS0016A08S","2020-03-14","48.31","-116.07","1645.9","BEAR MOUNTAIN, ID US","   51",",,T"," 3353",",,T"," -131",",,T"," -172",",,T"," -152",",,T"," -153",",,T","13691",",,T"
"USS0016A08S","2020-03-15","48.31","-116.07","1645.9","BEAR MOUNTAIN, ID US","    0",",,T"," 3327",",,T","  -35",",,T"," -160",",,T","  -91",",,T","  -46",",,T","13716",",,T"
"USS0016A08S","2020-03-16","48.31","-116.07","1645.9","BEAR MOUNTAIN, ID US","    0",",,T"," 3327",",,T","   22",",,T","  -94",",,T","  -38",",,T","  -50",",,T","13792",",,T"
"USS0016A08S","2020-03-17","48.31","-116.07","1645.9","BEAR MOUNTAIN, ID US","    0",",,T"," 3353",",,T","   50",",,T","  -56",",,T","   -7",",,T","  -28",",,T","13792",",,T"
"USS0016A08S","2020-03-18","48.31","-116.07","1645.9","BEAR MOUNTAIN, ID US","    0",",,T"," 3327",",,T","   62",",,T","  -73",",,T","   -4",",,T","  -18",",,T","13792",",,T"
"USS0016A08S","2020-03-19","48.31","-116.07","1645.9","BEAR MOUNTAIN, ID US","    0",",,T"," 3353",",,T","   48",",,T","  -44",",,T","   -4",",,T","  -36",",,T","13818",",,T"
"USS0016A08S","2020-03-20","48.31","-116.07","1645.9","BEAR MOUNTAIN, ID US","    0",",,T"," 3277",",,T","   65",",,T","  -38",",,T","   18",",,T","   21",",,T","13868",",,T"
"USS0016A08S","2020-03-21","48.31","-116.07","1645.9","BEAR MOUNTAIN, ID US","    0",",,T"," 3251",",,T","   62",",,T","  -23",",,T","   18",",,T","  -18",",,T","13945",",,T"
"USS0016A08S","2020-03-22","48.31","-116.07","1645.9","BEAR MOUNTAIN, ID US","    0",",,T"," 3226",",,T","   50",",,T","  -51",",,T","    5",",,T","   25",",,T","13995",",,T"
"USS0016A08S","2020-03-23","48.31","-116.07","1645.9","BEAR MOUNTAIN, ID US","    0",",,T"," 3251",",,T","   41",",,T","  -21",",,T","   11",",,T","  -21",",,T","14021",",,T"
"USS0016A08S","2020-03-24","48.31","-116.07","1645.9","BEAR MOUNTAIN, ID US","   76",",,T"," 3302",",,T","    8",",,T","  -47",",,T","  -26",",,T","  -34",",,T","14224",",,T"
"USS0016A08S","2020-03-25","48.31","-116.07","1645.9","BEAR MOUNTAIN, ID US","    0",",,T"," 3302",",,T","   11",",,T","  -50",",,T","  -28",",,T","  -43",",,T","14300",",,T"
"USS0016A08S","2020-03-26","48.31","-116.07","1645.9","BEAR MOUNTAIN, ID US","    0",",,T"," 3302",",,T","  -27",",,T","  -69",",,T","  -40",",,T","  -27",",,T","14376",",,T"
"USS0016A08S","2020-03-27","48.31","-116.07","1645.9","BEAR MOUNTAIN, ID US","   25",",,T"," 3327",",,T","  -12",",,T","  -33",",,T","  -22",",,T","  -12",",,T","14478",",,T"
"USS0016A08S","2020-03-28","48.31","-116.07","1645.9","BEAR MOUNTAIN, ID US","   25",",,T"," 3404",",,T","    7",",,T","  -12",",,T","   -1",",,T","    5",",,T","14681",",,T"
"USS0016A08S","2020-03-29","48.31","-116.07","1645.9","BEAR MOUNTAIN, ID US","  152",",,T"," 3531",",,T","   13",",,T","   -1",",,T","    6",",,T","    5",",,T","15113",",,T"
"USS0016A08S","2020-03-30","48.31","-116.07","1645.9","BEAR MOUNTAIN, ID US","  330",",,T"," 3708",",,T","    9",",,T","  -24",",,T","   -5",",,T","  -24",",,T","15443",",,T"
"USS0016A08S","2020-03-31","48.31","-116.07","1645.9","BEAR MOUNTAIN, ID US","  356",",,T"," 3988",",,T","   -6",",,T","  -42",",,T","  -29",",,T","  -39",",,T","15799",",,T"
"USS0016A08S","2020-04-01","48.31","-116.07","1645.9","BEAR MOUNTAIN, ID US","  102",",,T"," 3912",",,T","  -10",",,T","  -71",",,T","  -42",",,T","  -64",",,T","15900",",,T"
"USS0016A08S","2020-04-02","48.31","-116.07","1645.9","BEAR MOUNTAIN, ID US","  127",",,T"," 3861",",,T","   -8",",,T","  -67",",,T","  -46",",,T","  -51",",,T","16002",",,T"
"USS0016A08S","2020-04-03","48.31","-116.07","1645.9","BEAR MOUNTAIN, ID US","  330",",,T"," 4166",",,T","  -36",",,T","  -71",",,T","  -48",",,T","  -71",",,T","16358",",,T"
"USS0016A08S","2020-04-04","48.31","-116.07","1645.9","BEAR MOUNTAIN, ID US","   25",",,T"," 4039",",,T","   -1",",,T","  -82",",,T","  -45",",,T","  -50",",,T","16383",",,T"
"USS0016A08S","2020-04-05","48.31","-116.07","1645.9","BEAR MOUNTAIN, ID US","    0",",,T"," 4013",",,T","   15",",,T","  -50",",,T","  -14",",,T","    1",",,T","16408",",,T"
"USS0016A08S","2020-04-06","48.31","-116.07","1645.9","BEAR MOUNTAIN, ID US","    0",",,T"," 3886",",,T","   42",",,T","   -4",",,T","   16",",,T","   16",",,T","16408",",,T"
"USS0016A08S","2020-04-07","48.31","-116.07","1645.9","BEAR MOUNTAIN, ID US","    0",",,T"," 3835",",,T","   51",",,T","  -10",",,T","   24",",,T","   15",",,T","16408",",,T"
"USS0016A08S","2020-04-08","48.31","-116.07","1645.9","BEAR MOUNTAIN, ID US","    0",",,T"," 3759",",,T","   89",",,T","  -30",",,T","   30",",,T","    6",",,T","16434",",,T"
"USS0016A08S","2020-04-09","48.31","-116.07","1645.9","BEAR MOUNTAIN, ID US","   25",",,T"," 3683",",,T","  119",",,T","   -1",",,T","   61",",,T","   43",",,T","16332",",,T"
"USS0016A08S","2020-04-10","48.31","-116.07","1645.9","BEAR MOUNTAIN, ID US","    0",",,T"," 3607",",,T","  110",",,T","   24",",,T","   67",",,T","   24",",,T","16307",",,T"
"USS0016A08S","2020-04-11","48.31","-116.07","1645.9","BEAR MOUNTAIN, ID US","   25",",,T"," 3658",",,T","   34",",,T","  -96",",,T","  -28",",,T","  -91",",,T","16332",",,T"
"USS0016A08S","2020-04-12","48.31","-116.07","1645.9","BEAR MOUNTAIN, ID US","   25",",,T"," 3607",",,T","    8",",,T"," -115",",,T","  -57",",,T","  -72",",,T","16358",",,T"
"USS0016A08S","2020-04-13","48.31","-116.07","1645.9","BEAR MOUNTAIN, ID US","   25",",,T"," 3556",",,T","   36",",,T","  -95",",,T","  -18",",,T","   16",",,T","16358",",,T"
"USS0016A08S","2020-04-14","48.31","-116.07","1645.9","BEAR MOUNTAIN, ID US","   51",",,T"," 3531",",,T","   65",",,T","   -6",",,T","   22",",,T","   13",",,T","16434",",,T"
"USS0016A08S","2020-04-15","48.31","-116.07","1645.9","BEAR MOUNTAIN, ID US","    0",",,T"," 3556",",,T","   45",",,T","  -36",",,T","    5",",,T","  -26",",,T","16459",",,T"
"USS0016A08S","2020-04-16","48.31","-116.07","1645.9","BEAR MOUNTAIN, ID US","   25",",,T"," 3531",",,T","   62",",,T","  -67",",,T","    6",",,T","   14",",,T","16510",",,T"
"USS0016A08S","2020-04-17","48.31","-116.07","1645.9","BEAR MOUNTAIN, ID US","    0",",,T"," 3480",",,T","   73",",,T","   -5",",,T","   39",",,T","   30",",,T","16459",",,T"
"USS0016A08S","2020-04-18","48.31","-116.07","1645.9","BEAR MOUNTAIN, ID US","    0",",,T"," 3429",",,T","   63",",,T","    4",",,T","   29",",,T","    5",",,T","16459",",,T"
"USS0016A08S","2020-04-19","48.31","-116.07","1645.9","BEAR MOUNTAIN, ID US","    0",",,T"," 3404",",,T","   87",",,T","    5",",,T","   40",",,T","   24",",,T","16383",",,T"
"USS0016A08S","2020-04-20","48.31","-116.07","1645.9","BEAR MOUNTAIN, ID US","   25",",,T"," 3327",",,T","  104",",,T","   15",",,T","   60",",,T","   53",",,T","16408",",,T"
"USS0016A08S","2020-04-21","48.31","-116.07","1645.9","BEAR MOUNTAIN, ID US","    0",",,T"," 3251",",,T","   88",",,T","   49",",,T","   66",",,T","   54",",,T","16256",",,T"
"USS0016A08S","2020-04-22","48.31","-116.07","1645.9","BEAR MOUNTAIN, ID US","   76",",,T"," 3175",",,T","   69",",,T","    8",",,T","   31",",,T","   11",",,T","16104",",,T"
"USS0016A08S","2020-04-23","48.31","-116.07","1645.9","BEAR MOUNTAIN, ID US","   51",",,T"," 3200",",,T","   62",",,T","    7",",,T","   28",",,T","    7",",,T","15900",",,T"
"USS0016A08S","2020-04-24","48.31","-116.07","1645.9","BEAR MOUNTAIN, ID US","    0",",,T"," 3175",",,T","   77",",,T","   -3",",,T","   37",",,T","   34",",,T","15723",",,T"
"USS0016A08S","2020-04-25","48.31","-116.07","1645.9","BEAR MOUNTAIN, ID US","  102",",,T"," 3124",",,T","   55",",,T","   25",",,T","   42",",,T","   27",",,T","15824",",,T"
"USS0016A08S","2020-04-26","48.31","-116.07","1645.9","BEAR MOUNTAIN, ID US","    0",",,T"," 3073",",,T","   77",",,T","    7",",,T","   43",",,T","   48",",,T","15824",",,T"
"USS0016A08S","2020-04-27","48.31","-116.07","1645.9","BEAR MOUNTAIN, ID US","  152",",,T"," 3124",",,T","   70",",,T","   11",",,T","   38",",,T","   21",",,T","15824",",,T"
"USS0016A08S","2020-04-28","48.31","-116.07","1645.9","BEAR MOUNTAIN, ID US","    0",",,T"," 3073",",,T","   97",",,T","   -9",",,T","   53",",,T","   69",",,T","15773",",,T"
"USS0016A08S","2020-04-29","48.31","-116.07","1645.9","BEAR MOUNTAIN, ID US","    0",",,T"," 2997",",,T","  145",",,T","   30",",,T","   90",",,T","   84",",,T","15773",",,T"
"USS0016A08S","2020-04-30","48.31","-116.07","1645.9","BEAR MOUNTAIN, ID US","    0",",,T"," 2972",",,T","   84",",,T","   36",",,T","   61",",,T","   38",",,T","15773",",,T"
"USS0016A08S","2020-05-01","48.31","-116.07","1645.9","BEAR MOUNTAIN, ID US","    0",",,T"," 2921",",,T","   83",",,T","   10",",,T","   42",",,T","   12",",,T","15773",",,T"
"USS0016A08S","2020-05-02","48.31","-116.07","1645.9","BEAR MOUNTAIN, ID US","   51",",,T"," 2845",",,T","  130",",,T","   10",",,T","   62",",,T","   46",",,T","15824",",,T"
"USS0016A08S","2020-05-03","48.31","-116.07","1645.9","BEAR MOUNTAIN, ID US","  152",",,T"," 2896",",,T","   46",",,T","  -16",",,T","    2",",,T","  -11",",,T","16383",",,T"
"USS0016A08S","2020-05-04","48.31","-116.07","1645.9","BEAR MOUNTAIN, ID US","    0",",,T"," 2870",",,T","   64",",,T","  -25",",,T","   19",",,T","    6",",,T","16332",",,T"
"USS0016A08S","2020-05-05","48.31","-116.07","1645.9","BEAR MOUNTAIN, ID US","    0",",,T"," 2819",",,T","  131",",,T","    4",",,T","   65",",,T","   55",",,T","16205",",,T"
"USS0016A08S","2020-05-06","48.31","-116.07","1645.9","BEAR MOUNTAIN, ID US","  229",",,T"," 2946",",,T","   81",",,T","    0",",,T","   30",",,T","    1",",,T","16408",",,T"
"USS0016A08S","2020-05-07","48.31","-116.07","1645.9","BEAR MOUNTAIN, ID US","    0",",,T"," 2896",",,T","   49",",,T","    1",",,T","   21",",,T","   12",",,T","16408",",,T"
"USS0016A08S","2020-05-08","48.31","-116.07","1645.9","BEAR MOUNTAIN, ID US","    0",",,T"," 2819",",,T","  112",",,T","   12",",,T","   56",",,T","   52",",,T","16408",",,T"
"USS0016A08S","2020-05-09","48.31","-116.07","1645.9","BEAR MOUNTAIN, ID US","    0",",,T"," 2743",",,T","  123",",,T","   24",",,T","   75",",,T","   49",",,T","16205",",,T"
"USS0016A08S","2020-05-10","48.31","-116.07","1645.9","BEAR MOUNTAIN, ID US","    0",",,T"," 2692",",,T","  110",",,T","   17",",,T","   61",",,T","   17",",,T","15900",",,T"
"USS0016A08S","2020-05-11","48.31","-116.07","1645.9","BEAR MOUNTAIN, ID US","    0",",,T"," 2616",",,T","   90",",,T","    4",",,T","   44",",,T","   25",",,T","15596",",,T"
"USS0016A08S","2020-05-12","48.31","-116.07","1645.9","BEAR MOUNTAIN, ID US","  102",",,T"," 2591",",,T","   74",",,T","   10",",,T","   38",",,T","   19",",,T","15621",",,T"
"USS0016A08S","2020-05-13","48.31","-116.07","1645.9","BEAR MOUNTAIN, ID US","  254",",,T"," 2616",",,T","   51",",,T","   10",",,T","   27",",,T","   34",",,T","15773",",,T"
"USS0016A08S","2020-05-14","48.31","-116.07","1645.9","BEAR MOUNTAIN, ID US","    0",",,T"," 2565",",,T","  108",",,T","   23",",,T","   57",",,T","   32",",,T","15545",",,T"
"USS0016A08S","2020-05-15","48.31","-116.07","1645.9","BEAR MOUNTAIN, ID US","   25",",,T"," 2540",",,T","   70",",,T","   23",",,T","   41",",,T","   25",",,T","15443",",,T"
"USS0016A08S","2020-05-16","48.31","-116.07","1645.9","BEAR MOUNTAIN, ID US","    0",",,T"," 2438",",,T","  118",",,T","   21",",,T","   65",",,T","   54",",,T","15342",",,T"
"USS0016A08S","2020-05-17","48.31","-116.07","1645.9","BEAR MOUNTAIN, ID US","   51",",,T"," 2413",",,T","  127",",,T","   35",",,T","   71",",,T","   36",",,T","15189",",,T"
"USS0016A08S","2020-05-18","48.31","-116.07","1645.9","BEAR MOUNTAIN, ID US","   25",",,T"," 2362",",,T","  102",",,T","   34",",,T","   60",",,T","   41",",,T","15011",",,T"
"USS0016A08S","2020-05-19","48.31","-116.07","1645.9","BEAR MOUNTAIN, ID US","   51",",,T"," 2337",",,T","  104",",,T","   37",",,T","   73",",,T","   71",",,T","14783",",,T"
"USS0016A08S","2020-05-20","48.31","-116.07","1645.9","BEAR MOUNTAIN, ID US","   76",",,T"," 2261",",,T","   77",",,T","   42",",,T","   64",",,T","   43",",,T","14580",",,T"
"USS0016A08S","2020-05-21","48.31","-116.07","1645.9","BEAR MOUNTAIN, ID US","  127",",,T"," 2235",",,T","   47",",,T","   14",",,T","   30",",,T","   21",",,T","14402",",,T"
"USS0016A08S","2020-05-22","48.31","-116.07","1645.9","BEAR MOUNTAIN, ID US","  203",",,T"," 2388",",,T","   21",",,T","    1",",,T","   12",",,T","   20",",,T","14732",",,T"
"USS0016A08S","2020-05-23","48.31","-116.07","1645.9","BEAR MOUNTAIN, ID US","    0",",,T"," 2311",",,T","   65",",,T","   18",",,T","   32",",,T","   27",",,T","14732",",,T"
"USS0016A08S","2020-05-24","48.31","-116.07","1645.9","BEAR MOUNTAIN, ID US","    0",",,T"," 2235",",,T","  122",",,T","   23",",,T","   70",",,T","   66",",,T","14630",",,T"
"USS0016A08S","2020-05-25","48.31","-116.07","1645.9","BEAR MOUNTAIN, ID US","  127",",,T"," 2159",",,T","  121",",,T","   45",",,T","   74",",,T","   71",",,T","14427",",,T"
"USS0016A08S","2020-05-26","48.31","-116.07","1645.9","BEAR MOUNTAIN, ID US","  127",",,T"," 2134",",,T","  109",",,T","   62",",,T","   75",",,T","   63",",,T","14021",",,T"
"USS0016A08S","2020-05-27","48.31","-116.07","1645.9","BEAR MOUNTAIN, ID US","    0",",,T"," 2057",",,T","  138",",,T","   45",",,T","   87",",,T","   53",",,T","13437",",,T"
"USS0016A08S","2020-05-28","48.31","-116.07","1645.9","BEAR MOUNTAIN, ID US","    0",",,T"," 1956",",,T","  185",",,T","   50",",,T","  111",",,T","   87",",,T","12903",",,T"
"USS0016A08S","2020-05-29","48.31","-116.07","1645.9","BEAR MOUNTAIN, ID US","   25",",,T"," 1829",",,T","  214",",,T","   73",",,T","  142",",,T","  115",",,T","12243",",,T"
"USS0016A08S","2020-05-30","48.31","-116.07","1645.9","BEAR MOUNTAIN, ID US","  127",",,T"," 1753",",,T","  222",",,T","   90",",,T","  148",",,T","   92",",,T","11760",",,T"
"USS0016A08S","2020-05-31","48.31","-116.07","1645.9","BEAR MOUNTAIN, ID US","  178",",,T"," 1702",",,T","  104",",,T","   34",",,T","   56",",,T","   44",",,T","11379",",,T"
"USS0016A08S","2020-06-01","48.31","-116.07","1645.9","BEAR MOUNTAIN, ID US","    0",",,T"," 1676",",,T","  108",",,T","   29",",,T","   72",",,T","   56",",,T","11024",",,T"
"USS0016A08S","2020-06-02","48.31","-116.07","1645.9","BEAR MOUNTAIN, ID US","    0",",,T"," 1600",",,T","  133",",,T","   51",",,T","   92",",,T","   81",",,T","10490",",,T"
"USS0016A08S","2020-06-03","48.31","-116.07","1645.9","BEAR MOUNTAIN, ID US","    0",",,T"," 1524",",,T","  129",",,T","   50",",,T","   87",",,T","   86",",,T"," 9906",",,T"
