"STATION","DATE","LATITUDE","LONGITUDE","ELEVATION","NAME","PRCP","PRCP_ATTRIBUTES","SNOW","SNOW_ATTRIBUTES","SNWD","SNWD_ATTRIBUTES","TMAX","TMAX_ATTRIBUTES","TMIN","TMIN_ATTRIBUTES","AWND","AWND_ATTRIBUTES","DAPR","DAPR_ATTRIBUTES","FMTM","FMTM_ATTRIBUTES","MDPR","MDPR_ATTRIBUTES","PGTM","PGTM_ATTRIBUTES","TAVG","TAVG_ATTRIBUTES","TSUN","TSUN_ATTRIBUTES","WDF2","WDF2_ATTRIBUTES","WDF5","WDF5_ATTRIBUTES","WESD","WESD_ATTRIBUTES","WSF2","WSF2_ATTRIBUTES","WSF5","WSF5_ATTRIBUTES","WT01","WT01_ATTRIBUTES","WT02","WT02_ATTRIBUTES","WT03","WT03_ATTRIBUTES","WT04","WT04_ATTRIBUTES","WT05","WT05_ATTRIBUTES","WT06","WT06_ATTRIBUTES","WT07","WT07_ATTRIBUTES","WT08","WT08_ATTRIBUTES","WT09","WT09_ATTRIBUTES","WT10","WT10_ATTRIBUTES","WT11","WT11_ATTRIBUTES","WT13","WT13_ATTRIBUTES","WT14","WT14_ATTRIBUTES","WT15","WT15_ATTRIBUTES","WT16","WT16_ATTRIBUTES","WT17","WT17_ATTRIBUTES","WT18","WT18_ATTRIBUTES","WT19","WT19_ATTRIBUTES","WT21","WT21_ATTRIBUTES","WT22","WT22_ATTRIBUTES","WV01","WV01_ATTRIBUTES","WV03","WV03_ATTRIBUTES","WV07","WV07_ATTRIBUTES","WV20","WV20_ATTRIBUTES"
"USW00023040","2018-07-06","31.7801","-103.2018","855.6","WINK FAA AIRPORT, TX US","    0","T,,W,2400","    0",",,H","    0",",,H","  339",",,W","  206",",,W","   27",",,W",,,,,,,,,,,,,"   80",",,W","   80",",,W",,,"  112",",,W","  143",",,W",,,,,"    1",",,W",,,,,,,,,,,,,,,,,,,,,,,,,,,,,,,,,,,,,,,,,,
"USW00023040","2018-07-07","31.7801","-103.2018","855.6","WINK FAA AIRPORT, TX US",,,"    0",",,H","    0",",,H","  311",",,W","  200",",,W","   30",",,W",,,,,,,,,,,,,"   50",",,W","   70",",,W",,,"   98",",,W","  125",",,W","    1",",,W",,,"    1",",,W",,,,,,,,,,,,,,,,,,,,,,,,,,,,,,,,,,,,,,,,,,
"USW00023040","2018-07-08","31.7801","-103.2018","855.6","WINK FAA AIRPORT, TX US","    0",",,W,2400","    0",",,H","    0",",,H","  328",",,W","  206",",,W","   26",",,W",,,,,,,,,,,,,"  120",",,W","  110",",,W",,,"  112",",,W","  148",",,W",,,,,"    1",",,W",,,,,,,,,,,,,,,,,,,,,,,,,,,,,,,,,,,,,,,,,,
"USW00023040","2018-07-09","31.7801","-103.2018","855.6","WINK FAA AIRPORT, TX US","    0",",,W,2400","    0",",,H","    0",",,H","  317",",,W","  206",",,W","   30",",,W",,,,,,,,,,,,,"   50",",,W","   90",",,W",,,"   76",",,W","  103",",,W",,,,,"    1",",,W",,,,,,,,,,,,,,,,,,,,,,,,,,,,,,,,,,,,,,,,,,
"USW00023040","2018-07-10","31.7801","-103.2018","855.6","WINK FAA AIRPORT, TX US","    0",",,W,2400","    0",",,H","    0",",,H","  317",",,W","  217",",,W","   34",",,W",,,,,,,,,,,,,"  170",",,W","  170",",,W",,,"   98",",,W","  116",",,W",,,,,"    1",",,W",,,,,,,,,,,,,,,,,,,,,,,,,,,,,,,,,,,,,,,,,,
"USW00023040","2018-07-11","31.7801","-103.2018","855.6","WINK FAA AIRPORT, TX US","    0",",,W,2400","    0",",,H","    0",",,H","  350",",,W","  206",",,W","   41",",,W",,,,,,,,,,,,,"  150",",,W","  150",",,W",,,"   94",",,W","  116",",,W",,,,,,,,,,,,,,,,,,,,,,,,,,,,,,,,,,,,,,,,,,,,,,,,
"USW00023040","2018-07-12","31.7801","-103.2018","855.6","WINK FAA AIRPORT, TX US","    0",",,W,2400","    0",",,H","    0",",,H","  361",",,W","  222",",,W","   42",",,W",,,,,,,,,,,,,"  250",",,W","  220",",,W",,,"  103",",,W","  134",",,W",,,,,,,,,,,,,,,,,,,,,,,,,,,,,,,,,,,,,,,,,,,,,,,,
"USW00023040","2018-07-13","31.7801","-103.2018","855.6","WINK FAA AIRPORT, TX US","    0",",,W,2400","    0",",,H","    0",",,H","  372",",,W","  233",",,W","   43",",,W",,,,,,,,,,,,,"  130",",,W","  150",",,W",,,"   81",",,W","  112",",,W",,,,,"    1",",,W",,,,,,,,,,,,,,,,,,,,,,,,,,,,,,,,,,,,,,,,,,
"USW00023040","2018-07-14","31.7801","-103.2018","855.6","WINK FAA AIRPORT, TX US","    0",",,W,2400","    0",",,H","    0",",,H","  372",",,W","  233",",,W","   42",",,W",,,,,,,,,,,,,"  290",",,W","  290",",,W",,,"  103",",,W","  121",",,W",,,,,,,,,,,,,,,,,,,,,,,,,,,,,,,,,,,,,,,,,,,,,,,,
"USW00023040","2018-07-15","31.7801","-103.2018","855.6","WINK FAA AIRPORT, TX US","    0","T,,W,2400","    0",",,H","    0",",,H","  361",",,W","  217",",,W","   41",",,W",,,,,,,,,,,,,"  180",",,W","  170",",,W",,,"  161",",,W","  206",",,W",,,,,"    1",",,W",,,,,,,,,,,,,,,,,,,,,,,,,,,,,,,,,,,,,,,,,,
"USW00023040","2018-07-16","31.7801","-103.2018","855.6","WINK FAA AIRPORT, TX US","    0",",,W,2400","    0",",,H","    0",",,H","  361",",,W","  217",",,W","   35",",,W",,,,,,,,,,,,,"  130",",,W","  120",",,W",,,"   94",",,W","  116",",,W",,,,,,,,,,,,,,,,,,,,,,,,,,,,,,,,,,,,,,,,,,,,,,,,
"USW00023040","2018-07-17","31.7801","-103.2018","855.6","WINK FAA AIRPORT, TX US","    0",",,W,2400","    0",",,H","    0",",,H","  372",",,W","  211",",,W","   30",",,W",,,,,,,,,,,,,"  230",",,W","  240",",,W",,,"   63",",,W","   81",",,W",,,,,,,,,,,,,,,,,,,,,,,,,,,,,,,,,,,,,,,,,,,,,,,,
"USW00023040","2018-07-18","31.7801","-103.2018","855.6","WINK FAA AIRPORT, TX US","    0",",,W,2400","    0",",,H","    0",",,H","  394",",,W","  233",",,W","   31",",,W",,,,,,,,,,,,,"  170",",,W","  140",",,W",,,"   58",",,W","   76",",,W",,,,,,,,,,,,,,,,,,,,,,,,,,,,,,,,,,,,,,,,,,,,,,,,
"USW00023040","2018-07-19","31.7801","-103.2018","855.6","WINK FAA AIRPORT, TX US","    0",",,W,2400","    0",",,H","    0",",,H","  411",",,W","  250",",,W","   47",",,W",,,,,,,,,,,,,"  150",",,W","  160",",,W",,,"   81",",,W","  107",",,W",,,,,,,,,,,,,,,,,,,,,,,,,,,,,,,,,,,,,,,,,,,,,,,,
"USW00023040","2018-07-20","31.7801","-103.2018","855.6","WINK FAA AIRPORT, TX US","    0",",,W,2400","    0",",,H",,,"  406",",,W","  211",",,W","   43",",,W",,,,,,,,,,,,,"  120",",,W","  130",",,W",,,"   94",",,W","  116",",,W",,,,,,,,,,,,,,,,,,,,,,,,,,,,,,,,,,,,,,,,,,,,,,,,
"USW00023040","2018-07-21","31.7801","-103.2018","855.6","WINK FAA AIRPORT, TX US","    0",",,W,2400","    0",",,H","    0",",,H","  400",",,W","  217",",,W","   47",",,W",,,,,,,,,,,,,"  130",",,W","  120",",,W",,,"   89",",,W","  116",",,W",,,,,,,,,,,,,,,,,,,,,,,,,,,,,,,,,,,,,,,,,,,,,,,,
"USW00023040","2018-07-22","31.7801","-103.2018","855.6","WINK FAA AIRPORT, TX US","    0",",,W,2400","    0",",,H","    0",",,H","  406",",,W","  222",",,W","   38",",,W",,,,,,,,,,,,,"  160",",,W","  120",",,W",,,"   67",",,W","   94",",,W",,,,,,,,,,,,,,,,,,,,,,,,,,,,,,,,,,,,,,,,,,,,,,,,
"USW00023040","2018-07-23","31.7801","-103.2018","855.6","WINK FAA AIRPORT, TX US","    0",",,W,2400","    0",",,H","    0",",,H","  417",",,W","  228",",,W","   42",",,W",,,,,,,,,,,,,"   70",",,W","   70",",,W",,,"   98",",,W","  130",",,W",,,,,,,,,,,,,,,,,,,,,,,,,,,,,,,,,,,,,,,,,,,,,,,,
"USW00023040","2018-07-24","31.7801","-103.2018","855.6","WINK FAA AIRPORT, TX US","    0",",,W,2400","    0",",,H","    0",",,H","  378",",,W","  250",",,W","   47",",,W",,,,,,,,,,,,,"  330",",,W","  320",",,W",,,"   98",",,W","  121",",,W",,,,,,,,,,,,,,,,,,,,,,,,,,,,,,,,,,,,,,,,,,,,,,,,
"USW00023040","2018-07-25","31.7801","-103.2018","855.6","WINK FAA AIRPORT, TX US","    0","T,,W,2400","    0",",,H","    0",",,H","  389",",,W","  261",",,W","   41",",,W",,,,,,,,,,,,,"  130",",,W","  120",",,W",,,"   94",",,W","  116",",,W",,,,,"    1",",,W",,,,,,,,,,,,,,,,,,,,,,,,,,,,,,,,,,,,,,,,,,
"USW00023040","2018-07-26","31.7801","-103.2018","855.6","WINK FAA AIRPORT, TX US","    0",",,W,2400","    0",",,H","    0",",,H","  378",",,W","  244",",,W","   51",",,W",,,,,,,,,,,,,"   60",",,W","   60",",,W",,,"  112",",,W","  148",",,W",,,,,,,,,,,,,,,,,,,,,,,,,,,,,,,,,,,,,,,,,,,,,,,,
"USW00023040","2018-07-27","31.7801","-103.2018","855.6","WINK FAA AIRPORT, TX US","    0",",,W,2400","    0",",,H","    0",",,H","  356",",,W","  250",",,W","   35",",,W",,,,,,,,,,,,,"  110",",,W","  130",",,W",,,"   72",",,W","   89",",,W",,,,,,,,,,,,,,,,,,,,,,,,,,,,,,,,,,,,,,,,,,,,,,,,
"USW00023040","2018-07-28","31.7801","-103.2018","855.6","WINK FAA AIRPORT, TX US","    0",",,W,2400","    0",",,H","    0",",,H","  378",",,W","  233",",,W","   34",",,W",,,,,,,,,,,,,"  140",",,W","  130",",,W",,,"   72",",,W","   89",",,W",,,,,,,,,,,,,,,,,,,,,,,,,,,,,,,,,,,,,,,,,,,,,,,,
"USW00023040","2018-07-29","31.7801","-103.2018","855.6","WINK FAA AIRPORT, TX US","    0",",,W,2400","    0",",,H","    0",",,H","  389",",,W","  222",",,W","   38",",,W",,,,,,,,,,,,,"  120",",,W","  120",",,W",,,"   76",",,W","   98",",,W",,,,,,,,,,,,,,,,,,,,,,,,,,,,,,,,,,,,,,,,,,,,,,,,
"USW00023040","2018-07-30","31.7801","-103.2018","855.6","WINK FAA AIRPORT, TX US","    0",",,W,2400","    0",",,H","    0",",,H","  394",",,W","  233",",,W","   49",",,W",,,,,,,,,,,,,"   70",",,W","   70",",,W",,,"  130",",,W","  161",",,W",,,,,,,,,,,,,,,,,,,,,,,,,,,,,,,,,,,,,,,,,,,,,,,,
"USW00023040","2018-07-31","31.7801","-103.2018","855.6","WINK FAA AIRPORT, TX US","    0","T,,W,2400","    0",",,H","    0",",,H","  322",",,W","  200",",,W","   31",",,W",,,,,,,,,,,,,"   50",",,W","   40",",,W",,,"  134",",,W","  174",",,W","    1",",,W",,,"    1",",,W",,,,,,,,,"    1",",,W",,,,,,,,,,,,,,,,,,,,,,,,,,,,,,,,
"USW00023040","2018-08-01","31.7801","-103.2018","855.6","WINK FAA AIRPORT, TX US","    0",",,W,2400",,,,,"  361",",,W","  206",",,W","   37",",,W",,,,,,,,,,,,,"  140",",,W","  160",",,W",,,"   67",",,W","   94",",,W",,,,,,,,,,,,,,,,,,,,,,,,,,,,,,,,,,,,,,,,,,,,,,,,
"USW00023040","2018-08-02","31.7801","-103.2018","855.6","WINK FAA AIRPORT, TX US","    0",",,W,2400","    0",",,H","    0",",,H","  389",",,W","  228",",,W","   42",",,W",,,,,,,,,,,,,"  150",",,W","  140",",,W",,,"   94",",,W","  121",",,W",,,,,,,,,,,,,,,,,,,,,,,,,,,,,,,,,,,,,,,,,,,,,,,,
"USW00023040","2018-08-03","31.7801","-103.2018","855.6","WINK FAA AIRPORT, TX US","    0",",,W,2400","    0",",,H","    0",",,H","  389",",,W","  233",",,W","   71",",,W",,,,,,,,,,,,,"  130",",,W","  130",",,W",,,"  116",",,W","  157",",,W",,,,,,,,,,,,,,,,,,,,,,,,,,,,,,,,,,,,,,,,,,,,,,,,
"USW00023040","2018-08-04","31.7801","-103.2018","855.6","WINK FAA AIRPORT, TX US","    0",",,W,2400","    0",",,H","    0",",,H","  372",",,W","  256",",,W","   55",",,W",,,,,,,,,,,,,"  140",",,W","  150",",,W",,,"  103",",,W","  134",",,W",,,,,,,,,,,,,,,,,,,,,,,,,,,,,,,,,,,,,,,,,,,,,,,,
"USW00023040","2018-08-05","31.7801","-103.2018","855.6","WINK FAA AIRPORT, TX US","    0",",,W,2400","    0",",,H","    0",",,H","  361",",,W","  228",",,W","   70",",,W",,,,,,,,,,,,,"  140",",,W","  140",",,W",,,"  107",",,W","  143",",,W",,,,,,,,,,,,,,,,,,,,,,,,,,,,,,,,,,,,,,,,,,,,,,,,
"USW00023040","2018-08-06","31.7801","-103.2018","855.6","WINK FAA AIRPORT, TX US","    0",",,W,2400","    0",",,H","    0",",,H","  356",",,W","  206",",,W","   60",",,W",,,,,,,,,,,,,"  130",",,W","  150",",,W",,,"   98",",,W","  134",",,W",,,,,,,,,,,,,,,,,,,,,,,,,,,,,,,,,,,,,,,,,,,,,,,,
"USW00023040","2018-08-07","31.7801","-103.2018","855.6","WINK FAA AIRPORT, TX US","    0",",,W,2400","    0",",,H","    0",",,H","  378",",,W","  233",",,W","   51",",,W",,,,,,,,,,,,,"  150",",,W","  150",",,W",,,"   89",",,W","  130",",,W",,,,,,,,,,,,,,,,,,,,,,,,,,,,,,,,,,,,,,,,,,,,,,,,
"USW00023040","2018-08-08","31.7801","-103.2018","855.6","WINK FAA AIRPORT, TX US","    0",",,W,2400","    0",",,H","    0",",,H","  378",",,W","  233",",,W","   50",",,W",,,,,,,,,,,,,"  130",",,W","  140",",,W",,,"   94",",,W","  116",",,W",,,,,,,,,,,,,,,,,,,,,,,,,,,,,,,,,,,,,,,,,,,,,,,,
"USW00023040","2018-08-09","31.7801","-103.2018","855.6","WINK FAA AIRPORT, TX US","    0",",,W,2400","    0",",,H","    0",",,H","  350",",,W","  217",",,W","   44",",,W",,,,,,,,,,,,,"   20",",,W","   20",",,W",,,"  134",",,W","  174",",,W",,,,,,,,,,,,,,,,,,,,,,,,,,,,,,,,,,,,,,,,,,,,,,,,
"USW00023040","2018-08-10","31.7801","-103.2018","855.6","WINK FAA AIRPORT, TX US","    0",",,W,2400","    0",",,H","    0",",,H","  311",",,W","  211",",,W","   42",",,W",,,,,,,,,,,,,"   60",",,W","  340",",,W",,,"   89",",,W","  112",",,W",,,,,"    1",",,W",,,,,,,,,,,,,,,,,,,,,,,,,,,,,,,,,,,,,,,,,,
"USW00023040","2018-08-11","31.7801","-103.2018","855.6","WINK FAA AIRPORT, TX US","    0","T,,W,2400","    0",",,H","    0",",,H","  283",",,W","  200",",,W","   24",",,W",,,,,,,,,,,,,"   60",",,W","   60",",,W",,,"  112",",,W","  161",",,W","    1",",,W",,,"    1",",,W",,,,,,,,,,,,,,,,,,,,,,,,,,,,,,,,,,,,,,,,,,
"USW00023040","2018-08-12","31.7801","-103.2018","855.6","WINK FAA AIRPORT, TX US",,,"    0",",,H","    0",",,H","  300",",,W","  194",",,W","   26",",,W",,,,,,,,,,,,,"  120",",,W","  130",",,W",,,"   63",",,W","   76",",,W",,,,,"    1",",,W",,,,,,,,,,,,,,,,,,,,,,,,,,,,,,,,,,,,,,,,,,
"USW00023040","2018-08-13","31.7801","-103.2018","855.6","WINK FAA AIRPORT, TX US","    0",",,W,2400","    0",",,H","    0",",,H","  344",",,W","  189",",,W","   31",",,W",,,,,,,,,,,,,"  140",",,W","  150",",,W",,,"  107",",,W","  125",",,W",,,,,,,,,,,,,,,,,,,,,,,,,,,,,,,,,,,,,,,,,,,,,,,,
"USW00023040","2018-08-14","31.7801","-103.2018","855.6","WINK FAA AIRPORT, TX US","    0",",,W,2400","    0",",,H","    0",",,H","  378",",,W","  194",",,W","   51",",,W",,,,,,,,,,,,,"  140",",,W","  150",",,W",,,"  103",",,W","  139",",,W","    1",",,W",,,,,,,,,,,,,,,,,,,,,,,,,,,,,,,,,,,,,,,,,,,,,,
"USW00023040","2018-08-15","31.7801","-103.2018","855.6","WINK FAA AIRPORT, TX US","    0",",,W,2400","    0",",,H","    0",",,H","  383",",,W","  228",",,W","   47",",,W",,,,,,,,,,,,,"  150",",,W","  150",",,W",,,"  103",",,W","  130",",,W",,,,,,,,,,,,,,,,,,,,,,,,,,,,,,,,,,,,,,,,,,,,,,,,
"USW00023040","2018-08-16","31.7801","-103.2018","855.6","WINK FAA AIRPORT, TX US","    0",",,W,2400","    0",",,H","    0",",,H","  389",",,W","  233",",,W","   40",",,W",,,,,,,,,,,,,"  190",",,W","  190",",,W",,,"  157",",,W","  206",",,W",,,,,"    1",",,W",,,,,,,,,"    1",",,W",,,,,,,,,,,,,,,,,,,,,,,,,,,,,,,,
"USW00023040","2018-08-17","31.7801","-103.2018","855.6","WINK FAA AIRPORT, TX US","    0",",,W,2400","    0",",,H","    0",",,H","  378",",,W","  217",",,W","   30",",,W",,,,,,,,,,,,,"  150",",,W","  150",",,W",,,"   72",",,W","   89",",,W",,,,,"    1",",,W",,,,,,,,,,,,,,,,,,,,,,,,,,,,,,,,,,,,,,,,,,
"USW00023040","2018-08-18","31.7801","-103.2018","855.6","WINK FAA AIRPORT, TX US","   38",",,W,2400","    0",",,H","    0",",,H","  383",",,W","  228",",,W","   40",",,W",,,,,,,,,,,,,"  160",",,W","  160",",,W",,,"  139",",,W","  174",",,W","    1",",,W",,,"    1",",,W",,,,,,,,,,,,,,,,,,,,,,,,,,,,,,,,,,,,,,,,,,
"USW00023040","2018-08-19","31.7801","-103.2018","855.6","WINK FAA AIRPORT, TX US","    5",",,W,2400","    0",",,H","    0",",,H","  361",",,W","  228",",,W","   33",",,W",,,,,,,,,,,,,"  120",",,W","   70",",,W",,,"   81",",,W","  103",",,W",,,,,"    1",",,W",,,,,,,,,,,,,,,,,,,,,,,,,,,,,,,,,,,,,,,,,,
"USW00023040","2018-08-20","31.7801","-103.2018","855.6","WINK FAA AIRPORT, TX US","    0","T,,W,2400","    0",",,H","    0",",,H","  339",",,W","  206",",,W","   42",",,W",,,,,,,,,,,,,"  360",",,W","  360",",,W",,,"  103",",,W","  139",",,W",,,,,"    1",",,W",,,,,,,,,,,,,,,,,,,,,,,,,,,,,,,,,,,,,,,,,,
"USW00023040","2018-08-21","31.7801","-103.2018","855.6","WINK FAA AIRPORT, TX US","    0",",,W,2400","    0",",,H","    0",",,H","  372",",,W","  217",",,W","   44",",,W",,,,,,,,,,,,,"  170",",,W","  170",",,W",,,"   94",",,W","  121",",,W",,,,,,,,,,,,,,,,,,,,,,,,,,,,,,,,,,,,,,,,,,,,,,,,
"USW00023040","2018-08-22","31.7801","-103.2018","855.6","WINK FAA AIRPORT, TX US","    0",",,W,2400","    0",",,H","    0",",,H","  372",",,W","  222",",,W","   52",",,W",,,,,,,,,,,,,"  130",",,W","  170",",,W",,,"  103",",,W","  125",",,W",,,,,,,,,,,,,,,,,,,,,,,,,,,,,,,,,,,,,,,,,,,,,,,,
"USW00023040","2018-08-23","31.7801","-103.2018","855.6","WINK FAA AIRPORT, TX US","    0",",,W,2400","    0",",,H","    0",",,H","  383",",,W","  222",",,W","   43",",,W",,,,,,,,,,,,,"  150",",,W","  140",",,W",,,"   94",",,W","  130",",,W",,,,,,,,,,,,,,,,,,,,,,,,,,,,,,,,,,,,,,,,,,,,,,,,
"USW00023040","2018-08-24","31.7801","-103.2018","855.6","WINK FAA AIRPORT, TX US","    0",",,W,2400","    0",",,H","    0",",,H","  400",",,W","  239",",,W","   43",",,W",,,,,,,,,,,,,"  270",",,W","  250",",,W",,,"  107",",,W","  134",",,W",,,,,"    1",",,W",,,,,,,,,,,,,,,,,,,,,,,,,,,,,,,,,,,,,,,,,,
"USW00023040","2018-08-25","31.7801","-103.2018","855.6","WINK FAA AIRPORT, TX US","    0",",,W,2400","    0",",,H","    0",",,H","  389",",,W","  244",",,W","   52",",,W",,,,,,,,,,,,,"  150",",,W","  150",",,W",,,"   81",",,W","  107",",,W",,,,,,,,,,,,,,,,,,,,,,,,,,,,,,,,,,,,,,,,,,,,,,,,
"USW00023040","2018-08-26","31.7801","-103.2018","855.6","WINK FAA AIRPORT, TX US","    0","T,,W,2400","    0",",,H","    0",",,H","  394",",,W","  233",",,W","   51",",,W",,,,,,,,,,,,,"  140",",,W","  140",",,W",,,"   98",",,W","  134",",,W",,,,,"    1",",,W",,,,,,,,,,,,,,,,,,,,,,,,,,,,,,,,,,,,,,,,,,
"USW00023040","2018-08-27","31.7801","-103.2018","855.6","WINK FAA AIRPORT, TX US","    0",",,W,2400","    0",",,H","    0",",,H","  400",",,W","  244",",,W","   52",",,W",,,,,,,,,,,,,"  260",",,W","  280",",,W",,,"  103",",,W","  161",",,W",,,,,"    1",",,W",,,,,,,,,,,,,,,,,,,,,,,,,,,,,,,,,,,,,,,,,,
"USW00023040","2018-08-28","31.7801","-103.2018","855.6","WINK FAA AIRPORT, TX US","    0",",,W,2400","    0",",,H","    0",",,H","  400",",,W","  228",",,W","   43",",,W",,,,,,,,,,,,,"  150",",,W","  150",",,W",,,"   98",",,W","  134",",,W",,,,,,,,,,,,,,,,,,,,,,,,,,,,,,,,,,,,,,,,,,,,,,,,
"USW00023040","2018-08-29","31.7801","-103.2018","855.6","WINK FAA AIRPORT, TX US","    0",",,W,2400","    0",",,H","    0",",,H","  383",",,W","  244",",,W","   50",",,W",,,,,,,,,,,,,"  120",",,W","  130",",,W",,,"   89",",,W","  121",",,W",,,,,,,,,,,,,,,,,,,,,,,,,,,,,,,,,,,,,,,,,,,,,,,,
"USW00023040","2018-08-30","31.7801","-103.2018","855.6","WINK FAA AIRPORT, TX US","    0",",,W,2400","    0",",,H","    0",",,H","  378",",,W","  233",",,W","   45",",,W",,,,,,,,,,,,,"  150",",,W","  150",",,W",,,"   81",",,W","   98",",,W",,,,,,,,,,,,,,,,,,,,,,,,,,,,,,,,,,,,,,,,,,,,,,,,
"USW00023040","2018-08-31","31.7801","-103.2018","855.6","WINK FAA AIRPORT, TX US","    0",",,W,2400","    0",",,H","    0",",,H","  383",",,W","  233",",,W","   51",",,W",,,,,,,,,,,,,"  140",",,W","  160",",,W",,,"   94",",,W","  112",",,W",,,,,,,,,,,,,,,,,,,,,,,,,,,,,,,,,,,,,,,,,,,,,,,,
"USW00023040","2018-09-01","31.7801","-103.2018","855.6","WINK FAA AIRPORT, TX US","    0",",,W,2400","    0",",,H","    0",",,H","  367",",,W","  239",",,W","   54",",,W",,,,,,,,,,,,,"  330",",,W","  330",",,W",,,"  161",",,W","  228",",,W",,,,,"    1",",,W",,,,,,,,,"    1",",,W",,,,,,,,,,,,,,,,,,,,,,,,,,,,,,,,
"USW00023040","2018-09-02","31.7801","-103.2018","855.6","WINK FAA AIRPORT, TX US","  112",",,W,2400","    0",",,H","    0",",,H","  367",",,W","  189",",,W","   37",",,W",,,,,,,,,,,,,"  300",",,W",,,,,"   63",",,W",,,"    1",",,W",,,"    1",",,W",,,,,,,,,"    1",",,W",,,,,,,,,,,,,,,,,,,,,,,,,,,,,,,,
"USW00023040","2018-09-03","31.7801","-103.2018","855.6","WINK FAA AIRPORT, TX US","    0","T,,W,2400","    0",",,H","    0",",,H","  322",",,W","  194",",,W","   42",",,W",,,,,,,,,,,,,"  360",",,W","  360",",,W",,,"  112",",,W","  139",",,W",,,,,"    1",",,W",,,,,,,,,,,,,,,,,,,,,,,,,,,,,,,,,,,,,,,,,,
"USW00023040","2018-09-04","31.7801","-103.2018","855.6","WINK FAA AIRPORT, TX US","    0","T,,W,2400","    0",",,H","    0",",,H","  328",",,W","  200",",,W","   37",",,W",,,,,,,,,,,,,"  150",",,W","  140",",,W",,,"   89",",,W","  116",",,W",,,,,"    1",",,W",,,,,,,,,,,,,,,,,,,,,,,,,,,,,,,,,,,,,,,,,,
"USW00023040","2018-09-05","31.7801","-103.2018","855.6","WINK FAA AIRPORT, TX US","    0",",,W,2400","    0",",,H","    0",",,H","  333",",,W","  211",",,W","   40",",,W",,,,,,,,,,,,,"   30",",,W","   40",",,W",,,"  107",",,W","  139",",,W",,,,,"    1",",,W",,,,,,,,,,,,,,,,,,,,,,,,,,,,,,,,,,,,,,,,,,
"USW00023040","2018-09-06","31.7801","-103.2018","855.6","WINK FAA AIRPORT, TX US","  203",",,W,2400","    0",",,H","    0",",,H","  283",",,W","  206",",,W","   30",",,W",,,,,,,,,,,,,"   50",",,W","   60",",,W",,,"   94",",,W","  125",",,W","    1",",,W",,,"    1",",,W",,,,,,,,,,,,,,,,,,,,,,,,,,,,,,,,,,,,,,,,,,
"USW00023040","2018-09-07","31.7801","-103.2018","855.6","WINK FAA AIRPORT, TX US","  163",",,W,2400","    0",",,H","    0",",,H","  228",",,W","  189",",,W","   26",",,W",,,,,,,,,,,,,"   50",",,W","   60",",,W",,,"   89",",,W","  112",",,W","    1",",,W",,,,,,,,,,,,,,,,,,,,,,,,,,,,,,,,,,,,,,,,,,,,,,
"USW00023040","2018-09-08","31.7801","-103.2018","855.6","WINK FAA AIRPORT, TX US","    0",",,W,2400","    0",",,H","    0",",,H","  272",",,W","  194",",,W","   32",",,W",,,,,,,,,,,,,"  360",",,W","   10",",,W",,,"   63",",,W","   81",",,W",,,,,,,,,,,,,,,,,,,,,,,,,,,,,,,,,,,,,,,,,,,,,,,,
"USW00023040","2018-09-09","31.7801","-103.2018","855.6","WINK FAA AIRPORT, TX US","    0",",,W,2400","    0",",,H","    0",",,H","  289",",,W","  178",",,W","   22",",,W",,,,,,,,,,,,,"  120",",,W","  120",",,W",,,"   54",",,W","   63",",,W",,,,,,,,,,,,,,,,,,,,,,,,,,,,,,,,,,,,,,,,,,,,,,,,
"USW00023040","2018-09-10","31.7801","-103.2018","855.6","WINK FAA AIRPORT, TX US","    0",",,W,2400","    0",",,H","    0",",,H","  300",",,W","  178",",,W","   32",",,W",,,,,,,,,,,,,"  130",",,W","  130",",,W",,,"   63",",,W","   81",",,W",,,,,,,,,,,,,,,,,,,,,,,,,,,,,,,,,,,,,,,,,,,,,,,,
"USW00023040","2018-09-11","31.7801","-103.2018","855.6","WINK FAA AIRPORT, TX US","    0",",,W,2400","    0",",,H","    0",",,H","  300",",,W","  167",",,W","   28",",,W",,,,,,,,,,,,,"  140",",,W","  130",",,W",,,"   67",",,W","   98",",,W",,,,,,,,,,,,,,,,,,,,,,,,,,,,,,,,,,,,,,,,,,,,,,,,
"USW00023040","2018-09-12","31.7801","-103.2018","855.6","WINK FAA AIRPORT, TX US","    0",",,W,2400","    0",",,H",,,"  311",",,W","  167",",,W","   45",",,W",,,,,,,,,,,,,"  150",",,W","  160",",,W",,,"   72",",,W","   94",",,W",,,,,,,,,,,,,,,,,,,,,,,,,,,,,,,,,,,,,,,,,,,,,,,,
"USW00023040","2018-09-13","31.7801","-103.2018","855.6","WINK FAA AIRPORT, TX US","    0",",,W,2400","    0",",,H","    0",",,H","  317",",,W","  189",",,W","   46",",,W",,,,,,,,,,,,,"  150",",,W","  140",",,W",,,"   98",",,W","  121",",,W",,,,,,,,,,,,,,,,,,,,,,,,,,,,,,,,,,,,,,,,,,,,,,,,
"USW00023040","2018-09-14","31.7801","-103.2018","855.6","WINK FAA AIRPORT, TX US","    0",",,W,2400","    0",",,H","    0",",,H","  317",",,W","  183",",,W","   38",",,W",,,,,,,,,,,,,"  130",",,W","  130",",,W",,,"   72",",,W","   98",",,W",,,,,,,,,,,,,,,,,,,,,,,,,,,,,,,,,,,,,,,,,,,,,,,,
"USW00023040","2018-09-15","31.7801","-103.2018","855.6","WINK FAA AIRPORT, TX US","    0",",,W,2400","    0",",,H","    0",",,H","  294",",,W","  189",",,W","   35",",,W",,,,,,,,,,,,,"  110",",,W","  110",",,W",,,"   89",",,W","  103",",,W",,,,,,,,,,,,,,,,,,,,,,,,,,,,,,,,,,,,,,,,,,,,,,,,
"USW00023040","2018-09-16","31.7801","-103.2018","855.6","WINK FAA AIRPORT, TX US","   20",",,W,2400","    0",",,H","    0",",,H","  294",",,W","  194",",,W","   27",",,W",,,,,,,,,,,,,"   90",",,W","   80",",,W",,,"   94",",,W","  116",",,W","    1",",,W",,,,,,,,,,,,,"    1",",,W",,,,,,,,,,,,,,,,,,,,,,,,,,,,,,,,
"USW00023040","2018-09-17","31.7801","-103.2018","855.6","WINK FAA AIRPORT, TX US","    0",",,W,2400","    0",",,H","    0",",,H","  278",",,W","  200",",,W","   30",",,W",,,,,,,,,,,,,"  150",",,W","  150",",,W",,,"   63",",,W","   81",",,W",,,,,,,,,,,,,,,,,,,,,,,,,,,,,,,,,,,,,,,,,,,,,,,,
"USW00023040","2018-09-18","31.7801","-103.2018","855.6","WINK FAA AIRPORT, TX US","    0",",,W,2400","    0",",,H","    0",",,H","  317",",,W","  200",",,W","   51",",,W",,,,,,,,,,,,,"  150",",,W","  150",",,W",,,"   89",",,W","  112",",,W","    1",",,W",,,,,,,,,,,,,,,,,,,,,,,,,,,,,,,,,,,,,,,,,,,,,,
"USW00023040","2018-09-19","31.7801","-103.2018","855.6","WINK FAA AIRPORT, TX US","   25",",,W,2400","    0",",,H","    0",",,H","  322",",,W","  206",",,W","   59",",,W",,,,,,,,,,,,,"  190",",,W","  180",",,W",,,"  148",",,W","  201",",,W","    1",",,W",,,"    1",",,W",,,,,,,,,"    1",",,W",,,,,,,,,,,,,,,,,,,,,,,,,,,,,,,,
"USW00023040","2018-09-20","31.7801","-103.2018","855.6","WINK FAA AIRPORT, TX US","  150",",,W,2400","    0",",,H","    0",",,H","  294",",,W","  194",",,W","   50",",,W",,,,,,,,,,,,,"  190",",,W","  190",",,W",,,"  112",",,W","  139",",,W","    1",",,W",,,"    1",",,W",,,,,,,,,,,,,,,,,,,,,,,,,,,,,,,,,,,,,,,,,,
"USW00023040","2018-09-21","31.7801","-103.2018","855.6","WINK FAA AIRPORT, TX US","    0","T,,W,2400","    0",",,H","    0",",,H","  278",",,W","  189",",,W","   61",",,W",,,,,,,,,,,,,"   20",",,W","   40",",,W",,,"  143",",,W","  174",",,W","    1",",,W","    1",",,W",,,,,,,,,,,,,,,,,,,,,,,,,,,,,,,,,,,,,,,,,,,,
"USW00023040","2018-09-22","31.7801","-103.2018","855.6","WINK FAA AIRPORT, TX US","    0",",,W,2400","    0",",,H","    0",",,H","  278",",,W","  150",",,W","   47",",,W",,,,,,,,,,,,,"   20",",,W","   40",",,W",,,"   94",",,W","  134",",,W",,,,,,,,,,,,,,,,,,,,,,,,,,,,,,,,,,,,,,,,,,,,,,,,
"USW00023040","2018-09-23","31.7801","-103.2018","855.6","WINK FAA AIRPORT, TX US","    0",",,W,2400","    0",",,H","    0",",,H","  289",",,W","  106",",,W","   20",",,W",,,,,,,,,,,,,"  190",",,W","  200",",,W",,,"   45",",,W","   58",",,W",,,,,,,,,,,,,,,,,,,,,,,,,,,,,,,,,,,,,,,,,,,,,,,,
"USW00023040","2018-09-24","31.7801","-103.2018","855.6","WINK FAA AIRPORT, TX US","    0",",,W,2400","    0",",,H","    0",",,H","  317",",,W","   94",",,W","   29",",,W",,,,,,,,,,,,,"  130",",,W","  130",",,W",,,"   63",",,W","   81",",,W",,,,,,,,,,,,,,,,,,,,,,,,,,,,,,,,,,,,,,,,,,,,,,,,
"USW00023040","2018-09-25","31.7801","-103.2018","855.6","WINK FAA AIRPORT, TX US","    0",",,W,2400","    0",",,H","    0",",,H","  361",",,W","  161",",,W","   26",",,W",,,,,,,,,,,,,"   30",",,W","  130",",,W",,,"   63",",,W","   89",",,W","    1",",,W",,,,,,,,,,,,,,,,,,,,,,,,,,,,,,,,,,,,,,,,,,,,,,
"USW00023040","2018-09-26","31.7801","-103.2018","855.6","WINK FAA AIRPORT, TX US","   74",",,W,2400","    0",",,H","    0",",,H","  244",",,W","  133",",,W","   55",",,W",,,,,,,,,,,,,"   30",",,W","   30",",,W",,,"  130",",,W","  165",",,W","    1",",,W",,,"    1",",,W",,,,,,,,,,,,,,,,,,,,,,,,,,,,,,,,,,,,,,,,,,
"USW00023040","2018-09-27","31.7801","-103.2018","855.6","WINK FAA AIRPORT, TX US","    0",",,W,2400","    0",",,H","    0",",,H","  256",",,W","  133",",,W","   31",",,W",,,,,,,,,,,,,"  150",",,W","  140",",,W",,,"   72",",,W","   94",",,W","    1",",,W",,,,,,,,,,,,,,,,,,,,,,,,,,,,,,,,,,,,,,,,,,,,,,
"USW00023040","2018-09-28","31.7801","-103.2018","855.6","WINK FAA AIRPORT, TX US","    0",",,W,2400","    0",",,H","    0",",,H","  328",",,W","  161",",,W","   47",",,W",,,,,,,,,,,,,"  140",",,W","  140",",,W",,,"   81",",,W","  107",",,W","    1",",,W",,,,,,,,,,,,,,,,,,,,,,,,,,,,,,,,,,,,,,,,,,,,,,
"USW00023040","2018-09-29","31.7801","-103.2018","855.6","WINK FAA AIRPORT, TX US","    0",",,W,2400","    0",",,H","    0",",,H","  300",",,W","  172",",,W","   34",",,W",,,,,,,,,,,,,"  130",",,W","  130",",,W",,,"   72",",,W","   94",",,W","    1",",,W",,,,,,,,,,,,,,,,,,,,,,,,,,,,,,,,,,,,,,,,,,,,,,
"USW00023040","2018-09-30","31.7801","-103.2018","855.6","WINK FAA AIRPORT, TX US","    0",",,W,2400","    0",",,H","    0",",,H","  317",",,W","  183",",,W","   48",",,W",,,,,,,,,,,,,"  140",",,W","  140",",,W",,,"   76",",,W","   98",",,W","    1",",,W",,,,,,,,,,,,,,,,,,,,,,,,,,,,,,,,,,,,,,,,,,,,,,
"USW00023040","2018-10-01","31.7801","-103.2018","855.6","WINK FAA AIRPORT, TX US","    0",",,W,2400","    0",",,H","    0",",,H","  306",",,W","  178",",,W","   52",",,W",,,,,,,,,,,,,"  130",",,W","  130",",,W",,,"   76",",,W","  103",",,W",,,,,,,,,,,,,,,,,,,,,,,,,,,,,,,,,,,,,,,,,,,,,,,,
"USW00023040","2018-10-02","31.7801","-103.2018","855.6","WINK FAA AIRPORT, TX US","    0","T,,W,2400","    0",",,H","    0",",,H","  322",",,W","  194",",,W","   57",",,W",,,,,,,,,,,,,"  190",",,W","  190",",,W",,,"  107",",,W","  134",",,W",,,,,"    1",",,W",,,,,,,,,,,,,,,,,,,,,,,,,,,,,,,,,,,,,,,,,,
"USW00023040","2018-10-03","31.7801","-103.2018","855.6","WINK FAA AIRPORT, TX US","    3",",,W,2400","    0",",,H","    0",",,H","  344",",,W","  200",",,W","   47",",,W",,,,,,,,,,,,,"  150",",,W","  160",",,W",,,"   98",",,W","  121",",,W",,,,,"    1",",,W",,,,,,,,,,,,,,,,,,,,,,,,,,,,,,,,,,,,,,,,,,
"USW00023040","2018-10-04","31.7801","-103.2018","855.6","WINK FAA AIRPORT, TX US","    0","T,,W,2400","    0",",,H","    0",",,H","  339",",,W","  206",",,W","   50",",,W",,,,,,,,,,,,,"  160",",,W","  160",",,W",,,"   98",",,W","  125",",,W",,,,,"    1",",,W",,,,,,,,,,,,,,,,,,,,,,,,,,,,,,,,,,,,,,,,,,
"USW00023040","2018-10-05","31.7801","-103.2018","855.6","WINK FAA AIRPORT, TX US","   61",",,W,2400","    0",",,H","    0",",,H","  339",",,W","  200",",,W","   51",",,W",,,,,,,,,,,,,"  150",",,W","  160",",,W",,,"  139",",,W","  183",",,W","    1",",,W",,,"    1",",,W",,,,,,,,,,,,,,,,,,,,,,,,,,,,,,,,,,,,,,,,,,
"USW00023040","2018-10-06","31.7801","-103.2018","855.6","WINK FAA AIRPORT, TX US","   94",",,W,2400","    0",",,H","    0",",,H","  283",",,W","  183",",,W","   54",",,W",,,,,,,,,,,,,"  150",",,W","  130",",,W",,,"   98",",,W","  121",",,W","    1",",,W",,,"    1",",,W",,,,,,,,,,,,,,,,,,,,,,,,,,,,,,,,,,,,,,,,,,
"USW00023040","2018-10-07","31.7801","-103.2018","855.6","WINK FAA AIRPORT, TX US","   18",",,W,2400","    0",",,H","    0",",,H","  289",",,W","  206",",,W","   81",",,W",,,,,,,,,,,,,"  140",",,W","  140",",,W",,,"  130",",,W","  165",",,W","    1",",,W",,,"    1",",,W",,,,,,,,,,,,,,,,,,,,,,,,,,,,,,,,,,,,,,,,,,
"USW00023040","2018-10-08","31.7801","-103.2018","855.6","WINK FAA AIRPORT, TX US","  114",",,W,2400","    0",",,H","    0",",,H","  283",",,W","  144",",,W","   54",",,W",,,,,,,,,,,,,"  310",",,W","  320",",,W",,,"  107",",,W","  139",",,W","    1",",,W",,,"    1",",,W",,,,,,,,,,,,,,,,,,,,,,,,,,,,,,,,,,,,,,,,,,
"USW00023040","2018-10-09","31.7801","-103.2018","855.6","WINK FAA AIRPORT, TX US","   36",",,W,2400","    0",",,H","    0",",,H","  239",",,W","  128",",,W","   47",",,W",,,,,,,,,,,,,"  270",",,W","  270",",,W",,,"  116",",,W","  157",",,W","    1",",,W",,,"    1",",,W",,,,,,,,,,,,,,,,,,,,,,,,,,,,,,,,,,,,,,,,,,
"USW00023040","2018-10-10","31.7801","-103.2018","855.6","WINK FAA AIRPORT, TX US","    0",",,W,2400","    0",",,H","    0",",,H","  239",",,W","   83",",,W","   32",",,W",,,,,,,,,,,,,"  130",",,W","  130",",,W",,,"   67",",,W","   85",",,W",,,,,,,,,,,,,,,,,,,,,,,,,,,,,,,,,,,,,,,,,,,,,,,,
"USW00023040","2018-10-11","31.7801","-103.2018","855.6","WINK FAA AIRPORT, TX US","    0",",,W,2400","    0",",,H","    0",",,H","  233",",,W","  128",",,W","   62",",,W",,,,,,,,,,,,,"  130",",,W","  140",",,W",,,"   98",",,W","  121",",,W",,,,,,,,,,,,,,,,,,,,,,,,,,,,,,,,,,,,,,,,,,,,,,,,
"USW00023040","2018-10-12","31.7801","-103.2018","855.6","WINK FAA AIRPORT, TX US","   30",",,W,2400","    0",",,H","    0",",,H","  278",",,W","  183",",,W","   30",",,W",,,,,,,,,,,,,"  130",",,W","  150",",,W",,,"   72",",,W","   89",",,W","    1",",,W",,,"    1",",,W",,,,,,,,,"    1",",,W",,,,,,,,,,,,,,,,,,,,,,,,,,,,,,,,
"USW00023040","2018-10-13","31.7801","-103.2018","855.6","WINK FAA AIRPORT, TX US","  211",",,W,2400","    0",",,H","    0",",,H","  261",",,W","  156",",,W","   42",",,W",,,,,,,,,,,,,"  280",",,W","  280",",,W",,,"  130",",,W","  148",",,W","    1",",,W",,,"    1",",,W",,,,,,,,,,,,,,,,,,,,,,,,,,,,,,,,,,,,,,,,,,
"USW00023040","2018-10-14","31.7801","-103.2018","855.6","WINK FAA AIRPORT, TX US","    0",",,W,2400","    0",",,H","    0",",,H","  278",",,W","   56",",,W","   55",",,W",,,,,,,,,,,,,"   30",",,W","   40",",,W",,,"  139",",,W","  179",",,W",,,,,,,,,,,,,,,,,,,,,,,,,,,,,,,,,,,,,,,,,,,,,,,,
"USW00023040","2018-10-15","31.7801","-103.2018","855.6","WINK FAA AIRPORT, TX US","    0",",,W,2400","    0",",,H","    0",",,H","   72",",,W","   39",",,W","   65",",,W",,,,,,,,,,,,,"   30",",,W","   40",",,W",,,"   98",",,W","  134",",,W",,,,,,,,,,,,,,,,,,,,,,,,,,,,,,,,,,,,,,,,,,,,,,,,
"USW00023040","2018-10-16","31.7801","-103.2018","855.6","WINK FAA AIRPORT, TX US","    3",",,W,2400",,,"    0",",,H","   72",",,W","   44",",,W","   43",",,W",,,,,,,,,,,,,"  360",",,W","  360",",,W",,,"   67",",,W","   85",",,W","    1",",,W",,,,,,,,,,,,,"    1",",,W",,,,,,,,,,,,,,,,,,,,,,,,,,,,,,,,
"USW00023040","2018-10-17","31.7801","-103.2018","855.6","WINK FAA AIRPORT, TX US","   30",",,W,2400",,,"    0",",,H","  106",",,W","   67",",,W","   41",",,W",,,,,,,,,,,,,"   50",",,W","   40",",,W",,,"   81",",,W","   98",",,W","    1",",,W",,,,,,,,,,,,,,,,,,,,,,,,,,,,,,,,,,,,,,,,,,,,,,
"USW00023040","2018-10-18","31.7801","-103.2018","855.6","WINK FAA AIRPORT, TX US","  147",",,W,2400",,,"    0",",,H","  100",",,W","   72",",,W","   13",",,W",,,,,,,,,,,,,"   40",",,W","   40",",,W",,,"   45",",,W","   58",",,W","    1",",,W",,,,,,,,,,,,,,,,,,,,,,,,,,,,,,,,,,,,,,,,,,,,,,
"USW00023040","2018-10-19","31.7801","-103.2018","855.6","WINK FAA AIRPORT, TX US","    0",",,W,2400","    0",",,H","    0",",,H","  183",",,W","   94",",,W","   16",",,W",,,,,,,,,,,,,"  300",",,W","  300",",,W",,,"   40",",,W","   63",",,W","    1",",,W",,,,,,,,,,,,,,,,,,,,,,,,,,,,,,,,,,,,,,,,,,,,,,
"USW00023040","2018-10-20","31.7801","-103.2018","855.6","WINK FAA AIRPORT, TX US","    3",",,W,2400","    0",",,H","    0",",,H","  194",",,W","  139",",,W","   27",",,W",,,,,,,,,,,,,"   90",",,W","   80",",,W",,,"   58",",,W","   76",",,W",,,,,,,,,,,,,,,,,,,,,,,,,,,,,,,,,,,,,,,,,,,,,,,,
"USW00023040","2018-10-21","31.7801","-103.2018","855.6","WINK FAA AIRPORT, TX US","    3",",,W,2400","    0",",,H","    0",",,H","  183",",,W","  117",",,W","   30",",,W",,,,,,,,,,,,,"  130",",,W","  120",",,W",,,"   58",",,W","   72",",,W",,,,,,,,,,,,,,,,,,,,,,,,,,,,,,,,,,,,,,,,,,,,,,,,
"USW00023040","2018-10-22","31.7801","-103.2018","855.6","WINK FAA AIRPORT, TX US","    0",",,W,2400","    0",",,H","    0",",,H","  222",",,W","   94",",,W","   33",",,W",,,,,,,,,,,,,"  120",",,W","  130",",,W",,,"   67",",,W","   85",",,W",,,,,,,,,,,,,,,,,,,,,,,,,,,,,,,,,,,,,,,,,,,,,,,,
"USW00023040","2018-10-23","31.7801","-103.2018","855.6","WINK FAA AIRPORT, TX US","   30",",,W,2400","    0",",,H","    0",",,H","  167",",,W","  122",",,W","   40",",,W",,,,,,,,,,,,,"  120",",,W","  120",",,W",,,"   94",",,W","  116",",,W","    1",",,W",,,,,,,,,,,,,,,,,,,,,,,,,,,,,,,,,,,,,,,,,,,,,,
"USW00023040","2018-10-24","31.7801","-103.2018","855.6","WINK FAA AIRPORT, TX US","  213",",,W,2400","    0",",,H","    0",",,H","  178",",,W","  106",",,W","   38",",,W",,,,,,,,,,,,,"  100",",,W","  120",",,W",,,"   76",",,W","  103",",,W","    1",",,W",,,,,,,,,,,,,,,,,,,,,,,,,,,,,,,,,,,,,,,,,,,,,,
"USW00023040","2018-10-25","31.7801","-103.2018","855.6","WINK FAA AIRPORT, TX US","    0",",,W,2400","    0",",,H","    0",",,H","  239",",,W","  117",",,W","   12",",,W",,,,,,,,,,,,,"  330",",,W","  260",",,W",,,"   45",",,W","   67",",,W","    1",",,W",,,,,,,,,,,,,"    1",",,W",,,,,,,,,,,,,,,,,,,,,,,,,,,,,,,,
"USW00023040","2018-10-26","31.7801","-103.2018","855.6","WINK FAA AIRPORT, TX US","    0",",,W,2400","    0",",,H","    0",",,H","  250",",,W","   83",",,W","   22",",,W",,,,,,,,,,,,,"  240",",,W","  260",",,W",,,"   45",",,W","   63",",,W",,,,,,,,,,,,,,,,,,,,,,,,,,,,,,,,,,,,,,,,,,,,,,,,
"USW00023040","2018-10-27","31.7801","-103.2018","855.6","WINK FAA AIRPORT, TX US","    0",",,W,2400","    0",",,H","    0",",,H","  256",",,W","   78",",,W","   22",",,W",,,,,,,,,,,,,"  150",",,W","  220",",,W",,,"   40",",,W","   63",",,W",,,,,,,,,,,,,,,,,,,,,,,,,,,,,,,,,,,,,,,,,,,,,,,,
"USW00023040","2018-10-28","31.7801","-103.2018","855.6","WINK FAA AIRPORT, TX US","    0",",,W,2400","    0",",,H","    0",",,H","  278",",,W","   72",",,W","   18",",,W",,,,,,,,,,,,,"  200",",,W","  260",",,W",,,"   54",",,W","   89",",,W","    1",",,W","    1",",,W",,,,,,,,,,,"    1",",,W",,,,,,,,,,,,,,,,,,,,,,,,,,,,,,,,
"USW00023040","2018-10-29","31.7801","-103.2018","855.6","WINK FAA AIRPORT, TX US","    0",",,W,2400","    0",",,H","    0",",,H","  294",",,W","   83",",,W","   26",",,W",,,,,,,,,,,,,"  220",",,W","  220",",,W",,,"   81",",,W","   98",",,W","    1",",,W","    1",",,W",,,,,,,,,,,,,,,,,,,,,,,,,,,,,,,,,,,,,,,,,,,,
"USW00023040","2018-10-30","31.7801","-103.2018","855.6","WINK FAA AIRPORT, TX US","    0",",,W,2400","    0",",,H","    0",",,H","  289",",,W","  117",",,W","   41",",,W",,,,,,,,,,,,,"  280",",,W","  270",",,W",,,"  103",",,W","  121",",,W","    1",",,W",,,,,,,,,,,,,,,,,,,,,,,,,,,,,,,,,,,,,,,,,,,,,,
"USW00023040","2018-10-31","31.7801","-103.2018","855.6","WINK FAA AIRPORT, TX US","   94",",,W,2400",,,"    0",",,H","  172",",,W","   72",",,W","   45",",,W",,,,,,,,,,,,,"   20",",,W","  360",",,W",,,"   89",",,W","  107",",,W","    1",",,W",,,"    1",",,W",,,,,,,,,,,,,,,,,,,,,,,,,,,,,,,,,,,,,,,,,,
"USW00023040","2018-11-01","31.7801","-103.2018","855.6","WINK FAA AIRPORT, TX US","    0",",,W,2400","    0",",,H","    0",",,H","  183",",,W","   33",",,W","   32",",,W",,,,,,,,,,,,,"  300",",,W","  300",",,W",,,"   89",",,W","  103",",,W",,,,,,,,,,,,,,,,,,,,,,,,,,,,,,,,,,,,,,,,,,,,,,,,
"USW00023040","2018-11-02","31.7801","-103.2018","855.6","WINK FAA AIRPORT, TX US","    0",",,W,2400","    0",",,H","    0",",,H","  217",",,W","   22",",,W","   34",",,W",,,,,,,,,,,,,"  250",",,W","  250",",,W",,,"   94",",,W","  116",",,W",,,,,,,,,,,,,,,,,,,,,,,,,,,,,,,,,,,,,,,,,,,,,,,,
"USW00023040","2018-11-03","31.7801","-103.2018","855.6","WINK FAA AIRPORT, TX US","    0",",,W,2400","    0",",,H","    0",",,H","  239",",,W","   39",",,W","   37",",,W",,,,,,,,,,,,,"   30",",,W","   20",",,W",,,"  139",",,W","  179",",,W",,,,,,,,,,,,,,,,,,,,,,,,,,,,,,,,,,,,,,,,,,,,,,,,
"USW00023040","2018-11-04","31.7801","-103.2018","855.6","WINK FAA AIRPORT, TX US","    0",",,W,2400","    0",",,H","    0",",,H","  178",",,W","   44",",,W","   37",",,W",,,,,,,,,,,,,"  140",",,W","  170",",,W",,,"   72",",,W","   98",",,W",,,,,,,,,,,,,,,,,,,,,,,,,,,,,,,,,,,,,,,,,,,,,,,,
"USW00023040","2018-11-05","31.7801","-103.2018","855.6","WINK FAA AIRPORT, TX US","    0",",,W,2400","    0",",,H","    0",",,H","  267",",,W","   78",",,W","   33",",,W",,,,,,,,,,,,,"  290",",,W","  280",",,W",,,"   89",",,W","  107",",,W",,,,,,,,,,,,,,,,,,,,,,,,,,,,,,,,,,,,,,,,,,,,,,,,
"USW00023040","2018-11-06","31.7801","-103.2018","855.6","WINK FAA AIRPORT, TX US","    0",",,W,2400","    0",",,H","    0",",,H","  278",",,W","   61",",,W","   21",",,W",,,,,,,,,,,,,"  290",",,W","  270",",,W",,,"   76",",,W","   98",",,W",,,,,,,,,,,,,,,,,,,,,,,,,,,,,,,,,,,,,,,,,,,,,,,,
"USW00023040","2018-11-07","31.7801","-103.2018","855.6","WINK FAA AIRPORT, TX US","    0",",,W,2400","    0",",,H","    0",",,H","  178",",,W","   67",",,W","   36",",,W",,,,,,,,,,,,,"   20",",,W","   20",",,W",,,"   81",",,W","  103",",,W",,,,,,,,,,,,,,,,,,,,,,,,,,,,,,,,,,,,,,,,,,,,,,,,
"USW00023040","2018-11-08","31.7801","-103.2018","855.6","WINK FAA AIRPORT, TX US","    0",",,W,2400","    0",",,H","    0",",,H","  133",",,W","   78",",,W","   31",",,W",,,,,,,,,,,,,"   60",",,W","   60",",,W",,,"   67",",,W","   85",",,W","    1",",,W",,,,,,,,,,,,,,,,,,,,,,,,,,,,,,,,,,,,,,,,,,,,,,
"USW00023040","2018-11-09","31.7801","-103.2018","855.6","WINK FAA AIRPORT, TX US","    0",",,W,2400","    0",",,H","    0",",,H","  139",",,W","   33",",,W","   45",",,W",,,,,,,,,,,,,"   40",",,W","   60",",,W",,,"   98",",,W","  121",",,W","    1",",,W",,,,,,,,,,,,,,,,,,,,,,,,,,,,,,,,,,,,,,,,,,,,,,
"USW00023040","2018-11-10","31.7801","-103.2018","855.6","WINK FAA AIRPORT, TX US","    0",",,W,2400","    0",",,H","    0",",,H","  139",",,W","   50",",,W","   56",",,W",,,,,,,,,,,,,"  160",",,W","  160",",,W",,,"   94",",,W","  112",",,W",,,,,,,,,,,,,,,,,,,,,,,,,,,,,,,,,,,,,,,,,,,,,,,,
"USW00023040","2018-11-11","31.7801","-103.2018","855.6","WINK FAA AIRPORT, TX US","   13",",,W,2400",,,"    0",",,H","  228",",,W","   17",",,W","   38",",,W",,,,,,,,,,,,,"   30",",,W","   10",",,W",,,"  103",",,W","  130",",,W","    1",",,W",,,,,,,,,,,,,,,,,,,,,,,,,,,,,,,,,,,,,,,,,,,,,,
"USW00023040","2018-11-12","31.7801","-103.2018","855.6","WINK FAA AIRPORT, TX US","    0",",,W,2400","    0",",,H","    0",",,H","   78",",,W","  -32",",,W","   75",",,W",,,,,,,,,,,,,"  360",",,W","   10",",,W",,,"  112",",,W","  148",",,W",,,,,,,,,,,,,,,,,,,,,,,,,,,,,,,,,,,,,,,,,,,,,,,,
"USW00023040","2018-11-13","31.7801","-103.2018","855.6","WINK FAA AIRPORT, TX US","    0",",,W,2400","    0",",,H","    0",",,H","  100",",,W","  -60",",,W","   30",",,W",,,,,,,,,,,,,"  320",",,W","  320",",,W",,,"   72",",,W","   89",",,W",,,,,,,,,,,,,,,,,,,,,,,,,,,,,,,,,,,,,,,,,,,,,,,,
"USW00023040","2018-11-14","31.7801","-103.2018","855.6","WINK FAA AIRPORT, TX US","    0",",,W,2400","    0",",,H","    0",",,H","  156",",,W","  -55",",,W","   26",",,W",,,,,,,,,,,,,"  300",",,W","  300",",,W",,,"   54",",,W","   67",",,W",,,,,,,,,,,,,,,,,,,,,,,,,,,,,,,,,,,,,,,,,,,,,,,,
"USW00023040","2018-11-15","31.7801","-103.2018","855.6","WINK FAA AIRPORT, TX US","    0",",,W,2400","    0",",,H","    0",",,H","  189",",,W","  -21",",,W","   20",",,W",,,,,,,,,,,,,"  250",",,W","  260",",,W",,,"   54",",,W","   67",",,W",,,,,,,,,,,,,,,,,,,,,,,,,,,,,,,,,,,,,,,,,,,,,,,,
"USW00023040","2018-11-16","31.7801","-103.2018","855.6","WINK FAA AIRPORT, TX US","    0",",,W,2400","    0",",,H","    0",",,H","  200",",,W","  -27",",,W","   26",",,W",,,,,,,,,,,,,"  220",",,W","  210",",,W",,,"   67",",,W","   85",",,W",,,,,,,,,,,,,,,,,,,,,,,,,,,,,,,,,,,,,,,,,,,,,,,,
"USW00023040","2018-11-17","31.7801","-103.2018","855.6","WINK FAA AIRPORT, TX US","    0",",,W,2400","    0",",,H","    0",",,H","  206",",,W","  -27",",,W","   36",",,W",,,,,,,,,,,,,"   30",",,W","   40",",,W",,,"   76",",,W","  103",",,W",,,,,,,,,,,,,,,,,,,,,,,,,,,,,,,,,,,,,,,,,,,,,,,,
"USW00023040","2018-11-18","31.7801","-103.2018","855.6","WINK FAA AIRPORT, TX US","    0",",,W,2400","    0",",,H","    0",",,H","   89",",,W","   -5",",,W","   25",",,W",,,,,,,,,,,,,"   30",",,W","   30",",,W",,,"   72",",,W","   85",",,W",,,,,,,,,,,,,,,,,,,,,,,,,,,,,,,,,,,,,,,,,,,,,,,,
"USW00023040","2018-11-19","31.7801","-103.2018","855.6","WINK FAA AIRPORT, TX US","    0",",,W,2400","    0",",,H","    0",",,H","  178",",,W","  -38",",,W","   16",",,W",,,,,,,,,,,,,"   70",",,W","   70",",,W",,,"   40",",,W","   49",",,W","    1",",,W",,,,,,,,,,,,,"    1",",,W",,,,,,,,,,,,,,,,,,,,,,,,,,,,,,,,
"USW00023040","2018-11-20","31.7801","-103.2018","855.6","WINK FAA AIRPORT, TX US","    0",",,W,2400","    0",",,H","    0",",,H","  150",",,W","  -16",",,W","   35",",,W",,,,,,,,,,,,,"  110",",,W","  140",",,W",,,"   63",",,W","   76",",,W",,,,,,,,,,,,,,,,,,,,,,,,,,,,,,,,,,,,,,,,,,,,,,,,
"USW00023040","2018-11-21","31.7801","-103.2018","855.6","WINK FAA AIRPORT, TX US","    0",",,W,2400","    0",",,H","    0",",,H","  150",",,W","   22",",,W","   30",",,W",,,,,,,,,,,,,"  140",",,W","  140",",,W",,,"   58",",,W","   72",",,W",,,,,,,,,,,,,,,,,,,,,,,,,,,,,,,,,,,,,,,,,,,,,,,,
"USW00023040","2018-11-22","31.7801","-103.2018","855.6","WINK FAA AIRPORT, TX US","    0",",,W,2400","    0",",,H","    0",",,H","  172",",,W","    6",",,W","   28",",,W",,,,,,,,,,,,,"  150",",,W","  140",",,W",,,"   63",",,W","   81",",,W","    1",",,W","    1",",,W",,,,,,,,,,,,,,,,,,,,,,,,,,,,,,,,,,,,,,,,,,,,
"USW00023040","2018-11-23","31.7801","-103.2018","855.6","WINK FAA AIRPORT, TX US","    0",",,W,2400","    0",",,H","    0",",,H","  217",",,W","   61",",,W","   41",",,W",,,,,,,,,,,,,"  310",",,W","  290",",,W",,,"   81",",,W","  103",",,W",,,,,,,,,,,,,,,,,,,,,,,,,,,,,,,,,,,,,,,,,,,,,,,,
"USW00023040","2018-11-24","31.7801","-103.2018","855.6","WINK FAA AIRPORT, TX US","    0",",,W,2400","    0",",,H","    0",",,H","  228",",,W","   17",",,W","   50",",,W",,,,,,,,,,,,,"  250",",,W","  240",",,W",,,"  107",",,W","  134",",,W",,,,,,,,,,,,,,,,,,,,,,,,,,,,,,,,,,,,,,,,,,,,,,,,
"USW00023040","2018-11-25","31.7801","-103.2018","855.6","WINK FAA AIRPORT, TX US","    0",",,W,2400","    0",",,H","    0",",,H","  189",",,W","   -5",",,W","   56",",,W",,,,,,,,,,,,,"   10",",,W","   30",",,W",,,"  125",",,W","  161",",,W",,,,,,,,,,,,,,,,,,,,,,,,,,,,,,,,,,,,,,,,,,,,,,,,
"USW00023040","2018-11-26","31.7801","-103.2018","855.6","WINK FAA AIRPORT, TX US","    0",",,W,2400","    0",",,H","    0",",,H","  144",",,W","  -55",",,W","   31",",,W",,,,,,,,,,,,,"  130",",,W","  130",",,W",,,"   58",",,W","   72",",,W",,,,,,,,,,,,,,,,,,,,,,,,,,,,,,,,,,,,,,,,,,,,,,,,
"USW00023040","2018-11-27","31.7801","-103.2018","855.6","WINK FAA AIRPORT, TX US","    0",",,W,2400","    0",",,H","    0",",,H","  211",",,W","  -43",",,W","   31",",,W",,,,,,,,,,,,,"  220",",,W","  220",",,W",,,"   76",",,W","  103",",,W",,,,,,,,,,,,,,,,,,,,,,,,,,,,,,,,,,,,,,,,,,,,,,,,
"USW00023040","2018-11-28","31.7801","-103.2018","855.6","WINK FAA AIRPORT, TX US","    0",",,W,2400","    0",",,H","    0",",,H","  244",",,W","  -38",",,W","   42",",,W",,,,,,,,,,,,,"  270",",,W","  270",",,W",,,"   94",",,W","  107",",,W",,,,,,,,,,,,,,,,,,,,,,,,,,,,,,,,,,,,,,,,,,,,,,,,
"USW00023040","2018-11-29","31.7801","-103.2018","855.6","WINK FAA AIRPORT, TX US","    0",",,W,2400","    0",",,H","    0",",,H","  267",",,W","    6",",,W","   38",",,W",,,,,,,,,,,,,"  260",",,W","  260",",,W",,,"  107",",,W","  134",",,W",,,,,,,,,,,,,,,,,,,,,,,,,,,,,,,,,,,,,,,,,,,,,,,,
"USW00023040","2018-11-30","31.7801","-103.2018","855.6","WINK FAA AIRPORT, TX US","    0",",,W,2400","    0",",,H","    0",",,H","  244",",,W","   78",",,W","   73",",,W",,,,,,,,,,,,,"  280",",,W","  260",",,W",,,"  170",",,W","  228",",,W",,,,,,,,,,,,,,,"    1",",,W",,,,,,,,,,,,,,,,,,,,,,,,,,,,,,,,
"USW00023040","2018-12-01","31.7801","-103.2018","855.6","WINK FAA AIRPORT, TX US","    0",",,W,2400","    0",",,H","    0",",,H","  200",",,W","   50",",,W","   69",",,W",,,,,,,,,,,,,"  260",",,W","  270",",,W",,,"  116",",,W","  148",",,W",,,,,,,,,,,,,,,,,,,,,,,,,,,,,,,,,,,,,,,,,,,,,,,,
"USW00023040","2018-12-02","31.7801","-103.2018","855.6","WINK FAA AIRPORT, TX US","    0",",,W,2400","    0",",,H","    0",",,H","  194",",,W","    0",",,W","   39",",,W",,,,,,,,,,,,,"  280",",,W","  260",",,W",,,"  112",",,W","  143",",,W",,,,,,,,,,,,,,,,,,,,,,,,,,,,,,,,,,,,,,,,,,,,,,,,
"USW00023040","2018-12-03","31.7801","-103.2018","855.6","WINK FAA AIRPORT, TX US","    0",",,W,2400","    0",",,H","    0",",,H","  144",",,W","   -5",",,W","   26",",,W",,,,,,,,,,,,,"  360",",,W","  360",",,W",,,"   72",",,W","   89",",,W",,,,,,,,,,,,,,,,,,,,,,,,,,,,,,,,,,,,,,,,,,,,,,,,
"USW00023040","2018-12-04","31.7801","-103.2018","855.6","WINK FAA AIRPORT, TX US","    0",",,W,2400","    0",",,H","    0",",,H","  144",",,W","   -5",",,W","   26",",,W",,,,,,,,,,,,,"   70",",,W","   80",",,W",,,"   40",",,W","   63",",,W",,,,,,,,,,,,,,,,,,,,,,,,,,,,,,,,,,,,,,,,,,,,,,,,
"USW00023040","2018-12-05","31.7801","-103.2018","855.6","WINK FAA AIRPORT, TX US","    0",",,W,2400","    0",",,H","    0",",,H","  133",",,W","  -21",",,W","   43",",,W",,,,,,,,,,,,,"  150",",,W","  140",",,W",,,"   81",",,W","  103",",,W",,,,,,,,,,,,,,,,,,,,,,,,,,,,,,,,,,,,,,,,,,,,,,,,
"USW00023040","2018-12-06","31.7801","-103.2018","855.6","WINK FAA AIRPORT, TX US","    0",",,W,2400","    0",",,H","    0",",,H","  139",",,W","   44",",,W","   39",",,W",,,,,,,,,,,,,"   30",",,W","   30",",,W",,,"   81",",,W","   98",",,W",,,,,,,,,,,,,,,,,,,,,,,,,,,,,,,,,,,,,,,,,,,,,,,,
"USW00023040","2018-12-07","31.7801","-103.2018","855.6","WINK FAA AIRPORT, TX US","  107",",,W,2400",,,"    0",",,H","   50",",,W","   28",",,W","   32",",,W",,,,,,,,,,,,,"   80",",,W","   80",",,W",,,"   81",",,W","  103",",,W","    1",",,W",,,,,,,,,,,,,,,,,,,,,,,,,,,,,,,,,,,,,,,,,,,,,,
"USW00023040","2018-12-08","31.7801","-103.2018","855.6","WINK FAA AIRPORT, TX US","    3",",,W,2400",,,"    0",",,H","   61",",,W","    6",",,W","   32",",,W",,,,,,,,,,,,,"   80",",,W","   80",",,W",,,"   67",",,W","   85",",,W","    1",",,W",,,,,,,,,,,,,,,,,,,,,,,,,,,,,,,,,,,,,,,,,,,,,,
"USW00023040","2018-12-09","31.7801","-103.2018","855.6","WINK FAA AIRPORT, TX US","    0",",,W,2400","    0",",,H","    0",",,H","   94",",,W","  -32",",,W","   23",",,W",,,,,,,,,,,,,"  360",",,W","   10",",,W",,,"   40",",,W","   45",",,W","    1",",,W",,,,,,,,,,,,,,,,,,,,,,,,,,,,,,,,,,,,,,,,,,,,,,
"USW00023040","2018-12-10","31.7801","-103.2018","855.6","WINK FAA AIRPORT, TX US","    0",",,W,2400","    0",",,H","    0",",,H","   78",",,W","  -27",",,W","   22",",,W",,,,,,,,,,,,,"  270",",,W","   20",",,W",,,"   45",",,W","   54",",,W","    1",",,W","    1",",,W",,,,,,,,,,,"    1",",,W",,,,,,,,,,,,,,,,,,,,,,,,,,,,,,,,
"USW00023040","2018-12-11","31.7801","-103.2018","855.6","WINK FAA AIRPORT, TX US","    0",",,W,2400","    0",",,H","    0",",,H","  144",",,W","  -10",",,W","   23",",,W",,,,,,,,,,,,,"  180",",,W","  170",",,W",,,"   54",",,W","   63",",,W","    1",",,W","    1",",,W",,,,,,,,,,,,,,,,,,,,,,,,,,,,,,,,,,,,,,,,,,,,
"USW00023040","2018-12-12","31.7801","-103.2018","855.6","WINK FAA AIRPORT, TX US","    0",",,W,2400","    0",",,H","    0",",,H","  211",",,W","   39",",,W","   29",",,W",,,,,,,,,,,,,"  230",",,W","  230",",,W",,,"   67",",,W","   89",",,W","    1",",,W",,,,,,,,,,,,,,,,,,,,,,,,,,,,,,,,,,,,,,,,,,,,,,
"USW00023040","2018-12-13","31.7801","-103.2018","855.6","WINK FAA AIRPORT, TX US","   10",",,W,2400",,,"    0",",,H","  144",",,W","    0",",,W","   90",",,W",,,,,,,,,,,,,"  350",",,W","  360",",,W",,,"  183",",,W","  246",",,W","    1",",,W",,,,,,,,,,,,,,,,,,,,,,,,,,,,,,,,,,,,,,,,,,,,,,
"USW00023040","2018-12-14","31.7801","-103.2018","855.6","WINK FAA AIRPORT, TX US","    0",",,W,2400","    0",",,H","    0",",,H","  150",",,W","  -32",",,W","   46",",,W",,,,,,,,,,,,,"  340",",,W","   10",",,W",,,"   81",",,W","  107",",,W",,,,,,,,,,,,,,,,,,,,,,,,,,,,,,,,,,,,,,,,,,,,,,,,
"USW00023040","2018-12-15","31.7801","-103.2018","855.6","WINK FAA AIRPORT, TX US","    0",",,W,2400","    0",",,H","    0",",,H","  183",",,W","  -55",",,W","   23",",,W",,,,,,,,,,,,,"  230",",,W","  220",",,W",,,"   67",",,W","   81",",,W",,,,,,,,,,,,,,,,,,,,,,,,,,,,,,,,,,,,,,,,,,,,,,,,
"USW00023040","2018-12-16","31.7801","-103.2018","855.6","WINK FAA AIRPORT, TX US","    0",",,W,2400","    0",",,H","    0",",,H","  139",",,W","    0",",,W","   21",",,W",,,,,,,,,,,,,"  240",",,W","  340",",,W",,,"   40",",,W","   49",",,W",,,,,,,,,,,,,,,,,,,,,,,,,,,,,,,,,,,,,,,,,,,,,,,,
"USW00023040","2018-12-17","31.7801","-103.2018","855.6","WINK FAA AIRPORT, TX US","    0",",,W,2400","    0",",,H","    0",",,H","  156",",,W","   17",",,W","   23",",,W",,,,,,,,,,,,,"   50",",,W","  220",",,W",,,"   63",",,W","   85",",,W",,,,,,,,,,,,,,,,,,,,,,,,,,,,,,,,,,,,,,,,,,,,,,,,
"USW00023040","2018-12-18","31.7801","-103.2018","855.6","WINK FAA AIRPORT, TX US","    3",",,W,2400",,,"    0",",,H","  167",",,W","   33",",,W","   30",",,W",,,,,,,,,,,,,"  260",",,W","  270",",,W",,,"  103",",,W","  139",",,W","    1",",,W","    1",",,W",,,,,,,,,,,,,,,,,,,,,,,,,,,,,,,,,,,,,,,,,,,,
"USW00023040","2018-12-19","31.7801","-103.2018","855.6","WINK FAA AIRPORT, TX US","    0",",,W,2400","    0",",,H","    0",",,H","  206",",,W","    0",",,W","   42",",,W",,,,,,,,,,,,,"  330",",,W","  320",",,W",,,"  103",",,W","  134",",,W","    1",",,W","    1",",,W",,,,,,,,,,,,,,,,,,,,,,,,,,,,,,,,,,,,,,,,,,,,
"USW00023040","2018-12-20","31.7801","-103.2018","855.6","WINK FAA AIRPORT, TX US","    0",",,W,2400","    0",",,H","    0",",,H","  150",",,W","    0",",,W","   37",",,W",,,,,,,,,,,,,"  350",",,W","  330",",,W",,,"   72",",,W","   94",",,W",,,,,,,,,,,,,,,,,,,,,,,,,,,,,,,,,,,,,,,,,,,,,,,,
"USW00023040","2018-12-21","31.7801","-103.2018","855.6","WINK FAA AIRPORT, TX US","    0",",,W,2400","    0",",,H","    0",",,H","  211",",,W","  -38",",,W","   33",",,W",,,,,,,,,,,,,"  250",",,W","  240",",,W",,,"  103",",,W","  125",",,W",,,,,,,,,,,,,,,,,,,,,,,,,,,,,,,,,,,,,,,,,,,,,,,,
"USW00023040","2018-12-22","31.7801","-103.2018","855.6","WINK FAA AIRPORT, TX US","    0",",,W,2400","    0",",,H","    0",",,H","  244",",,W","   61",",,W","   40",",,W",,,,,,,,,,,,,"  230",",,W","  230",",,W",,,"   89",",,W","  107",",,W",,,,,,,,,,,,,,,,,,,,,,,,,,,,,,,,,,,,,,,,,,,,,,,,
"USW00023040","2018-12-23","31.7801","-103.2018","855.6","WINK FAA AIRPORT, TX US","    0",",,W,2400","    0",",,H","    0",",,H","  128",",,W","  -10",",,W","   33",",,W",,,,,,,,,,,,,"   10",",,W","   20",",,W",,,"   94",",,W","  112",",,W",,,,,,,,,,,,,,,,,,,,,,,,,,,,,,,,,,,,,,,,,,,,,,,,
"USW00023040","2018-12-24","31.7801","-103.2018","855.6","WINK FAA AIRPORT, TX US","    0",",,W,2400","    0",",,H","    0",",,H","  211",",,W","   -5",",,W","   27",",,W",,,,,,,,,,,,,"  130",",,W","  130",",,W",,,"   54",",,W","   67",",,W",,,,,,,,,,,,,,,,,,,,,,,,,,,,,,,,,,,,,,,,,,,,,,,,
"USW00023040","2018-12-25","31.7801","-103.2018","855.6","WINK FAA AIRPORT, TX US","    0",",,W,2400","    0",",,H","    0",",,H","  200",",,W","    0",",,W","   45",",,W",,,,,,,,,,,,,"  140",",,W","  140",",,W",,,"   98",",,W","  161",",,W","    1",",,W","    1",",,W",,,,,,,,,,,,,,,,,,,,,,,,,,,,,,,,,,,,,,,,,,,,
"USW00023040","2018-12-26","31.7801","-103.2018","855.6","WINK FAA AIRPORT, TX US","   23",",,W,2400",,,,,"  150",",,W","   56",",,W","   65",",,W",,,,,,,,,,,,,"  280",",,W","  280",",,W",,,"  165",",,W","  197",",,W","    1",",,W","    1",",,W",,,,,,,,,,,,,,,,,,,,,,,,,,,,,,,,,,,,,,,,,,,,
"USW00023040","2018-12-27","31.7801","-103.2018","855.6","WINK FAA AIRPORT, TX US","    0",",,W,2400","    0",",,H","    0",",,H","  139",",,W","   44",",,W","   56",",,W",,,,,,,,,,,,,"  260",",,W","  260",",,W",,,"  139",",,W","  183",",,W",,,,,,,,,,,,,,,,,,,,,,,,,,,,,,,,,,,,,,,,,,,,,,,,
"USW00023040","2018-12-28","31.7801","-103.2018","855.6","WINK FAA AIRPORT, TX US","    0",",,W,2400","    0",",,H","    0",",,H","   50",",,W","  -10",",,W","   48",",,W",,,,,,,,,,,,,"   80",",,W","   90",",,W",,,"   81",",,W","  103",",,W",,,,,,,,,,,,,,,,,,,,,,,,,,,,,,,,,,,,,,,,,,,,,,,,
"USW00023040","2018-12-29","31.7801","-103.2018","855.6","WINK FAA AIRPORT, TX US","    0",",,W,2400","    0",",,H","    0",",,H","   28",",,W","  -10",",,W","   24",",,W",,,,,,,,,,,,,"   70",",,W","   60",",,W",,,"   63",",,W","   76",",,W",,,,,,,,,,,,,,,,,,,,,,,,,,,,,,,,,,,,,,,,,,,,,,,,
"USW00023040","2018-12-30","31.7801","-103.2018","855.6","WINK FAA AIRPORT, TX US","    0",",,W,2400","    0",",,H","    0",",,H","   78",",,W","   11",",,W","   28",",,W",,,,,,,,,,,,,"  240",",,W","  240",",,W",,,"  107",",,W","  130",",,W",,,,,,,,,,,,,,,,,,,,,,,,,,,,,,,,,,,,,,,,,,,,,,,,
"USW00023040","2018-12-31","31.7801","-103.2018","855.6","WINK FAA AIRPORT, TX US","    0",",,W,2400","    0",",,H","    0",",,H","  161",",,W","    6",",,W","   60",",,W",,,,,,,,,,,,,"  260",",,W","  260",",,W",,,"  139",",,W","  179",",,W",,,,,,,,,,,,,,,,,,,,,,,,,,,,,,,,,,,,,,,,,,,,,,,,
"USW00023040","2019-01-01","31.7801","-103.2018","855.6","WINK FAA AIRPORT, TX US","    0",",,W,2400","    0",",,H","    0",",,H","   56",",,W","  -27",",,W","   48",",,W",,,,,,,,,,,,,"   60",",,W","   50",",,W",,,"  103",",,W","  125",",,W","    1",",,W",,,,,,,,,,,,,"    1",",,W",,,,,,,,,,,,,,,,,,,,,,,,,,,,,,,,
"USW00023040","2019-01-02","31.7801","-103.2018","855.6","WINK FAA AIRPORT, TX US","    0",",,W,2400","    0",",,H","    0",",,H","   11",",,W","  -27",",,W","   22",",,W",,,,,,,,,,,,,"  110",",,W","  110",",,W",,,"   54",",,W","   63",",,W",,,,,,,,,,,,,,,,,,,,,,,,,,,,,,,,,,,,,,,,,,,,,,,,
"USW00023040","2019-01-03","31.7801","-103.2018","855.6","WINK FAA AIRPORT, TX US","    0",",,W,2400","    0",",,H","    0",",,H","  133",",,W","  -55",",,W","   43",",,W",,,,,,,,,,,,,"  290",",,W","  290",",,W",,,"   89",",,W","  112",",,W","    1",",,W",,,,,,,,,,,,,,,,,,,,,,,,,,,,,,,,,,,,,,,,,,,,,,
"USW00023040","2019-01-04","31.7801","-103.2018","855.6","WINK FAA AIRPORT, TX US","    0",",,W,2400","    0",",,H","    0",",,H","  183",",,W","  -60",",,W","   33",",,W",,,,,,,,,,,,,"  240",",,W","  230",",,W",,,"   72",",,W","   89",",,W",,,,,,,,,,,,,,,,,,,,,,,,,,,,,,,,,,,,,,,,,,,,,,,,
"USW00023040","2019-01-05","31.7801","-103.2018","855.6","WINK FAA AIRPORT, TX US","    0",",,W,2400","    0",",,H","    0",",,H","  211",",,W","  -55",",,W","   26",",,W",,,,,,,,,,,,,"  140",",,W","  260",",,W",,,"   54",",,W","   67",",,W",,,,,,,,,,,,,,,,,,,,,,,,,,,,,,,,,,,,,,,,,,,,,,,,
"USW00023040","2019-01-06","31.7801","-103.2018","855.6","WINK FAA AIRPORT, TX US","    0","T,,W,2400","    0",",,H","    0",",,H","  228",",,W","   22",",,W","   29",",,W",,,,,,,,,,,,,"  280",",,W","  270",",,W",,,"  103",",,W","  134",",,W",,,,,,,,,,,,,,,,,,,,,,,,,,,,,,,,,,,,,,,,,,,,,,,,
"USW00023040","2019-01-07","31.7801","-103.2018","855.6","WINK FAA AIRPORT, TX US","    0",",,W,2400","    0",",,H","    0",",,H","  211",",,W","   28",",,W","   46",",,W",,,,,,,,,,,,,"  250",",,W","  250",",,W",,,"  116",",,W","  143",",,W",,,,,,,,,,,,,,,,,,,,,,,,,,,,,,,,,,,,,,,,,,,,,,,,
"USW00023040","2019-01-08","31.7801","-103.2018","855.6","WINK FAA AIRPORT, TX US","    0",",,W,2400","    0",",,H","    0",",,H","  172",",,W","   28",",,W","   36",",,W",,,,,,,,,,,,,"   40",",,W","   40",",,W",,,"   72",",,W","   89",",,W",,,,,,,,,,,,,,,,,,,,,,,,,,,,,,,,,,,,,,,,,,,,,,,,
"USW00023040","2019-01-09","31.7801","-103.2018","855.6","WINK FAA AIRPORT, TX US","    0",",,W,2400","    0",",,H","    0",",,H","  111",",,W","   28",",,W","   27",",,W",,,,,,,,,,,,,"   70",",,W","   70",",,W",,,"   63",",,W","   81",",,W",,,,,,,,,,,,,,,,,,,,,,,,,,,,,,,,,,,,,,,,,,,,,,,,
"USW00023040","2019-01-10","31.7801","-103.2018","855.6","WINK FAA AIRPORT, TX US","    3",",,W,2400",,,"    0",",,H","  178",",,W","   50",",,W","   33",",,W",,,,,,,,,,,,,"  130",",,W","  150",",,W",,,"   58",",,W","   67",",,W",,,,,,,,,,,,,,,,,,,,,,,,,,,,,,,,,,,,,,,,,,,,,,,,
"USW00023040","2019-01-11","31.7801","-103.2018","855.6","WINK FAA AIRPORT, TX US","   18",",,W,2400",,,"    0",",,H","  189",",,W","   50",",,W","   52",",,W",,,,,,,,,,,,,"  260",",,W","  250",",,W",,,"  143",",,W","  170",",,W","    1",",,W",,,,,,,,,,,,,,,,,,,,,,,,,,,,,,,,,,,,,,,,,,,,,,
"USW00023040","2019-01-12","31.7801","-103.2018","855.6","WINK FAA AIRPORT, TX US","    0",",,W,2400","    0",",,H","    0",",,H","  139",",,W","    6",",,W","   36",",,W",,,,,,,,,,,,,"   10",",,W","   10",",,W",,,"   76",",,W","  103",",,W",,,,,,,,,,,,,,,,,,,,,,,,,,,,,,,,,,,,,,,,,,,,,,,,
"USW00023040","2019-01-13","31.7801","-103.2018","855.6","WINK FAA AIRPORT, TX US","    0",",,W,2400","    0",",,H","    0",",,H","  100",",,W","  -27",",,W","   34",",,W",,,,,,,,,,,,,"  120",",,W","  130",",,W",,,"   72",",,W","   94",",,W",,,,,,,,,,,,,,,,,,,,,,,,,,,,,,,,,,,,,,,,,,,,,,,,
"USW00023040","2019-01-14","31.7801","-103.2018","855.6","WINK FAA AIRPORT, TX US","    0",",,W,2400","    0",",,H","    0",",,H","   56",",,W","   -5",",,W","   20",",,W",,,,,,,,,,,,,"   80",",,W","   80",",,W",,,"   54",",,W","   67",",,W","    1",",,W",,,,,,,,,,,,,,,,,,,,,,,,,,,,,,,,,,,,,,,,,,,,,,
"USW00023040","2019-01-15","31.7801","-103.2018","855.6","WINK FAA AIRPORT, TX US","    0",",,W,2400","    0",",,H","    0",",,H","  144",",,W","   22",",,W","   17",",,W",,,,,,,,,,,,,"  180",",,W","  190",",,W",,,"   45",",,W","   54",",,W",,,,,,,,,,,,,,,,,,,,,,,,,,,,,,,,,,,,,,,,,,,,,,,,
"USW00023040","2019-01-16","31.7801","-103.2018","855.6","WINK FAA AIRPORT, TX US","    0",",,W,2400","    0",",,H","    0",",,H","  233",",,W","   17",",,W","   29",",,W",,,,,,,,,,,,,"  270",",,W","  240",",,W",,,"  116",",,W","  165",",,W","    1",",,W","    1",",,W",,,,,,,,,,,,,,,,,,,,,,,,,,,,,,,,,,,,,,,,,,,,
"USW00023040","2019-01-17","31.7801","-103.2018","855.6","WINK FAA AIRPORT, TX US","    0",",,W,2400","    0",",,H","    0",",,H","  200",",,W","    6",",,W","   29",",,W",,,,,,,,,,,,,"  180",",,W","  190",",,W",,,"   58",",,W","   67",",,W",,,,,,,,,,,,,,,,,,,,,,,,,,,,,,,,,,,,,,,,,,,,,,,,
"USW00023040","2019-01-18","31.7801","-103.2018","855.6","WINK FAA AIRPORT, TX US","    0",",,W,2400","    0",",,H","    0",",,H","  222",",,W","    6",",,W","   78",",,W",,,,,,,,,,,,,"  320",",,W","  320",",,W",,,"  174",",,W","  224",",,W",,,,,,,,,,,,,,,"    1",",,W",,,,,,,,,,,,,,,,,,,,,,,,,,,,,,,,
"USW00023040","2019-01-19","31.7801","-103.2018","855.6","WINK FAA AIRPORT, TX US","    0",",,W,2400","    0",",,H","    0",",,H","  150",",,W","   17",",,W","   45",",,W",,,,,,,,,,,,,"  360",",,W","   10",",,W",,,"  130",",,W","  165",",,W",,,,,,,,,,,,,,,,,,,,,,,,,,,,,,,,,,,,,,,,,,,,,,,,
"USW00023040","2019-01-20","31.7801","-103.2018","855.6","WINK FAA AIRPORT, TX US","    0",",,W,2400","    0",",,H","    0",",,H","  217",",,W","  -10",",,W","   36",",,W",,,,,,,,,,,,,"  230",",,W","  200",",,W",,,"   67",",,W","   89",",,W",,,,,,,,,,,,,,,,,,,,,,,,,,,,,,,,,,,,,,,,,,,,,,,,
"USW00023040","2019-01-21","31.7801","-103.2018","855.6","WINK FAA AIRPORT, TX US","    0",",,W,2400","    0",",,H","    0",",,H","  272",",,W","   22",",,W","   53",",,W",,,,,,,,,,,,,"  250",",,W","  240",",,W",,,"  116",",,W","  148",",,W",,,,,,,,,,,,,,,,,,,,,,,,,,,,,,,,,,,,,,,,,,,,,,,,
"USW00023040","2019-01-22","31.7801","-103.2018","855.6","WINK FAA AIRPORT, TX US","    0",",,W,2400","    0",",,H","    0",",,H","  178",",,W","  -21",",,W","   55",",,W",,,,,,,,,,,,,"   20",",,W","   20",",,W",,,"  148",",,W","  179",",,W",,,,,,,,,,,,,,,,,,,,,,,,,,,,,,,,,,,,,,,,,,,,,,,,
"USW00023040","2019-01-23","31.7801","-103.2018","855.6","WINK FAA AIRPORT, TX US","    0",",,W,2400","    0",",,H","    0",",,H","  139",",,W","  -71",",,W","   32",",,W",,,,,,,,,,,,,"  270",",,W","  230",",,W",,,"   76",",,W","  130",",,W",,,,,,,,,,,,,,,,,,,,,,,,,,,,,,,,,,,,,,,,,,,,,,,,
"USW00023040","2019-01-24","31.7801","-103.2018","855.6","WINK FAA AIRPORT, TX US","    0",",,W,2400","    0",",,H","    0",",,H","  150",",,W","  -55",",,W","   49",",,W",,,,,,,,,,,,,"  330",",,W","  320",",,W",,,"  134",",,W","  165",",,W",,,,,,,,,,,,,,,,,,,,,,,,,,,,,,,,,,,,,,,,,,,,,,,,
"USW00023040","2019-01-25","31.7801","-103.2018","855.6","WINK FAA AIRPORT, TX US","    0",",,W,2400","    0",",,H","    0",",,H","  167",",,W","  -71",",,W","   26",",,W",,,,,,,,,,,,,"   30",",,W","   60",",,W",,,"   54",",,W","   67",",,W",,,,,,,,,,,,,,,,,,,,,,,,,,,,,,,,,,,,,,,,,,,,,,,,
"USW00023040","2019-01-26","31.7801","-103.2018","855.6","WINK FAA AIRPORT, TX US","    0",",,W,2400","    0",",,H","    0",",,H","  150",",,W","  -43",",,W","   26",",,W",,,,,,,,,,,,,"   30",",,W","  200",",,W",,,"   58",",,W","   67",",,W",,,,,,,,,,,,,,,,,,,,,,,,,,,,,,,,,,,,,,,,,,,,,,,,
"USW00023040","2019-01-27","31.7801","-103.2018","855.6","WINK FAA AIRPORT, TX US","    0",",,W,2400","    0",",,H","    0",",,H","  167",",,W","  -49",",,W","   35",",,W",,,,,,,,,,,,,"  210",",,W","  200",",,W",,,"   72",",,W","   94",",,W",,,,,,,,,,,,,,,,,,,,,,,,,,,,,,,,,,,,,,,,,,,,,,,,
"USW00023040","2019-01-28","31.7801","-103.2018","855.6","WINK FAA AIRPORT, TX US","    0",",,W,2400","    0",",,H","    0",",,H","  150",",,W","  -16",",,W","   60",",,W",,,,,,,,,,,,,"   30",",,W","   30",",,W",,,"  130",",,W","  161",",,W",,,,,,,,,,,,,,,,,,,,,,,,,,,,,,,,,,,,,,,,,,,,,,,,
"USW00023040","2019-01-29","31.7801","-103.2018","855.6","WINK FAA AIRPORT, TX US","    0",",,W,2400","    0",",,H","    0",",,H","   89",",,W","  -21",",,W","   40",",,W",,,,,,,,,,,,,"  140",",,W","  150",",,W",,,"   81",",,W","  103",",,W",,,,,,,,,,,,,,,,,,,,,,,,,,,,,,,,,,,,,,,,,,,,,,,,
"USW00023040","2019-01-30","31.7801","-103.2018","855.6","WINK FAA AIRPORT, TX US","    0",",,W,2400","    0",",,H","    0",",,H","  117",",,W","   -5",",,W","   31",",,W",,,,,,,,,,,,,"  130",",,W","  130",",,W",,,"   67",",,W","   81",",,W",,,,,,,,,,,,,,,,,,,,,,,,,,,,,,,,,,,,,,,,,,,,,,,,
"USW00023040","2019-01-31","31.7801","-103.2018","855.6","WINK FAA AIRPORT, TX US","    0",",,W,2400","    0",",,H","    0",",,H","  222",",,W","  -32",",,W","   25",",,W",,,,,,,,,,,,,"  130",",,W","  260",",,W",,,"   58",",,W","   76",",,W",,,,,,,,,,,,,,,,,,,,,,,,,,,,,,,,,,,,,,,,,,,,,,,,
"USW00023040","2019-02-01","31.7801","-103.2018","855.6","WINK FAA AIRPORT, TX US","   36",",,W,2400",,,"    0",",,H","  222",",,W","    6",",,W","   34",",,W",,,,,,,,,,,,,"  280",",,W","  280",",,W",,,"  107",",,W","  148",",,W","    1",",,W","    1",",,W","    1",",,W",,,,,,,,,,,,,,,,,,,,,,,,,,,,,,,,,,,,,,,,,,
"USW00023040","2019-02-02","31.7801","-103.2018","855.6","WINK FAA AIRPORT, TX US","    0",",,W,2400","    0",",,H","    0",",,H","  228",",,W","   78",",,W","   43",",,W",,,,,,,,,,,,,"  240",",,W","  270",",,W",,,"   98",",,W","  121",",,W","    1",",,W","    1",",,W",,,,,,,,,,,,,,,,,,,,,,,,,,,,,,,,,,,,,,,,,,,,
"USW00023040","2019-02-03","31.7801","-103.2018","855.6","WINK FAA AIRPORT, TX US","    0",",,W,2400","    0",",,H","    0",",,H","  250",",,W","   72",",,W","   59",",,W",,,,,,,,,,,,,"  250",",,W","  250",",,W",,,"  143",",,W","  174",",,W",,,,,,,,,,,,,,,,,,,,,,,,,,,,,,,,,,,,,,,,,,,,,,,,
"USW00023040","2019-02-04","31.7801","-103.2018","855.6","WINK FAA AIRPORT, TX US","    0",",,W,2400","    0",",,H","    0",",,H","  256",",,W","   78",",,W","   34",",,W",,,,,,,,,,,,,"  240",",,W","  230",",,W",,,"  103",",,W","  130",",,W",,,,,,,,,,,,,,,,,,,,,,,,,,,,,,,,,,,,,,,,,,,,,,,,
"USW00023040","2019-02-05","31.7801","-103.2018","855.6","WINK FAA AIRPORT, TX US","    0",",,W,2400","    0",",,H","    0",",,H","  250",",,W","   44",",,W","   37",",,W",,,,,,,,,,,,,"  250",",,W","  250",",,W",,,"  116",",,W","  161",",,W",,,,,,,,,,,,,,,,,,,,,,,,,,,,,,,,,,,,,,,,,,,,,,,,
"USW00023040","2019-02-06","31.7801","-103.2018","855.6","WINK FAA AIRPORT, TX US","    0",",,W,2400","    0",",,H","    0",",,H","  261",",,W","  100",",,W","   62",",,W",,,,,,,,,,,,,"  280",",,W","  280",",,W",,,"  130",",,W","  165",",,W",,,,,,,,,,,,,,,,,,,,,,,,,,,,,,,,,,,,,,,,,,,,,,,,
"USW00023040","2019-02-07","31.7801","-103.2018","855.6","WINK FAA AIRPORT, TX US","    0",",,W,2400","    0",",,H","    0",",,H","  144",",,W","    6",",,W","   40",",,W",,,,,,,,,,,,,"  290",",,W","  280",",,W",,,"  130",",,W","  188",",,W",,,,,,,,,,,,,,,,,,,,,,,,,,,,,,,,,,,,,,,,,,,,,,,,
"USW00023040","2019-02-08","31.7801","-103.2018","855.6","WINK FAA AIRPORT, TX US","    0",",,W,2400","    0",",,H","    0",",,H","   61",",,W","  -49",",,W","   52",",,W",,,,,,,,,,,,,"  130",",,W","  110",",,W",,,"  103",",,W","  121",",,W",,,,,,,,,,,,,,,,,,,,,,,,,,,,,,,,,,,,,,,,,,,,,,,,
"USW00023040","2019-02-09","31.7801","-103.2018","855.6","WINK FAA AIRPORT, TX US","    0",",,W,2400","    0",",,H","    0",",,H","   83",",,W","  -27",",,W","   49",",,W",,,,,,,,,,,,,"  130",",,W","  120",",,W",,,"   81",",,W","  116",",,W",,,,,,,,,,,,,,,,,,,,,,,,,,,,,,,,,,,,,,,,,,,,,,,,
"USW00023040","2019-02-10","31.7801","-103.2018","855.6","WINK FAA AIRPORT, TX US","    0",",,W,2400","    0",",,H","    0",",,H","   83",",,W","   28",",,W","   26",",,W",,,,,,,,,,,,,"  120",",,W","  120",",,W",,,"   76",",,W","   94",",,W",,,,,,,,,,,,,,,,,,,,,,,,,,,,,,,,,,,,,,,,,,,,,,,,
"USW00023040","2019-02-11","31.7801","-103.2018","855.6","WINK FAA AIRPORT, TX US","    0","T,,W,2400",,,"    0",",,H","  200",",,W","    6",",,W","   59",",,W",,,,,,,,,,,,,"  270",",,W","  270",",,W",,,"  174",",,W","  228",",,W","    1",",,W","    1",",,W",,,,,,,,,,,"    1",",,W",,,,,,,,,,,,,,,,,,,,,,,,,,,,,,,,
"USW00023040","2019-02-12","31.7801","-103.2018","855.6","WINK FAA AIRPORT, TX US","    0",",,W,2400","    0",",,H","    0",",,H","  150",",,W","  -27",",,W","   36",",,W",,,,,,,,,,,,,"  130",",,W","  310",",,W",,,"   63",",,W","   72",",,W",,,,,,,,,,,,,,,,,,,,,,,,,,,,,,,,,,,,,,,,,,,,,,,,
"USW00023040","2019-02-13","31.7801","-103.2018","855.6","WINK FAA AIRPORT, TX US","    0",",,W,2400","    0",",,H","    0",",,H","  228",",,W","  -38",",,W","   37",",,W",,,,,,,,,,,,,"  190",",,W","  180",",,W",,,"   67",",,W","   85",",,W",,,,,,,,,,,,,,,,,,,,,,,,,,,,,,,,,,,,,,,,,,,,,,,,
"USW00023040","2019-02-14","31.7801","-103.2018","855.6","WINK FAA AIRPORT, TX US","    0",",,W,2400","    0",",,H","    0",",,H","  256",",,W","   61",",,W","   52",",,W",,,,,,,,,,,,,"  270",",,W","  270",",,W",,,"  107",",,W","  134",",,W",,,,,,,,,,,,,,,,,,,,,,,,,,,,,,,,,,,,,,,,,,,,,,,,
"USW00023040","2019-02-15","31.7801","-103.2018","855.6","WINK FAA AIRPORT, TX US","    0",",,W,2400","    0",",,H","    0",",,H","  272",",,W","  106",",,W","   71",",,W",,,,,,,,,,,,,"  260",",,W","  270",",,W",,,"  170",",,W","  219",",,W",,,,,,,,,,,,,,,,,,,,,,,,,,,,,,,,,,,,,,,,,,,,,,,,
"USW00023040","2019-02-16","31.7801","-103.2018","855.6","WINK FAA AIRPORT, TX US","    0",",,W,2400","    0",",,H","    0",",,H","  261",",,W","   39",",,W","   63",",,W",,,,,,,,,,,,,"  250",",,W","  250",",,W",,,"  148",",,W","  192",",,W",,,,,,,,,,,,,,,,,,,,,,,,,,,,,,,,,,,,,,,,,,,,,,,,
"USW00023040","2019-02-17","31.7801","-103.2018","855.6","WINK FAA AIRPORT, TX US","    0",",,W,2400","    0",",,H","    0",",,H","  167",",,W","    6",",,W","   32",",,W",,,,,,,,,,,,,"  150",",,W","  140",",,W",,,"   63",",,W","   81",",,W",,,,,,,,,,,,,,,,,,,,,,,,,,,,,,,,,,,,,,,,,,,,,,,,
"USW00023040","2019-02-18","31.7801","-103.2018","855.6","WINK FAA AIRPORT, TX US","    0",",,W,2400","    0",",,H","    0",",,H","  100",",,W","   -5",",,W","   70",",,W",,,,,,,,,,,,,"   90",",,W","   80",",,W",,,"  107",",,W","  134",",,W",,,,,,,,,,,,,,,,,,,,,,,,,,,,,,,,,,,,,,,,,,,,,,,,
"USW00023040","2019-02-19","31.7801","-103.2018","855.6","WINK FAA AIRPORT, TX US","    0",",,W,2400","    0",",,H","    0",",,H","   50",",,W","  -32",",,W","   35",",,W",,,,,,,,,,,,,"   60",",,W","   60",",,W",,,"   94",",,W","  116",",,W",,,,,,,,,,,,,,,,,,,,,,,,,,,,,,,,,,,,,,,,,,,,,,,,
"USW00023040","2019-02-20","31.7801","-103.2018","855.6","WINK FAA AIRPORT, TX US","    0",",,W,2400","    0",",,H","    0",",,H","  156",",,W","  -55",",,W","   47",",,W",,,,,,,,,,,,,"  240",",,W","  260",",,W",,,"  103",",,W","  148",",,W",,,,,,,,,,,,,,,,,,,,,,,,,,,,,,,,,,,,,,,,,,,,,,,,
"USW00023040","2019-02-21","31.7801","-103.2018","855.6","WINK FAA AIRPORT, TX US","    0",",,W,2400","    0",",,H","    0",",,H","  228",",,W","   72",",,W","   66",",,W",,,,,,,,,,,,,"  120",",,W","  120",",,W",,,"  103",",,W","  130",",,W",,,,,,,,,,,,,,,,,,,,,,,,,,,,,,,,,,,,,,,,,,,,,,,,
"USW00023040","2019-02-22","31.7801","-103.2018","855.6","WINK FAA AIRPORT, TX US","    0",",,W,2400","    0",",,H","    0",",,H","  233",",,W","  -10",",,W","   44",",,W",,,,,,,,,,,,,"  260",",,W","  270",",,W",,,"  170",",,W","  215",",,W","    1",",,W",,,,,,,,,,,,,"    1",",,W",,,,,,,,,,,,,,,,,,,,,,,,,,,,,,,,
"USW00023040","2019-02-23","31.7801","-103.2018","855.6","WINK FAA AIRPORT, TX US","    0",",,W,2400","    0",",,H","    0",",,H","  178",",,W","   17",",,W","   89",",,W",,,,,,,,,,,,,"  270",",,W","  260",",,W",,,"  179",",,W","  237",",,W",,,,,,,,,,,,,,,"    1",",,W",,,,,,,,,,,,,,,,,,,,,,,,,,,,,,,,
"USW00023040","2019-02-24","31.7801","-103.2018","855.6","WINK FAA AIRPORT, TX US","    0",",,W,2400","    0",",,H","    0",",,H","  183",",,W","  -55",",,W","   48",",,W",,,,,,,,,,,,,"  130",",,W","  140",",,W",,,"  103",",,W","  125",",,W",,,,,,,,,,,,,,,,,,,,,,,,,,,,,,,,,,,,,,,,,,,,,,,,
"USW00023040","2019-02-25","31.7801","-103.2018","855.6","WINK FAA AIRPORT, TX US","    0",",,W,2400","    0",",,H","    0",",,H","  233",",,W","   39",",,W","   55",",,W",,,,,,,,,,,,,"  150",",,W","  150",",,W",,,"   81",",,W","  103",",,W",,,,,,,,,,,,,,,,,,,,,,,,,,,,,,,,,,,,,,,,,,,,,,,,
"USW00023040","2019-02-26","31.7801","-103.2018","855.6","WINK FAA AIRPORT, TX US","    0",",,W,2400","    0",",,H","    0",",,H","  267",",,W","   61",",,W","   38",",,W",,,,,,,,,,,,,"  240",",,W","  240",",,W",,,"   81",",,W","  103",",,W",,,,,,,,,,,,,,,,,,,,,,,,,,,,,,,,,,,,,,,,,,,,,,,,
"USW00023040","2019-02-27","31.7801","-103.2018","855.6","WINK FAA AIRPORT, TX US","    0",",,W,2400","    0",",,H","    0",",,H","  244",",,W","   33",",,W","   23",",,W",,,,,,,,,,,,,"   10",",,W","  360",",,W",,,"   63",",,W","   76",",,W",,,,,,,,,,,,,,,,,,,,,,,,,,,,,,,,,,,,,,,,,,,,,,,,
"USW00023040","2019-02-28","31.7801","-103.2018","855.6","WINK FAA AIRPORT, TX US","    0",",,W,2400","    0",",,H","    0",",,H","  244",",,W","  -16",",,W","   34",",,W",,,,,,,,,,,,,"   30",",,W","   40",",,W",,,"   63",",,W","   85",",,W",,,,,,,,,,,,,,,,,,,,,,,,,,,,,,,,,,,,,,,,,,,,,,,,
"USW00023040","2019-03-01","31.7801","-103.2018","855.6","WINK FAA AIRPORT, TX US","    0",",,W,2400","    0",",,H","    0",",,H","  289",",,W","   17",",,W","   31",",,W",,,,,,,,,,,,,"  310",",,W","  290",",,W",,,"   76",",,W","  107",",,W","    1",",,W","    1",",,W",,,,,,,,,,,,,,,,,,,,,,,,,,,,,,,,,,,,,,,,,,,,
"USW00023040","2019-03-02","31.7801","-103.2018","855.6","WINK FAA AIRPORT, TX US","    0",",,W,2400","    0",",,H","    0",",,H","  189",",,W","   61",",,W","   36",",,W",,,,,,,,,,,,,"  140",",,W","  140",",,W",,,"   72",",,W","   85",",,W","    1",",,W",,,,,,,,,,,,,,,,,,,,,,,,,,,,,,,,,,,,,,,,,,,,,,
"USW00023040","2019-03-03","31.7801","-103.2018","855.6","WINK FAA AIRPORT, TX US","    0",",,W,2400","    0",",,H","    0",",,H","  106",",,W","   -5",",,W","   54",",,W",,,,,,,,,,,,,"   40",",,W","   40",",,W",,,"   94",",,W","  107",",,W","    1",",,W",,,,,,,,,,,,,,,,,,,,,,,,,,,,,,,,,,,,,,,,,,,,,,
"USW00023040","2019-03-04","31.7801","-103.2018","855.6","WINK FAA AIRPORT, TX US","    0",",,W,2400","    0",",,H","    0",",,H","   22",",,W","  -49",",,W","   40",",,W",,,,,,,,,,,,,"   70",",,W","   70",",,W",,,"   72",",,W","   89",",,W",,,,,,,,,,,,,,,,,,,,,,,,,,,,,,,,,,,,,,,,,,,,,,,,
"USW00023040","2019-03-05","31.7801","-103.2018","855.6","WINK FAA AIRPORT, TX US","    0",",,W,2400","    0",",,H","    0",",,H","  100",",,W","  -77",",,W","   27",",,W",,,,,,,,,,,,,"  130",",,W","  140",",,W",,,"   67",",,W","   81",",,W",,,,,,,,,,,,,,,,,,,,,,,,,,,,,,,,,,,,,,,,,,,,,,,,
"USW00023040","2019-03-06","31.7801","-103.2018","855.6","WINK FAA AIRPORT, TX US","    0",",,W,2400","    0",",,H","    0",",,H","  189",",,W","  -16",",,W","   54",",,W",,,,,,,,,,,,,"  150",",,W","  150",",,W",,,"   89",",,W","  107",",,W",,,,,,,,,,,,,,,,,,,,,,,,,,,,,,,,,,,,,,,,,,,,,,,,
"USW00023040","2019-03-07","31.7801","-103.2018","855.6","WINK FAA AIRPORT, TX US","    0",",,W,2400","    0",",,H","    0",",,H","  283",",,W","    0",",,W","   31",",,W",,,,,,,,,,,,,"  220",",,W","  220",",,W",,,"  103",",,W","  121",",,W",,,,,,,,,,,,,,,,,,,,,,,,,,,,,,,,,,,,,,,,,,,,,,,,
"USW00023040","2019-03-08","31.7801","-103.2018","855.6","WINK FAA AIRPORT, TX US","    0","T,,W,2400",,,"    0",",,H","  283",",,W","   94",",,W","   49",",,W",,,,,,,,,,,,,"  290",",,W","  300",",,W",,,"  165",",,W","  219",",,W",,,,,,,,,,,,,,,"    1",",,W",,,,,,,,,,,,,,,,,,,,,,,,,,,,,,,,
"USW00023040","2019-03-09","31.7801","-103.2018","855.6","WINK FAA AIRPORT, TX US","    0",",,W,2400","    0",",,H","    0",",,H","  217",",,W","   39",",,W","   40",",,W",,,,,,,,,,,,,"  280",",,W","  280",",,W",,,"  125",",,W","  161",",,W",,,,,,,,,,,,,,,,,,,,,,,,,,,,,,,,,,,,,,,,,,,,,,,,
"USW00023040","2019-03-10","31.7801","-103.2018","855.6","WINK FAA AIRPORT, TX US","    0",",,W,2400","    0",",,H","    0",",,H","  139",",,W","   78",",,W","   36",",,W",,,,,,,,,,,,,"   40",",,W","   40",",,W",,,"   94",",,W","  107",",,W",,,,,,,,,,,,,,,,,,,,,,,,,,,,,,,,,,,,,,,,,,,,,,,,
"USW00023040","2019-03-11","31.7801","-103.2018","855.6","WINK FAA AIRPORT, TX US","    0","T,,W,2400",,,"    0",",,H","  117",",,W","   72",",,W","   36",",,W",,,,,,,,,,,,,"   80",",,W","  130",",,W",,,"   76",",,W","   89",",,W","    1",",,W",,,,,,,,,,,,,"    1",",,W",,,,,,,,,,,,,,,,,,,,,,,,,,,,,,,,
"USW00023040","2019-03-12","31.7801","-103.2018","855.6","WINK FAA AIRPORT, TX US","  206",",,W,2400","    0",",,H","    0",",,H","  211",",,W","  100",",,W","   81",",,W",,,,,,,,,,,,,"  190",",,W","  200",",,W",,,"  179",",,W","  246",",,W","    1",",,W",,,"    1",",,W",,,,,,,,,"    1",",,W",,,,,,,,,,,,,,,,,,,,,,,,,,,,,,,,
"USW00023040","2019-03-13","31.7801","-103.2018","855.6","WINK FAA AIRPORT, TX US","    0",",,W,2400","    0",",,H","    0",",,H","  206",",,W","   61",",,W","   94",",,W",,,,,,,,,,,,,"  250",",,W","  280",",,W",,,"  206",",,W","  273",",,W",,,,,,,,,,,,,,,"    1",",,W",,,,,,,,,,,,,,,,,,,,,,,,,,,,,,,,
"USW00023040","2019-03-14","31.7801","-103.2018","855.6","WINK FAA AIRPORT, TX US","    0",",,W,2400","    0",",,H","    0",",,H","  178",",,W","   39",",,W","   45",",,W",,,,,,,,,,,,,"   60",",,W","   60",",,W",,,"  107",",,W","  143",",,W",,,,,,,,,,,,,,,,,,,,,,,,,,,,,,,,,,,,,,,,,,,,,,,,
"USW00023040","2019-03-15","31.7801","-103.2018","855.6","WINK FAA AIRPORT, TX US","    0",",,W,2400","    0",",,H","    0",",,H","  128",",,W","   22",",,W","   45",",,W",,,,,,,,,,,,,"   50",",,W","   40",",,W",,,"   72",",,W","  107",",,W",,,,,,,,,,,,,,,,,,,,,,,,,,,,,,,,,,,,,,,,,,,,,,,,
"USW00023040","2019-03-16","31.7801","-103.2018","855.6","WINK FAA AIRPORT, TX US","    0",",,W,2400","    0",",,H","    0",",,H","  144",",,W","   17",",,W","   40",",,W",,,,,,,,,,,,,"  110",",,W","  120",",,W",,,"   81",",,W","  130",",,W",,,,,,,,,,,,,,,,,,,,,,,,,,,,,,,,,,,,,,,,,,,,,,,,
"USW00023040","2019-03-17","31.7801","-103.2018","855.6","WINK FAA AIRPORT, TX US","    0",",,W,2400","    0",",,H","    0",",,H","  178",",,W","    6",",,W","   27",",,W",,,,,,,,,,,,,"  160",",,W","  150",",,W",,,"   67",",,W","   85",",,W",,,,,,,,,,,,,,,,,,,,,,,,,,,,,,,,,,,,,,,,,,,,,,,,
"USW00023040","2019-03-18","31.7801","-103.2018","855.6","WINK FAA AIRPORT, TX US","    0",",,W,2400","    0",",,H","    0",",,H","  183",",,W","   33",",,W","   31",",,W",,,,,,,,,,,,,"  120",",,W","  120",",,W",,,"   72",",,W","   98",",,W",,,,,,,,,,,,,,,,,,,,,,,,,,,,,,,,,,,,,,,,,,,,,,,,
"USW00023040","2019-03-19","31.7801","-103.2018","855.6","WINK FAA AIRPORT, TX US","    0",",,W,2400","    0",",,H","    0",",,H","  217",",,W","   50",",,W","   36",",,W",,,,,,,,,,,,,"  140",",,W","  150",",,W",,,"   72",",,W","   85",",,W",,,,,,,,,,,,,,,,,,,,,,,,,,,,,,,,,,,,,,,,,,,,,,,,
"USW00023040","2019-03-20","31.7801","-103.2018","855.6","WINK FAA AIRPORT, TX US","    0",",,W,2400","    0",",,H","    0",",,H","  161",",,W","   56",",,W","   36",",,W",,,,,,,,,,,,,"  360",",,W","   10",",,W",,,"   81",",,W","   98",",,W",,,,,,,,,,,,,,,,,,,,,,,,,,,,,,,,,,,,,,,,,,,,,,,,
"USW00023040","2019-03-21","31.7801","-103.2018","855.6","WINK FAA AIRPORT, TX US","    0","T,,W,2400",,,"    0",",,H","  200",",,W","   56",",,W","   45",",,W",,,,,,,,,,,,,"  130",",,W","  130",",,W",,,"  103",",,W","  130",",,W",,,,,,,,,,,,,,,,,,,,,,,,,,,,,,,,,,,,,,,,,,,,,,,,
"USW00023040","2019-03-22","31.7801","-103.2018","855.6","WINK FAA AIRPORT, TX US","   18",",,W,2400","    0",",,H","    0",",,H","  233",",,W","  122",",,W","   67",",,W",,,,,,,,,,,,,"  110",",,W","  110",",,W",,,"  183",",,W","  219",",,W",,,,,"    1",",,W",,,,,,,,,,,,,,,,,,,,,,,,,,,,,,,,,,,,,,,,,,
"USW00023040","2019-03-23","31.7801","-103.2018","855.6","WINK FAA AIRPORT, TX US","    0",",,W,2400","    0",",,H","    0",",,H","  256",",,W","   72",",,W","   31",",,W",,,,,,,,,,,,,"  270",",,W","  270",",,W",,,"   98",",,W","  130",",,W","    1",",,W","    1",",,W",,,,,,,,,,,,,,,,,,,,,,,,,,,,,,,,,,,,,,,,,,,,
"USW00023040","2019-03-24","31.7801","-103.2018","855.6","WINK FAA AIRPORT, TX US","    0",",,W,2400","    0",",,H","    0",",,H","  289",",,W","   56",",,W","   36",",,W",,,,,,,,,,,,,"  260",",,W","  250",",,W",,,"  112",",,W","  143",",,W",,,,,,,,,,,,,,,,,,,,,,,,,,,,,,,,,,,,,,,,,,,,,,,,
"USW00023040","2019-03-25","31.7801","-103.2018","855.6","WINK FAA AIRPORT, TX US","    0",",,W,2400","    0",",,H","    0",",,H","  261",",,W","   67",",,W","   36",",,W",,,,,,,,,,,,,"   90",",,W","  360",",,W",,,"   63",",,W","   85",",,W",,,,,,,,,,,,,,,,,,,,,,,,,,,,,,,,,,,,,,,,,,,,,,,,
"USW00023040","2019-03-26","31.7801","-103.2018","855.6","WINK FAA AIRPORT, TX US","    0",",,W,2400","    0",",,H","    0",",,H","  256",",,W","  117",",,W","   76",",,W",,,,,,,,,,,,,"  140",",,W","  150",",,W",,,"  112",",,W","  148",",,W",,,,,,,,,,,,,,,,,,,,,,,,,,,,,,,,,,,,,,,,,,,,,,,,
"USW00023040","2019-03-27","31.7801","-103.2018","855.6","WINK FAA AIRPORT, TX US","    0","T,,W,2400","    0",",,H","    0",",,H","  289",",,W","  156",",,W","   72",",,W",,,,,,,,,,,,,"  140",",,W","  140",",,W",,,"  107",",,W","  143",",,W",,,,,,,,,,,,,,,,,,,,,,,,,,,,,,,,,,,,,,,,,,,,,,,,
"USW00023040","2019-03-28","31.7801","-103.2018","855.6","WINK FAA AIRPORT, TX US","    0",",,W,2400","    0",",,H","    0",",,H","  311",",,W","  139",",,W","   49",",,W",,,,,,,,,,,,,"  140",",,W","  130",",,W",,,"  103",",,W","  130",",,W",,,,,,,,,,,,,,,,,,,,,,,,,,,,,,,,,,,,,,,,,,,,,,,,
"USW00023040","2019-03-29","31.7801","-103.2018","855.6","WINK FAA AIRPORT, TX US","    0",",,W,2400","    0",",,H","    0",",,H","  322",",,W","  133",",,W","   49",",,W",,,,,,,,,,,,,"  270",",,W","  280",",,W",,,"  112",",,W","  148",",,W","    1",",,W",,,,,,,,,,,,,,,,,,,,,,,,,,,,,,,,,,,,,,,,,,,,,,
"USW00023040","2019-03-30","31.7801","-103.2018","855.6","WINK FAA AIRPORT, TX US","    0",",,W,2400","    0",",,H","    0",",,H","  167",",,W","   72",",,W","   72",",,W",,,,,,,,,,,,,"   30",",,W","   20",",,W",,,"  130",",,W","  157",",,W",,,,,,,,,,,,,,,,,,,,,,,,,,,,,,,,,,,,,,,,,,,,,,,,
"USW00023040","2019-03-31","31.7801","-103.2018","855.6","WINK FAA AIRPORT, TX US","    0",",,W,2400","    0",",,H","    0",",,H","  139",",,W","   -5",",,W","   41",",,W",,,,,,,,,,,,,"  130",",,W","  120",",,W",,,"   81",",,W","  103",",,W",,,,,,,,,,,,,,,,,,,,,,,,,,,,,,,,,,,,,,,,,,,,,,,,
"USW00023040","2019-04-01","31.7801","-103.2018","855.6","WINK FAA AIRPORT, TX US","    0",",,W,2400","    0",",,H","    0",",,H","  183",",,W","    6",",,W","   34",",,W",,,,,,,,,,,,,"  130",",,W","  120",",,W",,,"   63",",,W","   81",",,W",,,,,,,,,,,,,,,,,,,,,,,,,,,,,,,,,,,,,,,,,,,,,,,,
"USW00023040","2019-04-02","31.7801","-103.2018","855.6","WINK FAA AIRPORT, TX US","    0",",,W,2400","    0",",,H","    0",",,H","  283",",,W","   61",",,W","   60",",,W",,,,,,,,,,,,,"  140",",,W","  130",",,W",,,"  107",",,W","  139",",,W",,,,,,,,,,,,,,,,,,,,,,,,,,,,,,,,,,,,,,,,,,,,,,,,
"USW00023040","2019-04-03","31.7801","-103.2018","855.6","WINK FAA AIRPORT, TX US","    0",",,W,2400","    0",",,H","    0",",,H","  300",",,W","   94",",,W","   55",",,W",,,,,,,,,,,,,"  230",",,W","  240",",,W",,,"  125",",,W","  170",",,W",,,,,,,,,,,,,,,,,,,,,,,,,,,,,,,,,,,,,,,,,,,,,,,,
"USW00023040","2019-04-04","31.7801","-103.2018","855.6","WINK FAA AIRPORT, TX US","    0",",,W,2400","    0",",,H","    0",",,H","  278",",,W","   61",",,W","   28",",,W",,,,,,,,,,,,,"  260",",,W","  280",",,W",,,"   72",",,W","  112",",,W",,,,,,,,,,,,,,,,,,,,,,,,,,,,,,,,,,,,,,,,,,,,,,,,
"USW00023040","2019-04-05","31.7801","-103.2018","855.6","WINK FAA AIRPORT, TX US","    0","T,,W,2400",,,"    0",",,H","  289",",,W","   72",",,W","   42",",,W",,,,,,,,,,,,,"  280",",,W","  290",",,W",,,"  125",",,W","  157",",,W",,,,,"    1",",,W",,,,,,,,,,,,,,,,,,,,,,,,,,,,,,,,,,,,,,,,,,
"USW00023040","2019-04-06","31.7801","-103.2018","855.6","WINK FAA AIRPORT, TX US","    0",",,W,2400","    0",",,H","    0",",,H","  283",",,W","  122",",,W","   48",",,W",,,,,,,,,,,,,"  280",",,W","  290",",,W",,,"  107",",,W","  134",",,W",,,,,,,,,,,,,,,,,,,,,,,,,,,,,,,,,,,,,,,,,,,,,,,,
"USW00023040","2019-04-07","31.7801","-103.2018","855.6","WINK FAA AIRPORT, TX US","    0",",,W,2400","    0",",,H","    0",",,H","  300",",,W","   72",",,W","   38",",,W",,,,,,,,,,,,,"  330",",,W","  290",",,W",,,"  103",",,W","  134",",,W",,,,,,,,,,,,,,,,,,,,,,,,,,,,,,,,,,,,,,,,,,,,,,,,
"USW00023040","2019-04-08","31.7801","-103.2018","855.6","WINK FAA AIRPORT, TX US","    0",",,W,2400","    0",",,H","    0",",,H","  322",",,W","   78",",,W","   24",",,W",,,,,,,,,,,,,"  210",",,W","  210",",,W",,,"   67",",,W","   81",",,W",,,,,,,,,,,,,,,,,,,,,,,,,,,,,,,,,,,,,,,,,,,,,,,,
"USW00023040","2019-04-09","31.7801","-103.2018","855.6","WINK FAA AIRPORT, TX US","    0",",,W,2400","    0",",,H","    0",",,H","  361",",,W","   72",",,W","   38",",,W",,,,,,,,,,,,,"  230",",,W","  220",",,W",,,"  116",",,W","  143",",,W",,,,,,,,,,,,,,,,,,,,,,,,,,,,,,,,,,,,,,,,,,,,,,,,
"USW00023040","2019-04-10","31.7801","-103.2018","855.6","WINK FAA AIRPORT, TX US","    0",",,W,2400","    0",",,H","    0",",,H","  350",",,W","  100",",,W","   86",",,W",,,,,,,,,,,,,"  250",",,W","  230",",,W",,,"  183",",,W","  241",",,W",,,,,,,,,,,,,,,"    1",",,W",,,,,,,,,,,,,,,,,,,,,,,,,,,,,,,,
"USW00023040","2019-04-11","31.7801","-103.2018","855.6","WINK FAA AIRPORT, TX US","    0",",,W,2400","    0",",,H","    0",",,H","  233",",,W","   67",",,W","   63",",,W",,,,,,,,,,,,,"  270",",,W","  240",",,W",,,"  157",",,W","  192",",,W",,,,,,,,,,,,,,,,,,,,,,,,,,,,,,,,,,,,,,,,,,,,,,,,
"USW00023040","2019-04-12","31.7801","-103.2018","855.6","WINK FAA AIRPORT, TX US","  142",",,W,2400",,,"    0",",,H","  244",",,W","   17",",,W","   37",",,W",,,,,,,,,,,,,"   50",",,W","   60",",,W",,,"  143",",,W","  183",",,W","    1",",,W",,,"    1",",,W",,,,,,,,,,,,,,,,,,,,,,,,,,,,,,,,,,,,,,,,,,
"USW00023040","2019-04-13","31.7801","-103.2018","855.6","WINK FAA AIRPORT, TX US","   74",",,W,2400",,,"    0",",,H","  128",",,W","   61",",,W","   54",",,W",,,,,,,,,,,,,"   70",",,W","   70",",,W",,,"  125",",,W","  161",",,W","    1",",,W",,,"    1",",,W",,,,,,,,,,,,,,,,,,,,,,,,,,,,,,,,,,,,,,,,,,
"USW00023040","2019-04-14","31.7801","-103.2018","855.6","WINK FAA AIRPORT, TX US","    0",",,W,2400","    0",",,H","    0",",,H","  267",",,W","   28",",,W","   35",",,W",,,,,,,,,,,,,"  260",",,W","  260",",,W",,,"   94",",,W","  116",",,W","    1",",,W",,,,,,,,,,,,,,,,,,,,,,,,,,,,,,,,,,,,,,,,,,,,,,
"USW00023040","2019-04-15","31.7801","-103.2018","855.6","WINK FAA AIRPORT, TX US","    0",",,W,2400","    0",",,H","    0",",,H","  311",",,W","   94",",,W","   51",",,W",,,,,,,,,,,,,"  130",",,W","  130",",,W",,,"  103",",,W","  143",",,W",,,,,,,,,,,,,,,,,,,,,,,,,,,,,,,,,,,,,,,,,,,,,,,,
"USW00023040","2019-04-16","31.7801","-103.2018","855.6","WINK FAA AIRPORT, TX US","    0",",,W,2400","    0",",,H","    0",",,H","  306",",,W","  156",",,W","   53",",,W",,,,,,,,,,,,,"  230",",,W","  230",",,W",,,"  103",",,W","  130",",,W",,,,,,,,,,,,,,,,,,,,,,,,,,,,,,,,,,,,,,,,,,,,,,,,
"USW00023040","2019-04-17","31.7801","-103.2018","855.6","WINK FAA AIRPORT, TX US","    0",",,W,2400","    0",",,H","    0",",,H","  261",",,W","  111",",,W","   77",",,W",,,,,,,,,,,,,"  280",",,W","  270",",,W",,,"  165",",,W","  197",",,W",,,,,,,,,,,,,,,,,,,,,,,,,,,,,,,,,,,,,,,,,,,,,,,,
"USW00023040","2019-04-18","31.7801","-103.2018","855.6","WINK FAA AIRPORT, TX US","    0",",,W,2400","    0",",,H","    0",",,H","  250",",,W","  133",",,W","   46",",,W",,,,,,,,,,,,,"   30",",,W","   20",",,W",,,"  107",",,W","  139",",,W",,,,,,,,,,,,,,,,,,,,,,,,,,,,,,,,,,,,,,,,,,,,,,,,
"USW00023040","2019-04-19","31.7801","-103.2018","855.6","WINK FAA AIRPORT, TX US","    0",",,W,2400","    0",",,H","    0",",,H","  250",",,W","   72",",,W","   31",",,W",,,,,,,,,,,,,"   80",",,W","   80",",,W",,,"   72",",,W","  103",",,W",,,,,,,,,,,,,,,,,,,,,,,,,,,,,,,,,,,,,,,,,,,,,,,,
"USW00023040","2019-04-20","31.7801","-103.2018","855.6","WINK FAA AIRPORT, TX US","    0",",,W,2400","    0",",,H","    0",",,H","  339",",,W","  106",",,W","   56",",,W",,,,,,,,,,,,,"  140",",,W","  150",",,W",,,"  125",",,W","  157",",,W",,,,,,,,,,,,,,,,,,,,,,,,,,,,,,,,,,,,,,,,,,,,,,,,
"USW00023040","2019-04-21","31.7801","-103.2018","855.6","WINK FAA AIRPORT, TX US","    0",",,W,2400","    0",",,H","    0",",,H","  333",",,W","  128",",,W","   45",",,W",,,,,,,,,,,,,"  270",",,W","  280",",,W",,,"  107",",,W","  134",",,W",,,,,,,,,,,,,,,,,,,,,,,,,,,,,,,,,,,,,,,,,,,,,,,,
"USW00023040","2019-04-22","31.7801","-103.2018","855.6","WINK FAA AIRPORT, TX US","    0",",,W,2400","    0",",,H","    0",",,H","  250",",,W","  161",",,W","   38",",,W",,,,,,,,,,,,,"  360",",,W","  110",",,W",,,"   72",",,W","   89",",,W",,,,,,,,,,,,,,,,,,,,,,,,,,,,,,,,,,,,,,,,,,,,,,,,
"USW00023040","2019-04-23","31.7801","-103.2018","855.6","WINK FAA AIRPORT, TX US","   48",",,W,2400","    0",",,H","    0",",,H","  250",",,W","  133",",,W","   62",",,W",,,,,,,,,,,,,"  340",",,W","  330",",,W",,,"  148",",,W","  183",",,W","    1",",,W",,,"    1",",,W",,,,,,,,,,,,,,,,,,,,,,,,,,,,,,,,,,,,,,,,,,
"USW00023040","2019-04-24","31.7801","-103.2018","855.6","WINK FAA AIRPORT, TX US","   38",",,W,2400","    0",",,H","    0",",,H","  189",",,W","  122",",,W","   30",",,W",,,,,,,,,,,,,"   20",",,W","   20",",,W",,,"   89",",,W","  107",",,W","    1",",,W",,,"    1",",,W",,,,,,,,,,,,,,,,,,,,,,,,,,,,,,,,,,,,,,,,,,
"USW00023040","2019-04-25","31.7801","-103.2018","855.6","WINK FAA AIRPORT, TX US","    0",",,W,2400","    0",",,H","    0",",,H","  317",",,W","   78",",,W","   24",",,W",,,,,,,,,,,,,"   90",",,W","   90",",,W",,,"   63",",,W","   85",",,W","    1",",,W",,,,,,,,,,,,,,,,,,,,,,,,,,,,,,,,,,,,,,,,,,,,,,
"USW00023040","2019-04-26","31.7801","-103.2018","855.6","WINK FAA AIRPORT, TX US","    0",",,W,2400","    0",",,H","    0",",,H","  278",",,W","  150",",,W","   68",",,W",,,,,,,,,,,,,"  120",",,W","  140",",,W",,,"  107",",,W","  139",",,W",,,,,,,,,,,,,,,,,,,,,,,,,,,,,,,,,,,,,,,,,,,,,,,,
"USW00023040","2019-04-27","31.7801","-103.2018","855.6","WINK FAA AIRPORT, TX US","    0",",,W,2400","    0",",,H","    0",",,H","  350",",,W","  156",",,W","   34",",,W",,,,,,,,,,,,,"  150",",,W","   80",",,W",,,"   63",",,W","   81",",,W",,,,,,,,,,,,,,,,,,,,,,,,,,,,,,,,,,,,,,,,,,,,,,,,
"USW00023040","2019-04-28","31.7801","-103.2018","855.6","WINK FAA AIRPORT, TX US","    0",",,W,2400","    0",",,H","    0",",,H","  356",",,W","  139",",,W","   43",",,W",,,,,,,,,,,,,"  130",",,W","  130",",,W",,,"  103",",,W","  125",",,W",,,,,,,,,,,,,,,,,,,,,,,,,,,,,,,,,,,,,,,,,,,,,,,,
"USW00023040","2019-04-29","31.7801","-103.2018","855.6","WINK FAA AIRPORT, TX US","  523",",,W,2400","    0",",,H","    0",",,H","  339",",,W","  161",",,W","   48",",,W",,,,,,,,,,,,,"   50",",,W","   60",",,W",,,"  130",",,W","  170",",,W","    1",",,W",,,"    1",",,W",,,,,,,,,,,,,,,,,,,,,,,,,,,,,,,,,,,,,,,,,,
"USW00023040","2019-04-30","31.7801","-103.2018","855.6","WINK FAA AIRPORT, TX US","    0",",,W,2400","    0",",,H","    0",",,H","  322",",,W","  183",",,W","   44",",,W",,,,,,,,,,,,,"  270",",,W","  200",",,W",,,"  107",",,W","  139",",,W","    1",",,W",,,,,,,,,,,,,"    1",",,W",,,,,,,,,,,,,,,,,,,,,,,,,,,,,,,,
"USW00023040","2019-05-01","31.7801","-103.2018","855.6","WINK FAA AIRPORT, TX US","    0",",,W,2400","    0",",,H","    0",",,H","  322",",,W","  133",",,W","   26",",,W",,,,,,,,,,,,,"  220",",,W","  280",",,W",,,"   81",",,W","  125",",,W","    1",",,W","    1",",,W",,,,,,,,,,,"    1",",,W",,,,,,,,,,,,,,,,,,,,,,,,,,,,,,,,
"USW00023040","2019-05-02","31.7801","-103.2018","855.6","WINK FAA AIRPORT, TX US","    0",",,W,2400","    0",",,H","    0",",,H","  289",",,W","  156",",,W","   50",",,W",,,,,,,,,,,,,"  100",",,W","  360",",,W",,,"  103",",,W","  125",",,W","    1",",,W","    1",",,W",,,,,,,,,,,"    1",",,W",,,,,,,,,,,,,,,,,,,,,,,,,,,,,,,,
"USW00023040","2019-05-03","31.7801","-103.2018","855.6","WINK FAA AIRPORT, TX US","    0","T,,W,2400","    0",",,H","    0",",,H","  294",",,W","  172",",,W","   43",",,W",,,,,,,,,,,,,"  140",",,W","  140",",,W",,,"  125",",,W","  157",",,W",,,,,"    1",",,W",,,,,,,,,,,,,,,,,,,,,,,,,,,,,,,,,,,,,,,,,,
"USW00023040","2019-05-04","31.7801","-103.2018","855.6","WINK FAA AIRPORT, TX US","    0",",,W,2400","    0",",,H","    0",",,H","  283",",,W","  122",",,W","   45",",,W",,,,,,,,,,,,,"  140",",,W","  130",",,W",,,"  107",",,W","  130",",,W",,,,,,,,,,,,,,,,,,,,,,,,,,,,,,,,,,,,,,,,,,,,,,,,
"USW00023040","2019-05-05","31.7801","-103.2018","855.6","WINK FAA AIRPORT, TX US","    0",",,W,2400","    0",",,H","    0",",,H","  333",",,W","  178",",,W","   61",",,W",,,,,,,,,,,,,"  140",",,W","  160",",,W",,,"  130",",,W","  174",",,W","    1",",,W",,,,,,,,,,,,,"    1",",,W",,,,,,,,,,,,,,,,,,,,,,,,,,,,,,,,
"USW00023040","2019-05-06","31.7801","-103.2018","855.6","WINK FAA AIRPORT, TX US","    0",",,W,2400","    0",",,H","    0",",,H","  322",",,W","  156",",,W","   58",",,W",,,,,,,,,,,,,"  140",",,W","  140",",,W",,,"  116",",,W","  152",",,W",,,,,,,,,,,,,,,,,,,,,,,,,,,,,,,,,,,,,,,,,,,,,,,,
"USW00023040","2019-05-07","31.7801","-103.2018","855.6","WINK FAA AIRPORT, TX US","   97",",,W,2400","    0",",,H","    0",",,H","  311",",,W","  178",",,W","   55",",,W",,,,,,,,,,,,,"  150",",,W","  140",",,W",,,"  130",",,W","  210",",,W","    1",",,W",,,"    1",",,W",,,,,,,,,"    1",",,W",,,,,,,,,,,,,,,,,,,,,,,,,,,,,,,,
"USW00023040","2019-05-08","31.7801","-103.2018","855.6","WINK FAA AIRPORT, TX US","    0",",,W,2400","    0",",,H","    0",",,H","  300",",,W","  144",",,W","   52",",,W",,,,,,,,,,,,,"  270",",,W","  270",",,W",,,"  103",",,W","  143",",,W",,,,,,,,,,,,,,,,,,,,,,,,,,,,,,,,,,,,,,,,,,,,,,,,
"USW00023040","2019-05-09","31.7801","-103.2018","855.6","WINK FAA AIRPORT, TX US","    0",",,W,2400","    0",",,H","    0",",,H","  228",",,W","  100",",,W","   60",",,W",,,,,,,,,,,,,"   70",",,W","   70",",,W",,,"  130",",,W","  157",",,W",,,,,,,,,,,,,,,,,,,,,,,,,,,,,,,,,,,,,,,,,,,,,,,,
"USW00023040","2019-05-10","31.7801","-103.2018","855.6","WINK FAA AIRPORT, TX US","   25",",,W,2400",,,"    0",",,H","  128",",,W","   72",",,W","   45",",,W",,,,,,,,,,,,,"   70",",,W","   60",",,W",,,"   94",",,W","  121",",,W","    1",",,W",,,"    1",",,W",,,,,,,,,,,,,,,,,,,,,,,,,,,,,,,,,,,,,,,,,,
"USW00023040","2019-05-11","31.7801","-103.2018","855.6","WINK FAA AIRPORT, TX US","    3",",,W,2400",,,"    0",",,H","  228",",,W","   89",",,W","   19",",,W",,,,,,,,,,,,,"  150",",,W","  150",",,W",,,"   54",",,W","   63",",,W",,,,,,,,,,,,,,,,,,,,,,,,,,,,,,,,,,,,,,,,,,,,,,,,
"USW00023040","2019-05-12","31.7801","-103.2018","855.6","WINK FAA AIRPORT, TX US","    0",",,W,2400","    0",",,H","    0",",,H","  261",",,W","  111",",,W","   24",",,W",,,,,,,,,,,,,"  170",",,W","  170",",,W",,,"   67",",,W","   85",",,W",,,,,,,,,,,,,,,,,,,,,,,,,,,,,,,,,,,,,,,,,,,,,,,,
"USW00023040","2019-05-13","31.7801","-103.2018","855.6","WINK FAA AIRPORT, TX US","  109",",,W,2400","    0",",,H","    0",",,H","  222",",,W","  128",",,W","   35",",,W",,,,,,,,,,,,,"  260",",,W","  260",",,W",,,"  116",",,W","  157",",,W","    1",",,W",,,"    1",",,W",,,,,,,,,,,,,,,,,,,,,,,,,,,,,,,,,,,,,,,,,,
"USW00023040","2019-05-14","31.7801","-103.2018","855.6","WINK FAA AIRPORT, TX US","    0",",,W,2400","    0",",,H","    0",",,H","  278",",,W","  100",",,W","   19",",,W",,,,,,,,,,,,,"   80",",,W","   90",",,W",,,"   45",",,W","   58",",,W",,,,,,,,,,,,,,,,,,,,,,,,,,,,,,,,,,,,,,,,,,,,,,,,
"USW00023040","2019-05-15","31.7801","-103.2018","855.6","WINK FAA AIRPORT, TX US","    0",",,W,2400","    0",",,H","    0",",,H","  300",",,W","  156",",,W","   39",",,W",,,,,,,,,,,,,"  130",",,W","  150",",,W",,,"   72",",,W","   94",",,W","    1",",,W",,,,,,,,,,,,,,,,,,,,,,,,,,,,,,,,,,,,,,,,,,,,,,
"USW00023040","2019-05-16","31.7801","-103.2018","855.6","WINK FAA AIRPORT, TX US","    0",",,W,2400","    0",",,H","    0",",,H","  328",",,W","  178",",,W","   67",",,W",,,,,,,,,,,,,"  140",",,W","  150",",,W",,,"  116",",,W","  152",",,W",,,,,,,,,,,,,,,,,,,,,,,,,,,,,,,,,,,,,,,,,,,,,,,,
"USW00023040","2019-05-17","31.7801","-103.2018","855.6","WINK FAA AIRPORT, TX US","   13",",,W,2400","    0",",,H","    0",",,H","  350",",,W","  194",",,W","   58",",,W",,,,,,,,,,,,,"  140",",,W","  150",",,W",,,"  112",",,W","  134",",,W","    1",",,W",,,"    1",",,W",,,,,,,,,,,,,,,,,,,,,,,,,,,,,,,,,,,,,,,,,,
"USW00023040","2019-05-18","31.7801","-103.2018","855.6","WINK FAA AIRPORT, TX US","    0",",,W,2400","    0",",,H","    0",",,H","  306",",,W","  144",",,W","   70",",,W",,,,,,,,,,,,,"  260",",,W","  250",",,W",,,"  148",",,W","  197",",,W",,,,,,,,,,,,,,,,,,,,,,,,,,,,,,,,,,,,,,,,,,,,,,,,
"USW00023040","2019-05-19","31.7801","-103.2018","855.6","WINK FAA AIRPORT, TX US","    0",",,W,2400","    0",",,H","    0",",,H","  328",",,W","   78",",,W","   45",",,W",,,,,,,,,,,,,"  120",",,W","  110",",,W",,,"  107",",,W","  148",",,W",,,,,,,,,,,,,,,,,,,,,,,,,,,,,,,,,,,,,,,,,,,,,,,,
"USW00023040","2019-05-20","31.7801","-103.2018","855.6","WINK FAA AIRPORT, TX US","    0",",,W,2400","    0",",,H","    0",",,H","  328",",,W","  211",",,W","   68",",,W",,,,,,,,,,,,,"  300",",,W","  310",",,W",,,"  170",",,W","  206",",,W",,,,,,,,,,,,,,,"    1",",,W",,,,,,,,,,,,,,,,,,,,,,,,,,,,,,,,
"USW00023040","2019-05-21","31.7801","-103.2018","855.6","WINK FAA AIRPORT, TX US","    0",",,W,2400","    0",",,H","    0",",,H","  283",",,W","  111",",,W","   69",",,W",,,,,,,,,,,,,"  270",",,W","  250",",,W",,,"  148",",,W","  188",",,W",,,,,,,,,,,,,,,,,,,,,,,,,,,,,,,,,,,,,,,,,,,,,,,,
"USW00023040","2019-05-22","31.7801","-103.2018","855.6","WINK FAA AIRPORT, TX US","    0",",,W,2400","    0",",,H","    0",",,H","  350",",,W","  111",",,W","   46",",,W",,,,,,,,,,,,,"  150",",,W","  130",",,W",,,"  112",",,W","  152",",,W",,,,,,,,,,,,,,,,,,,,,,,,,,,,,,,,,,,,,,,,,,,,,,,,
"USW00023040","2019-05-23","31.7801","-103.2018","855.6","WINK FAA AIRPORT, TX US","    0",",,W,2400","    0",",,H","    0",",,H","  389",",,W","  244",",,W","   85",",,W",,,,,,,,,,,,,"  150",",,W","  130",",,W",,,"  139",",,W","  183",",,W",,,,,,,,,,,,,,,"    1",",,W",,,,,,,,,,,,,,,,,,,,,,,,,,,,,,,,
"USW00023040","2019-05-24","31.7801","-103.2018","855.6","WINK FAA AIRPORT, TX US","    0",",,W,2400","    0",",,H","    0",",,H","  344",",,W","  194",",,W","   54",",,W",,,,,,,,,,,,,"  140",",,W","  130",",,W",,,"  125",",,W","  157",",,W",,,,,,,,,,,,,,,,,,,,,,,,,,,,,,,,,,,,,,,,,,,,,,,,
"USW00023040","2019-05-25","31.7801","-103.2018","855.6","WINK FAA AIRPORT, TX US","   61",",,W,2400","    0",",,H","    0",",,H","  322",",,W","  217",",,W","   73",",,W",,,,,,,,,,,,,"  150",",,W","  160",",,W",,,"  179",",,W","  233",",,W","    1",",,W",,,"    1",",,W",,,,,,,,,"    1",",,W",,,,,,,,,,,,,,,,,,,,,,,,,,,,,,,,
"USW00023040","2019-05-26","31.7801","-103.2018","855.6","WINK FAA AIRPORT, TX US","    0",",,W,2400","    0",",,H","    0",",,H","  300",",,W","  211",",,W","   81",",,W",,,,,,,,,,,,,"  150",",,W","  150",",,W",,,"  134",",,W","  174",",,W",,,,,,,,,,,,,,,,,,,,,,,,,,,,,,,,,,,,,,,,,,,,,,,,
"USW00023040","2019-05-27","31.7801","-103.2018","855.6","WINK FAA AIRPORT, TX US","    0",",,W,2400","    0",",,H","    0",",,H","  367",",,W","  183",",,W","   50",",,W",,,,,,,,,,,,,"  150",",,W","  150",",,W",,,"  107",",,W","  148",",,W",,,,,,,,,,,,,,,,,,,,,,,,,,,,,,,,,,,,,,,,,,,,,,,,
"USW00023040","2019-05-28","31.7801","-103.2018","855.6","WINK FAA AIRPORT, TX US","    0",",,W,2400","    0",",,H","    0",",,H","  328",",,W","  178",",,W","   58",",,W",,,,,,,,,,,,,"  280",",,W","  290",",,W",,,"  148",",,W","  188",",,W",,,,,,,,,,,,,,,,,,,,,,,,,,,,,,,,,,,,,,,,,,,,,,,,
"USW00023040","2019-05-29","31.7801","-103.2018","855.6","WINK FAA AIRPORT, TX US","    0",",,W,2400","    0",",,H","    0",",,H","  339",",,W","  156",",,W","   37",",,W",,,,,,,,,,,,,"   70",",,W","  260",",,W",,,"   94",",,W","  125",",,W",,,,,,,,,,,,,,,,,,,,,,,,,,,,,,,,,,,,,,,,,,,,,,,,
"USW00023040","2019-05-30","31.7801","-103.2018","855.6","WINK FAA AIRPORT, TX US","    0","T,,W,2400","    0",",,H","    0",",,H","  267",",,W","  150",",,W","   41",",,W",,,,,,,,,,,,,"   80",",,W","   90",",,W",,,"   81",",,W","  107",",,W",,,,,,,,,,,,,,,,,,,,,,,,,,,,,,,,,,,,,,,,,,,,,,,,
"USW00023040","2019-05-31","31.7801","-103.2018","855.6","WINK FAA AIRPORT, TX US","    0",",,W,2400","    0",",,H","    0",",,H","  289",",,W","  189",",,W","   47",",,W",,,,,,,,,,,,,"  140",",,W","  150",",,W",,,"   98",",,W","  130",",,W",,,,,,,,,,,,,,,,,,,,,,,,,,,,,,,,,,,,,,,,,,,,,,,,
"USW00023040","2019-06-01","31.7801","-103.2018","855.6","WINK FAA AIRPORT, TX US","   13",",,W,2400","    0",",,H","    0",",,H","  339",",,W","  189",",,W","   64",",,W",,,,,,,,,,,,,"  130",",,W","  130",",,W",,,"  112",",,W","  148",",,W",,,,,"    1",",,W",,,,,,,,,,,,,,,,,,,,,,,,,,,,,,,,,,,,,,,,,,
"USW00023040","2019-06-02","31.7801","-103.2018","855.6","WINK FAA AIRPORT, TX US","   20",",,W,2400","    0",",,H","    0",",,H","  311",",,W","  194",",,W","   61",",,W",,,,,,,,,,,,,"   70",",,W","   50",",,W",,,"   89",",,W","  183",",,W",,,,,"    1",",,W",,,,,,,,,,,,,,,,,,,,,,,,,,,,,,,,,,,,,,,,,,
"USW00023040","2019-06-03","31.7801","-103.2018","855.6","WINK FAA AIRPORT, TX US","    0","T,,W,2400","    0",",,H","    0",",,H","  317",",,W","  172",",,W","   55",",,W",,,,,,,,,,,,,"   30",",,W","   50",",,W",,,"  134",",,W","  183",",,W","    1",",,W",,,"    1",",,W",,,,,,,,,,,,,,,,,,,,,,,,,,,,,,,,,,,,,,,,,,
"USW00023040","2019-06-04","31.7801","-103.2018","855.6","WINK FAA AIRPORT, TX US","    0","T,,W,2400","    0",",,H","    0",",,H","  328",",,W","  178",",,W","   39",",,W",,,,,,,,,,,,,"  150",",,W","  160",",,W",,,"  130",",,W","  165",",,W","    1",",,W",,,"    1",",,W",,,,,,,,,,,,,,,,,,,,,,,,,,,,,,,,,,,,,,,,,,
"USW00023040","2019-06-05","31.7801","-103.2018","855.6","WINK FAA AIRPORT, TX US","    3",",,W,2400","    0",",,H","    0",",,H","  333",",,W","  167",",,W","   25",",,W",,,,,,,,,,,,,"  290",",,W","  300",",,W",,,"  134",",,W","  197",",,W",,,,,"    1",",,W",,,,,,,,,,,,,,,,,,,,,,,,,,,,,,,,,,,,,,,,,,
"USW00023040","2019-06-06","31.7801","-103.2018","855.6","WINK FAA AIRPORT, TX US","    0",",,W,2400","    0",",,H","    0",",,H","  333",",,W","  139",",,W","   33",",,W",,,,,,,,,,,,,"  300",",,W","  280",",,W",,,"   76",",,W","  112",",,W",,,,,,,,,,,,,,,,,,,,,,,,,,,,,,,,,,,,,,,,,,,,,,,,
"USW00023040","2019-06-07","31.7801","-103.2018","855.6","WINK FAA AIRPORT, TX US","    0",",,W,2400","    0",",,H","    0",",,H","  361",",,W","  167",",,W","   35",",,W",,,,,,,,,,,,,"  120",",,W","  120",",,W",,,"   81",",,W","  103",",,W",,,,,,,,,,,,,,,,,,,,,,,,,,,,,,,,,,,,,,,,,,,,,,,,
"USW00023040","2019-06-08","31.7801","-103.2018","855.6","WINK FAA AIRPORT, TX US","    0",",,W,2400","    0",",,H","    0",",,H","  400",",,W","  211",",,W","   47",",,W",,,,,,,,,,,,,"  150",",,W","  230",",,W",,,"   89",",,W","  116",",,W",,,,,,,,,,,,,,,,,,,,,,,,,,,,,,,,,,,,,,,,,,,,,,,,
"USW00023040","2019-06-09","31.7801","-103.2018","855.6","WINK FAA AIRPORT, TX US","    0",",,W,2400","    0",",,H","    0",",,H","  344",",,W","  178",",,W","   67",",,W",,,,,,,,,,,,,"   20",",,W","   30",",,W",,,"  130",",,W","  179",",,W",,,,,,,,,,,,,,,"    1",",,W",,,,,,,,,,,,,,,,,,,,,,,,,,,,,,,,
"USW00023040","2019-06-10","31.7801","-103.2018","855.6","WINK FAA AIRPORT, TX US","    0","T,,W,2400","    0",",,H","    0",",,H","  194",",,W","  161",",,W","   39",",,W",,,,,,,,,,,,,"   50",",,W","   50",",,W",,,"   98",",,W","  125",",,W",,,,,,,,,,,,,,,,,,,,,,,,,,,,,,,,,,,,,,,,,,,,,,,,
"USW00023040","2019-06-11","31.7801","-103.2018","855.6","WINK FAA AIRPORT, TX US","    0",",,W,2400","    0",",,H","    0",",,H","  322",",,W","  139",",,W","   38",",,W",,,,,,,,,,,,,"  130",",,W","  130",",,W",,,"   89",",,W","  121",",,W",,,,,,,,,,,,,,,,,,,,,,,,,,,,,,,,,,,,,,,,,,,,,,,,
"USW00023040","2019-06-12","31.7801","-103.2018","855.6","WINK FAA AIRPORT, TX US","    0",",,W,2400","    0",",,H","    0",",,H","  333",",,W","  172",",,W","   49",",,W",,,,,,,,,,,,,"   70",",,W","   60",",,W",,,"   81",",,W","  107",",,W",,,,,,,,,,,,,,,,,,,,,,,,,,,,,,,,,,,,,,,,,,,,,,,,
"USW00023040","2019-06-13","31.7801","-103.2018","855.6","WINK FAA AIRPORT, TX US","    0","T,,W,2400","    0",",,H","    0",",,H","  344",",,W","  200",",,W","   71",",,W",,,,,,,,,,,,,"  160",",,W","  150",",,W",,,"  112",",,W","  148",",,W",,,,,"    1",",,W",,,,,,,,,,,,,,,,,,,,,,,,,,,,,,,,,,,,,,,,,,
"USW00023040","2019-06-14","31.7801","-103.2018","855.6","WINK FAA AIRPORT, TX US","    0",",,W,2400","    0",",,H","    0",",,H","  400",",,W","  222",",,W","   55",",,W",,,,,,,,,,,,,"  180",",,W","  220",",,W",,,"  116",",,W","  157",",,W",,,,,"    1",",,W",,,,,,,,,,,,,,,,,,,,,,,,,,,,,,,,,,,,,,,,,,
"USW00023040","2019-06-15","31.7801","-103.2018","855.6","WINK FAA AIRPORT, TX US","    0",",,W,2400","    0",",,H","    0",",,H","  394",",,W","  194",",,W","   60",",,W",,,,,,,,,,,,,"  270",",,W","  270",",,W",,,"  125",",,W","  157",",,W",,,,,,,,,,,,,,,,,,,,,,,,,,,,,,,,,,,,,,,,,,,,,,,,
"USW00023040","2019-06-16","31.7801","-103.2018","855.6","WINK FAA AIRPORT, TX US","    0",",,W,2400","    0",",,H","    0",",,H","  372",",,W","  178",",,W","   41",",,W",,,,,,,,,,,,,"  100",",,W","   80",",,W",,,"   94",",,W","  125",",,W",,,,,,,,,,,,,,,,,,,,,,,,,,,,,,,,,,,,,,,,,,,,,,,,
"USW00023040","2019-06-17","31.7801","-103.2018","855.6","WINK FAA AIRPORT, TX US","    0",",,W,2400","    0",",,H","    0",",,H","  361",",,W","  217",",,W","   57",",,W",,,,,,,,,,,,,"  140",",,W","  140",",,W",,,"  107",",,W","  139",",,W",,,,,,,,,,,,,,,,,,,,,,,,,,,,,,,,,,,,,,,,,,,,,,,,
"USW00023040","2019-06-18","31.7801","-103.2018","855.6","WINK FAA AIRPORT, TX US","    0",",,W,2400","    0",",,H","    0",",,H","  372",",,W","  200",",,W","   54",",,W",,,,,,,,,,,,,"  190",",,W","  200",",,W",,,"  103",",,W","  143",",,W",,,,,,,,,,,,,,,,,,,,,,,,,,,,,,,,,,,,,,,,,,,,,,,,
"USW00023040","2019-06-19","31.7801","-103.2018","855.6","WINK FAA AIRPORT, TX US","    0",",,W,2400","    0",",,H","    0",",,H","  400",",,W","  183",",,W","   39",",,W",,,,,,,,,,,,,"  270",",,W","  260",",,W",,,"   94",",,W","  116",",,W",,,,,,,,,,,,,,,,,,,,,,,,,,,,,,,,,,,,,,,,,,,,,,,,
"USW00023040","2019-06-20","31.7801","-103.2018","855.6","WINK FAA AIRPORT, TX US","    0",",,W,2400","    0",",,H","    0",",,H","  417",",,W","  150",",,W","   46",",,W",,,,,,,,,,,,,"  230",",,W","  260",",,W",,,"  116",",,W","  157",",,W",,,,,,,,,,,,,,,"    1",",,W",,,,,,,,,,,,,,,,,,,,,,,,,,,,,,,,
"USW00023040","2019-06-21","31.7801","-103.2018","855.6","WINK FAA AIRPORT, TX US","    0",",,W,2400","    0",",,H","    0",",,H","  411",",,W","  183",",,W","   36",",,W",,,,,,,,,,,,,"  160",",,W","  160",",,W",,,"  139",",,W","  170",",,W",,,,,,,,,,,,,,,"    1",",,W",,,,,,,,,,,,,,,,,,,,,,,,,,,,,,,,
"USW00023040","2019-06-22","31.7801","-103.2018","855.6","WINK FAA AIRPORT, TX US","    0",",,W,2400","    0",",,H","    0",",,H","  394",",,W","  217",",,W","   47",",,W",,,,,,,,,,,,,"  230",",,W","  210",",,W",,,"  103",",,W","  139",",,W",,,,,,,,,,,,,,,,,,,,,,,,,,,,,,,,,,,,,,,,,,,,,,,,
"USW00023040","2019-06-23","31.7801","-103.2018","855.6","WINK FAA AIRPORT, TX US","    0",",,W,2400","    0",",,H","    0",",,H","  378",",,W","  217",",,W","   39",",,W",,,,,,,,,,,,,"  280",",,W","  260",",,W",,,"   81",",,W","  107",",,W",,,,,,,,,,,,,,,,,,,,,,,,,,,,,,,,,,,,,,,,,,,,,,,,
"USW00023040","2019-06-24","31.7801","-103.2018","855.6","WINK FAA AIRPORT, TX US","    0",",,W,2400","    0",",,H","    0",",,H","  383",",,W","  144",",,W","   39",",,W",,,,,,,,,,,,,"  110",",,W","  110",",,W",,,"  165",",,W","  192",",,W",,,,,,,,,,,,,,,"    1",",,W",,,,,,,,,,,,,,,,,,,,,,,,,,,,,,,,
"USW00023040","2019-06-25","31.7801","-103.2018","855.6","WINK FAA AIRPORT, TX US","    0",",,W,2400","    0",",,H","    0",",,H","  394",",,W","  200",",,W","   58",",,W",,,,,,,,,,,,,"  180",",,W","  190",",,W",,,"  125",",,W","  152",",,W",,,,,,,,,,,,,,,,,,,,,,,,,,,,,,,,,,,,,,,,,,,,,,,,
"USW00023040","2019-06-26","31.7801","-103.2018","855.6","WINK FAA AIRPORT, TX US","    0",",,W,2400","    0",",,H","    0",",,H","  361",",,W","  206",",,W","   66",",,W",,,,,,,,,,,,,"  140",",,W","  120",",,W",,,"  103",",,W","  130",",,W",,,,,,,,,,,,,,,,,,,,,,,,,,,,,,,,,,,,,,,,,,,,,,,,
"USW00023040","2019-06-27","31.7801","-103.2018","855.6","WINK FAA AIRPORT, TX US","    0",",,W,2400","    0",",,H","    0",",,H","  350",",,W","  217",",,W","   62",",,W",,,,,,,,,,,,,"  150",",,W","  140",",,W",,,"  103",",,W","  139",",,W",,,,,,,,,,,,,,,,,,,,,,,,,,,,,,,,,,,,,,,,,,,,,,,,
"USW00023040","2019-06-28","31.7801","-103.2018","855.6","WINK FAA AIRPORT, TX US","    0",",,W,2400","    0",",,H","    0",",,H","  356",",,W","  222",",,W","   58",",,W",,,,,,,,,,,,,"  130",",,W","  120",",,W",,,"   94",",,W","  134",",,W",,,,,,,,,,,,,,,,,,,,,,,,,,,,,,,,,,,,,,,,,,,,,,,,
"USW00023040","2019-06-29","31.7801","-103.2018","855.6","WINK FAA AIRPORT, TX US","    0",",,W,2400","    0",",,H","    0",",,H","  367",",,W","  206",",,W","   47",",,W",,,,,,,,,,,,,"  110",",,W","  110",",,W",,,"   94",",,W","  121",",,W",,,,,,,,,,,,,,,,,,,,,,,,,,,,,,,,,,,,,,,,,,,,,,,,
"USW00023040","2019-06-30","31.7801","-103.2018","855.6","WINK FAA AIRPORT, TX US","   15",",,W,2400","    0",",,H","    0",",,H","  372",",,W","  172",",,W","   30",",,W",,,,,,,,,,,,,"  110",",,W","   80",",,W",,,"  157",",,W","  215",",,W",,,,,"    1",",,W",,,,,,,,,,,,,,,,,,,,,,,,,,,,,,,,,,,,,,,,,,
"USW00023040","2019-07-01","31.7801","-103.2018","855.6","WINK FAA AIRPORT, TX US","    0",",,W,2400","    0",",,H","    0",",,H","  367",",,W","  206",",,W","   59",",,W",,,,,,," 2338",",,W",,,,,"  140",",,W","  140",",,W",,,"   98",",,W","  125",",,W",,,,,,,,,,,,,,,,,,,,,,,,,,,,,,,,,,,,,,,,,,,,,,,,
"USW00023040","2019-07-02","31.7801","-103.2018","855.6","WINK FAA AIRPORT, TX US","    0","T,,W,2400","    0",",,H","    0",",,H","  344",",,W","  233",",,W","   43",",,W",,,,,,," 0741",",,W",,,,,"  140",",,W","  130",",,W",,,"   89",",,W","  107",",,W",,,,,,,,,,,,,,,,,,,,,,,,,,,,,,,,,,,,,,,,,,,,,,,,
"USW00023040","2019-07-03","31.7801","-103.2018","855.6","WINK FAA AIRPORT, TX US",,,"    0",",,H","    0",",,H","  378",",,W","  239",",,W","   50",",,W",,,,,,," 2122",",,W",,,,,"  350",",,W","  340",",,W",,,"  130",",,W","  170",",,W",,,,,"    1",",,W",,,,,,,,,,,,,,,,,,,,,,,,,,,,,,,,,,,,,,,,,,
"USW00023040","2019-07-04","31.7801","-103.2018","855.6","WINK FAA AIRPORT, TX US","    0",",,W,2400","    0",",,H","    0",",,H","  389",",,W","  217",",,W","   49",",,W",,,,,,," 1557",",,W",,,,,"  150",",,W","  120",",,W",,,"   98",",,W","  130",",,W",,,,,,,,,,,,,,,,,,,,,,,,,,,,,,,,,,,,,,,,,,,,,,,,
"USW00023040","2019-07-05","31.7801","-103.2018","855.6","WINK FAA AIRPORT, TX US","    0",",,W,2400","    0",",,H","    0",",,H","  394",",,W","  233",",,W","   59",",,W",,,,,,," 2030",",,W",,,,,"  130",",,W","  130",",,W",,,"   98",",,W","  121",",,W",,,,,,,,,,,,,,,,,,,,,,,,,,,,,,,,,,,,,,,,,,,,,,,,
"USW00023040","2019-07-06","31.7801","-103.2018","855.6","WINK FAA AIRPORT, TX US","    0","T,,W,2400","    0",",,H","    0",",,H","  367",",,W","  211",",,W","   62",",,W",,,,,,," 1850",",,W",,,,,"   60",",,W","   60",",,W",,,"  148",",,W","  206",",,W",,,,,"    1",",,W",,,,,,,,,,,,,,,,,,,,,,,,,,,,,,,,,,,,,,,,,,
"USW00023040","2019-07-07","31.7801","-103.2018","855.6","WINK FAA AIRPORT, TX US","    0",",,W,2400","    0",",,H","    0",",,H","  344",",,W","  211",",,W","   39",",,W",,,,,,," 1823",",,W",,,,,"  110",",,W","  120",",,W",,,"   98",",,W","  134",",,W",,,,,,,,,,,,,,,,,,,,,,,,,,,,,,,,,,,,,,,,,,,,,,,,
"USW00023040","2019-07-08","31.7801","-103.2018","855.6","WINK FAA AIRPORT, TX US","    0",",,W,2400","    0",",,H","    0",",,H","  389",",,W","  217",",,W","   39",",,W",,,,,,," 1701",",,W",,,,,"  290",",,W","  260",",,W",,,"   89",",,W","  152",",,W",,,,,,,,,,,,,,,,,,,,,,,,,,,,,,,,,,,,,,,,,,,,,,,,
"USW00023040","2019-07-09","31.7801","-103.2018","855.6","WINK FAA AIRPORT, TX US","    0",",,W,2400","    0",",,H","    0",",,H","  417",",,W","  222",",,W","   30",",,W",,,,,,," 1506",",,W",,,,,"  160",",,W","  340",",,W",,,"   76",",,W","   94",",,W",,,,,,,,,,,,,,,,,,,,,,,,,,,,,,,,,,,,,,,,,,,,,,,,
"USW00023040","2019-07-10","31.7801","-103.2018","855.6","WINK FAA AIRPORT, TX US","    0",",,W,2400","    0",",,H","    0",",,H","  422",",,W","  206",",,W","   34",",,W",,,,,,," 2217",",,W",,,,,"  130",",,W","  120",",,W",,,"  125",",,W","  161",",,W",,,,,,,,,,,,,,,,,,,,,,,,,,,,,,,,,,,,,,,,,,,,,,,,
"USW00023040","2019-07-11","31.7801","-103.2018","855.6","WINK FAA AIRPORT, TX US","    0","T,,W,2400","    0",",,H","    0",",,H","  383",",,W","  217",",,W","   43",",,W",,,,,,," 1840",",,W",,,,,"   70",",,W","   80",",,W",,,"  139",",,W","  174",",,W",,,,,"    1",",,W",,,,,,,,,,,,,,,,,,,,,,,,,,,,,,,,,,,,,,,,,,
"USW00023040","2019-07-12","31.7801","-103.2018","855.6","WINK FAA AIRPORT, TX US","    0",",,W,2400","    0",",,H","    0",",,H","  378",",,W","  206",",,W","   28",",,W",,,,,,," 1909",",,W",,,,,"  140",",,W","  140",",,W",,,"   81",",,W","  103",",,W",,,,,,,,,,,,,,,,,,,,,,,,,,,,,,,,,,,,,,,,,,,,,,,,
"USW00023040","2019-07-13","31.7801","-103.2018","855.6","WINK FAA AIRPORT, TX US","    0",",,W,2400","    0",",,H","    0",",,H","  356",",,W","  233",",,W","   33",",,W",,,,,,," 1902",",,W",,,,,"  120",",,W","  130",",,W",,,"   81",",,W","   94",",,W",,,,,,,,,,,,,,,,,,,,,,,,,,,,,,,,,,,,,,,,,,,,,,,,
"USW00023040","2019-07-14","31.7801","-103.2018","855.6","WINK FAA AIRPORT, TX US","    0",",,W,2400","    0",",,H","    0",",,H","  372",",,W","  206",",,W","   33",",,W",,,,,,," 1505",",,W",,,,,"   40",",,W","   20",",,W",,,"   81",",,W","  103",",,W",,,,,,,,,,,,,,,,,,,,,,,,,,,,,,,,,,,,,,,,,,,,,,,,
"USW00023040","2019-07-15","31.7801","-103.2018","855.6","WINK FAA AIRPORT, TX US","    0",",,W,2400","    0",",,H","    0",",,H","  378",",,W","  194",",,W","   33",",,W",,,,,,," 1730",",,W",,,,,"  130",",,W","  150",",,W",,,"   81",",,W","  107",",,W",,,,,,,,,,,,,,,,,,,,,,,,,,,,,,,,,,,,,,,,,,,,,,,,
"USW00023040","2019-07-16","31.7801","-103.2018","855.6","WINK FAA AIRPORT, TX US","    0",",,W,2400","    0",",,H","    0",",,H","  400",",,W","  250",",,W","   55",",,W",,,,,,," 2222",",,W",,,,,"  140",",,W","  140",",,W",,,"   98",",,W","  121",",,W",,,,,,,,,,,,,,,,,,,,,,,,,,,,,,,,,,,,,,,,,,,,,,,,
"USW00023040","2019-07-17","31.7801","-103.2018","855.6","WINK FAA AIRPORT, TX US","    0",",,W,2400","    0",",,H","    0",",,H","  394",",,W","  256",",,W","   59",",,W",,,,,,," 1836",",,W",,,,,"  320",",,W","  320",",,W",,,"  116",",,W","  157",",,W",,,,,"    1",",,W",,,,,,,,,,,,,,,,,,,,,,,,,,,,,,,,,,,,,,,,,,
"USW00023040","2019-07-18","31.7801","-103.2018","855.6","WINK FAA AIRPORT, TX US","    0",",,W,2400","    0",",,H","    0",",,H","  406",",,W","  228",",,W","   53",",,W",,,,,,," 2059",",,W",,,,,"  160",",,W","  150",",,W",,,"  116",",,W","  143",",,W",,,,,,,,,,,,,,,,,,,,,,,,,,,,,,,,,,,,,,,,,,,,,,,,
"USW00023040","2019-07-19","31.7801","-103.2018","855.6","WINK FAA AIRPORT, TX US","    0",",,W,2400","    0",",,H","    0",",,H","  411",",,W","  256",",,W","   67",",,W",,,,,,," 1818",",,W",,,,,"  150",",,W","  160",",,W",,,"  125",",,W","  157",",,W",,,,,,,,,,,,,,,,,,,,,,,,,,,,,,,,,,,,,,,,,,,,,,,,
"USW00023040","2019-07-20","31.7801","-103.2018","855.6","WINK FAA AIRPORT, TX US","    0",",,W,2400","    0",",,H","    0",",,H","  417",",,W","  250",",,W","   59",",,W",,,,,,," 2209",",,W",,,,,"  150",",,W","  140",",,W",,,"  103",",,W","  130",",,W",,,,,,,,,,,,,,,,,,,,,,,,,,,,,,,,,,,,,,,,,,,,,,,,
"USW00023040","2019-07-21","31.7801","-103.2018","855.6","WINK FAA AIRPORT, TX US","    0",",,W,2400","    0",",,H","    0",",,H","  411",",,W","  250",",,W","   60",",,W",,,,,,," 2204",",,W",,,,,"  130",",,W","  140",",,W",,,"   94",",,W","  121",",,W",,,,,,,,,,,,,,,,,,,,,,,,,,,,,,,,,,,,,,,,,,,,,,,,
"USW00023040","2019-07-22","31.7801","-103.2018","855.6","WINK FAA AIRPORT, TX US","    0","T,,W,2400","    0",",,H","    0",",,H","  361",",,W","  206",",,W","   47",",,W",,,,,,," 2125",",,W",,,,,"   60",",,W","   60",",,W",,,"  134",",,W","  170",",,W",,,,,"    1",",,W",,,,,,,,,,,,,,,,,,,,,,,,,,,,,,,,,,,,,,,,,,
"USW00023040","2019-07-23","31.7801","-103.2018","855.6","WINK FAA AIRPORT, TX US","    0",",,W,2400","    0",",,H","    0",",,H","  328",",,W","  206",",,W","   34",",,W",,,,,,," 1727",",,W",,,,,"   50",",,W","   70",",,W",,,"   89",",,W","  103",",,W",,,,,,,,,,,,,,,,,,,,,,,,,,,,,,,,,,,,,,,,,,,,,,,,
"USW00023040","2019-07-24","31.7801","-103.2018","855.6","WINK FAA AIRPORT, TX US","    0",",,W,2400","    0",",,H","    0",",,H","  344",",,W","  178",",,W","   34",",,W",,,,,,," 1611",",,W",,,,,"  110",",,W","  100",",,W",,,"   76",",,W","  103",",,W",,,,,,,,,,,,,,,,,,,,,,,,,,,,,,,,,,,,,,,,,,,,,,,,
"USW00023040","2019-07-25","31.7801","-103.2018","855.6","WINK FAA AIRPORT, TX US","    0",",,W,2400","    0",",,H","    0",",,H","  356",",,W","  194",",,W","   48",",,W",,,,,,," 1715",",,W",,,,,"  140",",,W","  140",",,W",,,"   81",",,W","  103",",,W",,,,,,,,,,,,,,,,,,,,,,,,,,,,,,,,,,,,,,,,,,,,,,,,
"USW00023040","2019-07-26","31.7801","-103.2018","855.6","WINK FAA AIRPORT, TX US","    0",",,W,2400","    0",",,H","    0",",,H","  356",",,W","  189",",,W","   47",",,W",,,,,,," 1237",",,W",,,,,"  140",",,W","  140",",,W",,,"   94",",,W","  143",",,W",,,,,,,,,,,,,,,,,,,,,,,,,,,,,,,,,,,,,,,,,,,,,,,,
"USW00023040","2019-07-27","31.7801","-103.2018","855.6","WINK FAA AIRPORT, TX US","    0",",,W,2400","    0",",,H","    0",",,H","  361",",,W","  206",",,W","   62",",,W",,,,,,," 0846",",,W",,,,,"  130",",,W","  150",",,W",,,"  103",",,W","  130",",,W",,,,,,,,,,,,,,,,,,,,,,,,,,,,,,,,,,,,,,,,,,,,,,,,
"USW00023040","2019-07-28","31.7801","-103.2018","855.6","WINK FAA AIRPORT, TX US","    0",",,W,2400","    0",",,H","    0",",,H","  394",",,W","  233",",,W","   55",",,W",,,,,,," 2058",",,W",,,,,"  150",",,W","  150",",,W",,,"  107",",,W","  134",",,W",,,,,,,,,,,,,,,,,,,,,,,,,,,,,,,,,,,,,,,,,,,,,,,,
"USW00023040","2019-07-29","31.7801","-103.2018","855.6","WINK FAA AIRPORT, TX US","    0",",,W,2400","    0",",,H","    0",",,H","  361",",,W","  239",",,W","   36",",,W",,,,,,," 1432",",,W",,,,,"  120",",,W","  130",",,W",,,"  139",",,W","  170",",,W",,,,,,,,,,,,,,,,,,,,,,,,,,,,,,,,,,,,,,,,,,,,,,,,
"USW00023040","2019-07-30","31.7801","-103.2018","855.6","WINK FAA AIRPORT, TX US","    0",",,W,2400","    0",",,H","    0",",,H","  372",",,W","  211",",,W","   38",",,W",,,,,,," 1228",",,W",,,,,"  150",",,W","  140",",,W",,,"   94",",,W","  121",",,W",,,,,,,,,,,,,,,,,,,,,,,,,,,,,,,,,,,,,,,,,,,,,,,,
"USW00023040","2019-07-31","31.7801","-103.2018","855.6","WINK FAA AIRPORT, TX US","    0",",,W,2400","    0",",,H","    0",",,H","  383",",,W","  222",",,W","   43",",,W",,,,,,," 1308",",,W",,,,,"  150",",,W","  130",",,W",,,"   89",",,W","  152",",,W",,,,,,,,,,,,,,,,,,,,,,,,,,,,,,,,,,,,,,,,,,,,,,,,
"USW00023040","2019-08-01","31.7801","-103.2018","855.6","WINK FAA AIRPORT, TX US","    0",",,W,2400","    0",",,H","    0",",,H","  389",",,W","  233",",,W","   50",",,W",,,,,,,,,,,,,"  140",",,W","  160",",,W",,,"   94",",,W","  134",",,W",,,,,,,,,,,,,,,,,,,,,,,,,,,,,,,,,,,,,,,,,,,,,,,,
"USW00023040","2019-08-02","31.7801","-103.2018","855.6","WINK FAA AIRPORT, TX US","    0",",,W,2400","    0",",,H","    0",",,H","  400",",,W","  233",",,W","   51",",,W",,,,,,,,,,,,,"  170",",,W","  190",",,W",,,"   89",",,W","  134",",,W",,,,,,,,,,,,,,,,,,,,,,,,,,,,,,,,,,,,,,,,,,,,,,,,
"USW00023040","2019-08-03","31.7801","-103.2018","855.6","WINK FAA AIRPORT, TX US","    0",",,W,2400","    0",",,H","    0",",,H","  406",",,W","  244",",,W","   40",",,W",,,,,,,,,,,,,"   20",",,W","   30",",,W",,,"  143",",,W","  179",",,W",,,,,"    1",",,W",,,,,,,,,"    1",",,W",,,,,,,,,,,,,,,,,,,,,,,,,,,,,,,,
"USW00023040","2019-08-04","31.7801","-103.2018","855.6","WINK FAA AIRPORT, TX US","    0",",,W,2400","    0",",,H","    0",",,H","  389",",,W","  250",",,W","   43",",,W",,,,,,,,,,,,,"   70",",,W","   70",",,W",,,"   89",",,W","  121",",,W",,,,,,,,,,,,,,,,,,,,,,,,,,,,,,,,,,,,,,,,,,,,,,,,
"USW00023040","2019-08-05","31.7801","-103.2018","855.6","WINK FAA AIRPORT, TX US","    0",",,W,2400","    0",",,H","    0",",,H","  389",",,W","  217",",,W","   29",",,W",,,,,,,,,,,,,"   80",",,W","   80",",,W",,,"   72",",,W","   94",",,W",,,,,,,,,,,,,,,,,,,,,,,,,,,,,,,,,,,,,,,,,,,,,,,,
"USW00023040","2019-08-06","31.7801","-103.2018","855.6","WINK FAA AIRPORT, TX US","    0",",,W,2400","    0",",,H","    0",",,H","  400",",,W","  256",",,W","   38",",,W",,,,,,,,,,,,,"  140",",,W","   90",",,W",,,"   72",",,W","   98",",,W",,,,,,,,,,,,,,,,,,,,,,,,,,,,,,,,,,,,,,,,,,,,,,,,
"USW00023040","2019-08-07","31.7801","-103.2018","855.6","WINK FAA AIRPORT, TX US","    0",",,W,2400","    0",",,H","    0",",,H","  406",",,W","  267",",,W","   45",",,W",,,,,,,,,,,,,"  160",",,W","  140",",,W",,,"   76",",,W","  103",",,W",,,,,,,,,,,,,,,,,,,,,,,,,,,,,,,,,,,,,,,,,,,,,,,,
"USW00023040","2019-08-08","31.7801","-103.2018","855.6","WINK FAA AIRPORT, TX US","    0",",,W,2400","    0",",,H","    0",",,H","  406",",,W","  244",",,W","   46",",,W",,,,,,,,,,,,,"  140",",,W","  140",",,W",,,"   89",",,W","  112",",,W",,,,,,,,,,,,,,,,,,,,,,,,,,,,,,,,,,,,,,,,,,,,,,,,
"USW00023040","2019-08-09","31.7801","-103.2018","855.6","WINK FAA AIRPORT, TX US","    0",",,W,2400","    0",",,H","    0",",,H","  406",",,W","  261",",,W","   48",",,W",,,,,,,,,,,,,"  190",",,W","  190",",,W",,,"   98",",,W","  121",",,W",,,,,,,,,,,,,,,"    1",",,W",,,,,,,,,,,,,,,,,,,,,,,,,,,,,,,,
"USW00023040","2019-08-10","31.7801","-103.2018","855.6","WINK FAA AIRPORT, TX US","    0",",,W,2400","    0",",,H","    0",",,H","  406",",,W","  256",",,W","   42",",,W",,,,,,,,,,,,,"  180",",,W","  180",",,W",,,"  112",",,W","  148",",,W",,,,,"    1",",,W",,,,,,,,,,,,,,,,,,,,,,,,,,,,,,,,,,,,,,,,,,
"USW00023040","2019-08-11","31.7801","-103.2018","855.6","WINK FAA AIRPORT, TX US","    0","T,,W,2400","    0",",,H","    0",",,H","  406",",,W","  244",",,W","   47",",,W",,,,,,,,,,,,,"  230",",,W","  220",",,W",,,"  183",",,W","  250",",,W",,,,,"    1",",,W",,,,,,,,,"    1",",,W",,,,,,,,,,,,,,,,,,,,,,,,,,,,,,,,
"USW00023040","2019-08-12","31.7801","-103.2018","855.6","WINK FAA AIRPORT, TX US","    0",",,W,2400","    0",",,H","    0",",,H","  411",",,W","  239",",,W","   40",",,W",,,,,,,,,,,,,"  260",",,W","  320",",,W",,,"   89",",,W","  112",",,W",,,,,,,,,,,,,,,,,,,,,,,,,,,,,,,,,,,,,,,,,,,,,,,,
"USW00023040","2019-08-13","31.7801","-103.2018","855.6","WINK FAA AIRPORT, TX US","    0","T,,W,2400","    0",",,H","    0",",,H","  411",",,W","  250",",,W","   47",",,W",,,,,,,,,,,,,"   30",",,W","   40",",,W",,,"   94",",,W","  116",",,W",,,,,"    1",",,W",,,,,,,,,"    1",",,W",,,,,,,,,,,,,,,,,,,,,,,,,,,,,,,,
"USW00023040","2019-08-14","31.7801","-103.2018","855.6","WINK FAA AIRPORT, TX US","    0",",,W,2400","    0",",,H","    0",",,H","  367",",,W","  233",",,W","   40",",,W",,,,,,,,,,,,,"  210",",,W","  210",",,W",,,"  130",",,W","  148",",,W",,,,,"    1",",,W",,,,,,,,,,,,,,,,,,,,,,,,,,,,,,,,,,,,,,,,,,
"USW00023040","2019-08-15","31.7801","-103.2018","855.6","WINK FAA AIRPORT, TX US","    0",",,W,2400","    0",",,H","    0",",,H","  383",",,W","  228",",,W","   31",",,W",,,,,,,,,,,,,"   60",",,W","   60",",,W",,,"  116",",,W","  143",",,W",,,,,,,,,,,,,,,,,,,,,,,,,,,,,,,,,,,,,,,,,,,,,,,,
"USW00023040","2019-08-16","31.7801","-103.2018","855.6","WINK FAA AIRPORT, TX US","    0",",,W,2400","    0",",,H","    0",",,H","  406",",,W","  228",",,W","   31",",,W",,,,,,,,,,,,,"  180",",,W","  190",",,W",,,"   98",",,W","  121",",,W",,,,,,,,,,,,,,,,,,,,,,,,,,,,,,,,,,,,,,,,,,,,,,,,
"USW00023040","2019-08-17","31.7801","-103.2018","855.6","WINK FAA AIRPORT, TX US","    0",",,W,2400","    0",",,H","    0",",,H","  411",",,W","  256",",,W","   48",",,W",,,,,,,,,,,,,"  170",",,W","  180",",,W",,,"  116",",,W","  170",",,W",,,,,,,,,,,,,,,,,,,,,,,,,,,,,,,,,,,,,,,,,,,,,,,,
"USW00023040","2019-08-18","31.7801","-103.2018","855.6","WINK FAA AIRPORT, TX US","    0",",,W,2400","    0",",,H","    0",",,H","  422",",,W","  267",",,W","   47",",,W",,,,,,,,,,,,,"  140",",,W","  140",",,W",,,"  107",",,W","  139",",,W",,,,,,,,,,,,,,,,,,,,,,,,,,,,,,,,,,,,,,,,,,,,,,,,
"USW00023040","2019-08-19","31.7801","-103.2018","855.6","WINK FAA AIRPORT, TX US","    0",",,W,2400","    0",",,H","    0",",,H","  406",",,W","  278",",,W","   71",",,W",,,,,,,,,,,,,"  150",",,W","  150",",,W",,,"  107",",,W","  130",",,W",,,,,,,,,,,,,,,,,,,,,,,,,,,,,,,,,,,,,,,,,,,,,,,,
"USW00023040","2019-08-20","31.7801","-103.2018","855.6","WINK FAA AIRPORT, TX US","    0",",,W,2400","    0",",,H","    0",",,H","  389",",,W","  244",",,W","   55",",,W",,,,,,,,,,,,,"  130",",,W","  130",",,W",,,"   94",",,W","  125",",,W",,,,,,,,,,,,,,,,,,,,,,,,,,,,,,,,,,,,,,,,,,,,,,,,
"USW00023040","2019-08-21","31.7801","-103.2018","855.6","WINK FAA AIRPORT, TX US","    0",",,W,2400","    0",",,H","    0",",,H","  372",",,W","  222",",,W","   48",",,W",,,,,,,,,,,,,"  120",",,W","  130",",,W",,,"  103",",,W","  139",",,W",,,,,,,,,,,,,,,,,,,,,,,,,,,,,,,,,,,,,,,,,,,,,,,,
"USW00023040","2019-08-22","31.7801","-103.2018","855.6","WINK FAA AIRPORT, TX US","   76",",,W,2400","    0",",,H","    0",",,H","  372",",,W","  206",",,W","   45",",,W",,,,,,,,,,,,,"  170",",,W","   30",",,W",,,"  125",",,W","  152",",,W",,,,,"    1",",,W",,,,,,,,,"    1",",,W",,,,,,,,,,,,,,,,,,,,,,,,,,,,,,,,
"USW00023040","2019-08-23","31.7801","-103.2018","855.6","WINK FAA AIRPORT, TX US","    0",",,W,2400","    0",",,H","    0",",,H","  361",",,W","  217",",,W","   27",",,W",,,,,,,,,,,,,"  120",",,W","   90",",,W",,,"  112",",,W","  143",",,W",,,,,,,,,,,,,,,,,,,,,,,,,,,,,,,,,,,,,,,,,,,,,,,,
"USW00023040","2019-08-24","31.7801","-103.2018","855.6","WINK FAA AIRPORT, TX US","    0",",,W,2400","    0",",,H","    0",",,H","  372",",,W","  211",",,W","   33",",,W",,,,,,,,,,,,,"  130",",,W","  130",",,W",,,"   76",",,W","  103",",,W",,,,,,,,,,,,,,,,,,,,,,,,,,,,,,,,,,,,,,,,,,,,,,,,
"USW00023040","2019-08-25","31.7801","-103.2018","855.6","WINK FAA AIRPORT, TX US","    0",",,W,2400","    0",",,H","    0",",,H","  422",",,W","  217",",,W","   34",",,W",,,,,,,,,,,,,"  290",",,W","  280",",,W",,,"   67",",,W","   85",",,W",,,,,,,,,,,,,,,,,,,,,,,,,,,,,,,,,,,,,,,,,,,,,,,,
"USW00023040","2019-08-26","31.7801","-103.2018","855.6","WINK FAA AIRPORT, TX US","    0",",,W,2400","    0",",,H","    0",",,H","  439",",,W","  206",",,W","   33",",,W",,,,,,,,,,,,,"  300",",,W","  290",",,W",,,"   76",",,W","   98",",,W",,,,,,,,,,,,,,,,,,,,,,,,,,,,,,,,,,,,,,,,,,,,,,,,
"USW00023040","2019-08-27","31.7801","-103.2018","855.6","WINK FAA AIRPORT, TX US","    0","T,,W,2400","    0",",,H","    0",",,H","  389",",,W","  239",",,W","   60",",,W",,,,,,,,,,,,,"  120",",,W","  120",",,W",,,"  130",",,W","  161",",,W",,,,,"    1",",,W",,,,,,,,,,,,,,,,,,,,,,,,,,,,,,,,,,,,,,,,,,
"USW00023040","2019-08-28","31.7801","-103.2018","855.6","WINK FAA AIRPORT, TX US","    0",",,W,2400","    0",",,H","    0",",,H","  350",",,W","  239",",,W","   42",",,W",,,,,,,,,,,,,"   90",",,W","   80",",,W",,,"   81",",,W","  107",",,W",,,,,,,,,,,,,,,,,,,,,,,,,,,,,,,,,,,,,,,,,,,,,,,,
"USW00023040","2019-08-29","31.7801","-103.2018","855.6","WINK FAA AIRPORT, TX US","    0",",,W,2400","    0",",,H","    0",",,H","  383",",,W","  233",",,W","   41",",,W",,,,,,,,,,,,,"  200",",,W","  160",",,W",,,"   72",",,W","   89",",,W",,,,,,,,,,,,,,,,,,,,,,,,,,,,,,,,,,,,,,,,,,,,,,,,
"USW00023040","2019-08-30","31.7801","-103.2018","855.6","WINK FAA AIRPORT, TX US","    0",",,W,2400","    0",",,H","    0",",,H","  378",",,W","  239",",,W","   30",",,W",,,,,,,,,,,,,"  180",",,W","  190",",,W",,,"  107",",,W","  130",",,W",,,,,,,,,,,,,,,,,,,,,,,,,,,,,,,,,,,,,,,,,,,,,,,,
"USW00023040","2019-08-31","31.7801","-103.2018","855.6","WINK FAA AIRPORT, TX US","    0",",,W,2400","    0",",,H","    0",",,H","  367",",,W","  211",",,W","   43",",,W",,,,,,,,,,,,,"  120",",,W","  130",",,W",,,"   94",",,W","  143",",,W",,,,,,,,,,,,,,,,,,,,,,,,,,,,,,,,,,,,,,,,,,,,,,,,
"USW00023040","2019-09-01","31.7801","-103.2018","855.6","WINK FAA AIRPORT, TX US","    0","T,,W,2400","    0",",,H","    0",",,H","  356",",,W","  206",",,W","   34",",,W",,,,,,,,,,,,,"   90",",,W","   80",",,W",,,"  134",",,W","  179",",,W",,,,,"    1",",,W",,,,,,,,,,,,,,,,,,,,,,,,,,,,,,,,,,,,,,,,,,
"USW00023040","2019-09-02","31.7801","-103.2018","855.6","WINK FAA AIRPORT, TX US","    0",",,W,2400","    0",",,H","    0",",,H","  361",",,W","  194",",,W","   35",",,W",,,,,,,,,,,,,"  100",",,W","   90",",,W",,,"   81",",,W","  103",",,W",,,,,,,,,,,,,,,,,,,,,,,,,,,,,,,,,,,,,,,,,,,,,,,,
"USW00023040","2019-09-03","31.7801","-103.2018","855.6","WINK FAA AIRPORT, TX US","    0",",,W,2400","    0",",,H","    0",",,H","  361",",,W","  211",",,W","   31",",,W",,,,,,,,,,,,,"  120",",,W","  110",",,W",,,"   72",",,W","   98",",,W",,,,,,,,,,,,,,,,,,,,,,,,,,,,,,,,,,,,,,,,,,,,,,,,
"USW00023040","2019-09-04","31.7801","-103.2018","855.6","WINK FAA AIRPORT, TX US","    0",",,W,2400","    0",",,H","    0",",,H","  350",",,W","  211",",,W","   40",",,W",,,,,,,,,,,,,"   80",",,W","   80",",,W",,,"   76",",,W","  134",",,W",,,,,,,,,,,,,,,,,,,,,,,,,,,,,,,,,,,,,,,,,,,,,,,,
"USW00023040","2019-09-05","31.7801","-103.2018","855.6","WINK FAA AIRPORT, TX US","    0",",,W,2400","    0",",,H","    0",",,H","  344",",,W","  222",",,W","   39",",,W",,,,,,,,,,,,,"  160",",,W","  130",",,W",,,"   76",",,W","   94",",,W",,,,,,,,,,,,,,,,,,,,,,,,,,,,,,,,,,,,,,,,,,,,,,,,
"USW00023040","2019-09-06","31.7801","-103.2018","855.6","WINK FAA AIRPORT, TX US","    0",",,W,2400","    0",",,H","    0",",,H","  344",",,W","  222",",,W","   41",",,W",,,,,,,,,,,,,"  160",",,W","  160",",,W",,,"   81",",,W","  103",",,W",,,,,,,,,,,,,,,,,,,,,,,,,,,,,,,,,,,,,,,,,,,,,,,,
"USW00023040","2019-09-07","31.7801","-103.2018","855.6","WINK FAA AIRPORT, TX US","    0",",,W,2400","    0",",,H","    0",",,H","  361",",,W","  222",",,W","   50",",,W",,,,,,,,,,,,,"  180",",,W","  160",",,W",,,"   98",",,W","  130",",,W",,,,,,,,,,,,,,,,,,,,,,,,,,,,,,,,,,,,,,,,,,,,,,,,
"USW00023040","2019-09-08","31.7801","-103.2018","855.6","WINK FAA AIRPORT, TX US",,,"    0",",,H","    0",",,H","  372",",,W","  239",",,W","   48",",,W",,,,,,,,,,,,,"  190",",,W","  170",",,W",,,"  107",",,W","  134",",,W",,,,,"    1",",,W",,,,,,,,,"    1",",,W",,,,,,,,,,,,,,,,,,,,,,,,,,,,,,,,
"USW00023040","2019-09-09","31.7801","-103.2018","855.6","WINK FAA AIRPORT, TX US","   33",",,W,2400","    0",",,H","    0",",,H","  306",",,W","  206",",,W","   41",",,W",,,,,,,,,,,,,"  160",",,W","  150",",,W",,,"  116",",,W","  143",",,W","    1",",,W",,,"    1",",,W",,,,,,,,,,,,,,,,,,,,,,,,,,,,,,,,,,,,,,,,,,
"USW00023040","2019-09-10","31.7801","-103.2018","855.6","WINK FAA AIRPORT, TX US","    0",",,W,2400","    0",",,H","    0",",,H","  322",",,W","  206",",,W","   62",",,W",,,,,,,,,,,,,"  150",",,W","  170",",,W",,,"  112",",,W","  139",",,W",,,,,,,,,,,,,,,,,,,,,,,,,,,,,,,,,,,,,,,,,,,,,,,,
"USW00023040","2019-09-11","31.7801","-103.2018","855.6","WINK FAA AIRPORT, TX US","    0","T,,W,2400","    0",",,H","    0",",,H","  333",",,W","  206",",,W","   54",",,W",,,,,,,,,,,,,"  170",",,W","  170",",,W",,,"  107",",,W","  130",",,W",,,,,,,,,,,,,,,,,,,,,,,,,,,,,,,,,,,,,,,,,,,,,,,,
"USW00023040","2019-09-12","31.7801","-103.2018","855.6","WINK FAA AIRPORT, TX US","    0",",,W,2400","    0",",,H",,,"  344",",,W","  217",",,W","   47",",,W",,,,,,,,,,,,,"  170",",,W","  170",",,W",,,"   89",",,W","  107",",,W",,,,,,,,,,,,,,,,,,,,,,,,,,,,,,,,,,,,,,,,,,,,,,,,
"USW00023040","2019-09-13","31.7801","-103.2018","855.6","WINK FAA AIRPORT, TX US","    0",",,W,2400","    0",",,H","    0",",,H","  339",",,W","  222",",,W","   54",",,W",,,,,,,,,,,,,"   90",",,W","  110",",,W",,,"  107",",,W","  130",",,W",,,,,,,,,,,,,,,,,,,,,,,,,,,,,,,,,,,,,,,,,,,,,,,,
"USW00023040","2019-09-14","31.7801","-103.2018","855.6","WINK FAA AIRPORT, TX US","    0",",,W,2400","    0",",,H","    0",",,H","  333",",,W","  211",",,W","   43",",,W",,,,,,,,,,,,,"  160",",,W","  170",",,W",,,"   89",",,W","  116",",,W",,,,,,,,,,,,,,,,,,,,,,,,,,,,,,,,,,,,,,,,,,,,,,,,
"USW00023040","2019-09-15","31.7801","-103.2018","855.6","WINK FAA AIRPORT, TX US","    0",",,W,2400","    0",",,H","    0",",,H","  339",",,W","  200",",,W","   45",",,W",,,,,,,,,,,,,"  130",",,W","  150",",,W",,,"   98",",,W","  139",",,W",,,,,,,,,,,,,,,,,,,,,,,,,,,,,,,,,,,,,,,,,,,,,,,,
"USW00023040","2019-09-16","31.7801","-103.2018","855.6","WINK FAA AIRPORT, TX US","    0",",,W,2400","    0",",,H","    0",",,H","  333",",,W","  206",",,W","   43",",,W",,,,,,,,,,,,,"  150",",,W","  140",",,W",,,"   89",",,W","  107",",,W",,,,,,,,,,,,,,,,,,,,,,,,,,,,,,,,,,,,,,,,,,,,,,,,
"USW00023040","2019-09-17","31.7801","-103.2018","855.6","WINK FAA AIRPORT, TX US","    0",",,W,2400","    0",",,H","    0",",,H","  356",",,W","  189",",,W","   38",",,W",,,,,,,,,,,,,"  150",",,W","  150",",,W",,,"   72",",,W","   94",",,W",,,,,,,,,,,,,,,,,,,,,,,,,,,,,,,,,,,,,,,,,,,,,,,,
"USW00023040","2019-09-18","31.7801","-103.2018","855.6","WINK FAA AIRPORT, TX US","    0",",,W,2400","    0",",,H","    0",",,H","  367",",,W","  200",",,W","   32",",,W",,,,,,,,,,,,,"  180",",,W","  140",",,W",,,"   67",",,W","   85",",,W",,,,,,,,,,,,,,,,,,,,,,,,,,,,,,,,,,,,,,,,,,,,,,,,
"USW00023040","2019-09-19","31.7801","-103.2018","855.6","WINK FAA AIRPORT, TX US","    0",",,W,2400","    0",",,H","    0",",,H","  356",",,W","  233",",,W","   29",",,W",,,,,,,,,,,,,"  150",",,W","  140",",,W",,,"  103",",,W","  130",",,W",,,,,,,,,,,,,,,,,,,,,,,,,,,,,,,,,,,,,,,,,,,,,,,,
"USW00023040","2019-09-20","31.7801","-103.2018","855.6","WINK FAA AIRPORT, TX US","    0","T,,W,2400","    0",",,H","    0",",,H","  356",",,W","  206",",,W","   44",",,W",,,,,,,,,,,,,"  160",",,W","  150",",,W",,,"  107",",,W","  134",",,W",,,,,"    1",",,W",,,,,,,,,,,,,,,,,,,,,,,,,,,,,,,,,,,,,,,,,,
"USW00023040","2019-09-21","31.7801","-103.2018","855.6","WINK FAA AIRPORT, TX US","   64",",,W,2400","    0",",,H","    0",",,H","  283",",,W","  200",",,W","   47",",,W",,,,,,,,,,,,,"  150",",,W","  140",",,W",,,"   94",",,W","  116",",,W","    1",",,W",,,,,,,,,,,,,,,,,,,,,,,,,,,,,,,,,,,,,,,,,,,,,,
"USW00023040","2019-09-22","31.7801","-103.2018","855.6","WINK FAA AIRPORT, TX US","    0","T,,W,2400","    0",",,H","    0",",,H","  317",",,W","  200",",,W","   22",",,W",,,,,,,,,,,,,"  150",",,W","  150",",,W",,,"   45",",,W","   54",",,W",,,,,,,,,,,,,,,,,,,,,,,,,,,,,,,,,,,,,,,,,,,,,,,,
"USW00023040","2019-09-23","31.7801","-103.2018","855.6","WINK FAA AIRPORT, TX US","    0",",,W,2400","    0",",,H","    0",",,H","  339",",,W","  222",",,W","   34",",,W",,,,,,,,,,,,,"  150",",,W","  140",",,W",,,"   76",",,W","   94",",,W",,,,,,,,,,,,,,,,,,,,,,,,,,,,,,,,,,,,,,,,,,,,,,,,
"USW00023040","2019-09-24","31.7801","-103.2018","855.6","WINK FAA AIRPORT, TX US","    3",",,W,2400","    0",",,H","    0",",,H","  344",",,W","  206",",,W","   46",",,W",,,,,,,,,,,,,"  320",",,W","  340",",,W",,,"  165",",,W","  197",",,W",,,,,"    1",",,W",,,,,,,,,,,,,,,,,,,,,,,,,,,,,,,,,,,,,,,,,,
"USW00023040","2019-09-25","31.7801","-103.2018","855.6","WINK FAA AIRPORT, TX US","    0",",,W,2400","    0",",,H","    0",",,H","  350",",,W","  200",",,W","   26",",,W",,,,,,,,,,,,,"  180",",,W","  170",",,W",,,"   58",",,W","   72",",,W",,,,,,,,,,,,,,,,,,,,,,,,,,,,,,,,,,,,,,,,,,,,,,,,
"USW00023040","2019-09-26","31.7801","-103.2018","855.6","WINK FAA AIRPORT, TX US","    0",",,W,2400","    0",",,H","    0",",,H","  367",",,W","  206",",,W","   31",",,W",,,,,,,,,,,,,"  170",",,W","  160",",,W",,,"   63",",,W","   72",",,W",,,,,,,,,,,,,,,,,,,,,,,,,,,,,,,,,,,,,,,,,,,,,,,,
"USW00023040","2019-09-27","31.7801","-103.2018","855.6","WINK FAA AIRPORT, TX US","    8",",,W,2400","    0",",,H","    0",",,H","  356",",,W","  183",",,W","   34",",,W",,,,,,,,,,,,,"  270",",,W","  260",",,W",,,"  179",",,W","  228",",,W",,,,,"    1",",,W",,,,,,,,,"    1",",,W",,,,,,,,,,,,,,,,,,,,,,,,,,,,,,,,
"USW00023040","2019-09-28","31.7801","-103.2018","855.6","WINK FAA AIRPORT, TX US","    0","T,,W,2400","    0",",,H","    0",",,H","  333",",,W","  194",",,W","   65",",,W",,,,,,,,,,,,,"  140",",,W","  140",",,W",,,"  116",",,W","  143",",,W",,,,,"    1",",,W",,,,,,,,,,,,,,,,,,,,,,,,,,,,,,,,,,,,,,,,,,
"USW00023040","2019-09-29","31.7801","-103.2018","855.6","WINK FAA AIRPORT, TX US","   10",",,W,2400","    0",",,H","    0",",,H","  333",",,W","  200",",,W","   74",",,W",,,,,,,,,,,,,"  310",",,W","  300",",,W",,,"  233",",,W","  295",",,W",,,,,"    1",",,W",,,,,,,,,"    1",",,W",,,,,,,,,,,,,,,,,,,,,,,,,,,,,,,,
"USW00023040","2019-09-30","31.7801","-103.2018","855.6","WINK FAA AIRPORT, TX US","    0",",,W,2400","    0",",,H","    0",",,H","  333",",,W","  222",",,W","   82",",,W",,,,,,,,,,,,,"  140",",,W","  140",",,W",,,"  125",",,W","  152",",,W",,,,,,,,,,,,,,,,,,,,,,,,,,,,,,,,,,,,,,,,,,,,,,,,
"USW00023040","2019-10-01","31.7801","-103.2018","855.6","WINK FAA AIRPORT, TX US","    0",",,W,2400",,,,,"  344",",,W","  244",",,W","   75",",,W",,,,,,,,,,,,,"  150",",,W","  150",",,W",,,"  130",",,W","  152",",,W",,,,,"    1",",,W",,,,,,,,,,,,,,,,,,,,,,,,,,,,,,,,,,,,,,,,,,
"USW00023040","2019-10-02","31.7801","-103.2018","855.6","WINK FAA AIRPORT, TX US","    0","T,,W,2400",,,,,"  328",",,W","  222",",,W","   37",",,W",,,,,,,,,,,,,"  260",",,W","  260",",,W",,,"   72",",,W","   89",",,W",,,,,,,,,,,,,,,,,,,,,,,,,,,,,,,,,,,,,,,,,,,,,,,,
"USW00023040","2019-10-03","31.7801","-103.2018","855.6","WINK FAA AIRPORT, TX US","    0",",,W,2400",,,,,"  328",",,W","  206",",,W","   50",",,W",,,,,,,,,,,,,"   40",",,W","   40",",,W",,,"  103",",,W","  121",",,W",,,,,,,,,,,,,,,,,,,,,,,,,,,,,,,,,,,,,,,,,,,,,,,,
"USW00023040","2019-10-04","31.7801","-103.2018","855.6","WINK FAA AIRPORT, TX US","    0",",,W,2400",,,,,"  322",",,W","  161",",,W","   43",",,W",,,,,,,,,,,,,"  190",",,W","  180",",,W",,,"   89",",,W","  116",",,W",,,,,,,,,,,,,,,,,,,,,,,,,,,,,,,,,,,,,,,,,,,,,,,,
"USW00023040","2019-10-05","31.7801","-103.2018","855.6","WINK FAA AIRPORT, TX US","    0",",,W,2400",,,,,"  344",",,W","  189",",,W","   29",",,W",,,,,,,,,,,,,"  330",",,W","  350",",,W",,,"   67",",,W","   94",",,W",,,,,,,,,,,,,,,,,,,,,,,,,,,,,,,,,,,,,,,,,,,,,,,,
"USW00023040","2019-10-06","31.7801","-103.2018","855.6","WINK FAA AIRPORT, TX US","    0",",,W,2400",,,,,"  344",",,W","  161",",,W","   43",",,W",,,,,,,,,,,,,"   40",",,W","   50",",,W",,,"  134",",,W","  174",",,W",,,,,,,,,,,,,,,,,,,,,,,,,,,,,,,,,,,,,,,,,,,,,,,,
"USW00023040","2019-10-07","31.7801","-103.2018","855.6","WINK FAA AIRPORT, TX US","    0",",,W,2400",,,,,"  250",",,W","  144",",,W","   40",",,W",,,,,,,,,,,,,"   50",",,W","   60",",,W",,,"  112",",,W","  143",",,W",,,,,,,,,,,,,,,,,,,,,,,,,,,,,,,,,,,,,,,,,,,,,,,,
"USW00023040","2019-10-08","31.7801","-103.2018","855.6","WINK FAA AIRPORT, TX US","    0","T,,W,2400",,,,,"  328",",,W","  117",",,W","   48",",,W",,,,,,,,,,,,,"  240",",,W","  240",",,W",,,"  125",",,W","  157",",,W",,,,,,,,,,,,,,,,,,,,,,,,,,,,,,,,,,,,,,,,,,,,,,,,
"USW00023040","2019-10-09","31.7801","-103.2018","855.6","WINK FAA AIRPORT, TX US","    8",",,W,2400",,,,,"  339",",,W","  183",",,W","   44",",,W",,,,,,,,,,,,,"  260",",,W","  260",",,W",,,"  112",",,W","  157",",,W",,,,,,,,,,,,,,,"    1",",,W",,,,,,,,,,,,,,,,,,,,,,,,,,,,,,,,
"USW00023040","2019-10-10","31.7801","-103.2018","855.6","WINK FAA AIRPORT, TX US","    0",",,W,2400",,,,,"  333",",,W","  144",",,W","   51",",,W",,,,,,,,,,,,,"   40",",,W","   60",",,W",,,"  130",",,W","  170",",,W",,,,,,,,,,,,,,,,,,,,,,,,,,,,,,,,,,,,,,,,,,,,,,,,
"USW00023040","2019-10-11","31.7801","-103.2018","855.6","WINK FAA AIRPORT, TX US","    0",",,W,2400",,,,,"  172",",,W","   44",",,W","   52",",,W",,,,,,,,,,,,,"   20",",,W","   20",",,W",,,"  148",",,W","  197",",,W",,,,,,,,,,,,,,,,,,,,,,,,,,,,,,,,,,,,,,,,,,,,,,,,
"USW00023040","2019-10-12","31.7801","-103.2018","855.6","WINK FAA AIRPORT, TX US","    0",",,W,2400",,,,,"  217",",,W","   44",",,W","   42",",,W",,,,,,,,,,,,,"  160",",,W","  150",",,W",,,"   76",",,W","  103",",,W",,,,,,,,,,,,,,,,,,,,,,,,,,,,,,,,,,,,,,,,,,,,,,,,
"USW00023040","2019-10-13","31.7801","-103.2018","855.6","WINK FAA AIRPORT, TX US","    0",",,W,2400",,,,,"  311",",,W","   56",",,W","   24",",,W",,,,,,,,,,,,,"  270",",,W","  290",",,W",,,"   63",",,W","   81",",,W",,,,,,,,,,,,,,,,,,,,,,,,,,,,,,,,,,,,,,,,,,,,,,,,
"USW00023040","2019-10-14","31.7801","-103.2018","855.6","WINK FAA AIRPORT, TX US","    0","T,,W,2400",,,,,"  294",",,W","  172",",,W","   35",",,W",,,,,,,,,,,,,"  240",",,W","  220",",,W",,,"   94",",,W","  130",",,W",,,,,,,,,,,,,,,,,,,,,,,,,,,,,,,,,,,,,,,,,,,,,,,,
"USW00023040","2019-10-15","31.7801","-103.2018","855.6","WINK FAA AIRPORT, TX US","    0",",,W,2400",,,,,"  294",",,W","  167",",,W","   31",",,W",,,,,,,,,,,,,"   40",",,W","   40",",,W",,,"   81",",,W","  112",",,W",,,,,,,,,,,,,,,,,,,,,,,,,,,,,,,,,,,,,,,,,,,,,,,,
"USW00023040","2019-10-16","31.7801","-103.2018","855.6","WINK FAA AIRPORT, TX US","    0",",,W,2400",,,,,"  239",",,W","   72",",,W","   31",",,W",,,,,,,,,,,,,"   40",",,W","   40",",,W",,,"   76",",,W","   98",",,W",,,,,,,,,,,,,,,,,,,,,,,,,,,,,,,,,,,,,,,,,,,,,,,,
"USW00023040","2019-10-17","31.7801","-103.2018","855.6","WINK FAA AIRPORT, TX US","    0",",,W,2400",,,,,"  289",",,W","   50",",,W","   29",",,W",,,,,,,,,,,,,"  150",",,W","  140",",,W",,,"   81",",,W","  107",",,W",,,,,,,,,,,,,,,,,,,,,,,,,,,,,,,,,,,,,,,,,,,,,,,,
"USW00023040","2019-10-18","31.7801","-103.2018","855.6","WINK FAA AIRPORT, TX US","    0",",,W,2400","    0",",,H","    0",",,H","  317",",,W","  133",",,W","   51",",,W",,,,,,,,,,,,,"  280",",,W","  280",",,W",,,"  125",",,W","  152",",,W",,,,,,,,,,,,,,,"    1",",,W",,,,,,,,,,,,,,,,,,,,,,,,,,,,,,,,
"USW00023040","2019-10-19","31.7801","-103.2018","855.6","WINK FAA AIRPORT, TX US","    0",",,W,2400","    0",",,H","    0",",,H","  272",",,W","   89",",,W","   26",",,W",,,,,,,,,,,,,"   30",",,W","   10",",,W",,,"   72",",,W","   89",",,W",,,,,,,,,,,,,,,,,,,,,,,,,,,,,,,,,,,,,,,,,,,,,,,,
"USW00023040","2019-10-20","31.7801","-103.2018","855.6","WINK FAA AIRPORT, TX US","    0",",,W,2400","    0",",,H","    0",",,H","  311",",,W","   72",",,W","   53",",,W",,,,,,,,,,,,,"  260",",,W","  270",",,W",,,"  134",",,W","  161",",,W",,,,,,,,,,,,,,,"    1",",,W",,,,,,,,,,,,,,,,,,,,,,,,,,,,,,,,
"USW00023040","2019-10-21","31.7801","-103.2018","855.6","WINK FAA AIRPORT, TX US","    0",",,W,2400",,,,,"  256",",,W","   39",",,W","   25",",,W",,,,,,,,,,,,,"  270",",,W","  290",",,W",,,"   67",",,W","   81",",,W",,,,,,,,,,,,,,,,,,,,,,,,,,,,,,,,,,,,,,,,,,,,,,,,
"USW00023040","2019-10-22","31.7801","-103.2018","855.6","WINK FAA AIRPORT, TX US","    0",",,W,2400",,,,,"  256",",,W","   28",",,W","   30",",,W",,,,,,,,,,,,,"  130",",,W","  130",",,W",,,"   54",",,W","   67",",,W",,,,,,,,,,,,,,,,,,,,,,,,,,,,,,,,,,,,,,,,,,,,,,,,
"USW00023040","2019-10-23","31.7801","-103.2018","855.6","WINK FAA AIRPORT, TX US","    0",",,W,2400",,,,,"  294",",,W","   33",",,W","   25",",,W",,,,,,,,,,,,,"  270",",,W","  270",",,W",,,"   58",",,W","   72",",,W",,,,,,,,,,,,,,,,,,,,,,,,,,,,,,,,,,,,,,,,,,,,,,,,
"USW00023040","2019-10-24","31.7801","-103.2018","855.6","WINK FAA AIRPORT, TX US","    0",",,W,2400","    0",",,H","    0",",,H","  183",",,W","   33",",,W","   72",",,W",,,,,,,,,,,,,"  360",",,W","  350",",,W",,,"  125",",,W","  157",",,W",,,,,,,,,,,,,,,,,,,,,,,,,,,,,,,,,,,,,,,,,,,,,,,,
"USW00023040","2019-10-25","31.7801","-103.2018","855.6","WINK FAA AIRPORT, TX US","    0",",,W,2400","    0",",,H","    0",",,H","  167",",,W","  -10",",,W","   40",",,W",,,,,,,,,,,,,"  330",",,W","  340",",,W",,,"   81",",,W","  116",",,W",,,,,,,,,,,,,,,,,,,,,,,,,,,,,,,,,,,,,,,,,,,,,,,,
"USW00023040","2019-10-26","31.7801","-103.2018","855.6","WINK FAA AIRPORT, TX US","    0",",,W,2400","    0",",,H","    0",",,H","  250",",,W","  -21",",,W","   41",",,W",,,,,,,,,,,,,"  250",",,W","  240",",,W",,,"  103",",,W","  125",",,W",,,,,,,,,,,,,,,,,,,,,,,,,,,,,,,,,,,,,,,,,,,,,,,,
"USW00023040","2019-10-27","31.7801","-103.2018","855.6","WINK FAA AIRPORT, TX US","    0",",,W,2400","    0",",,H","    0",",,H","  306",",,W","   17",",,W","   38",",,W",,,,,,,,,,,,,"  260",",,W","  260",",,W",,,"   81",",,W","  107",",,W",,,,,,,,,,,,,,,,,,,,,,,,,,,,,,,,,,,,,,,,,,,,,,,,
"USW00023040","2019-10-28","31.7801","-103.2018","855.6","WINK FAA AIRPORT, TX US","    0",",,W,2400",,,,,"  194",",,W","   28",",,W","   45",",,W",,,,,,,,,,,,,"   80",",,W","   70",",,W",,,"   76",",,W","  103",",,W",,,,,,,,,,,,,,,,,,,,,,,,,,,,,,,,,,,,,,,,,,,,,,,,
"USW00023040","2019-10-29","31.7801","-103.2018","855.6","WINK FAA AIRPORT, TX US","    0",",,W,2400",,,,,"  161",",,W","   39",",,W","   43",",,W",,,,,,,,,,,,,"   90",",,W","   80",",,W",,,"   76",",,W","   98",",,W","    1",",,W",,,,,,,,,,,,,"    1",",,W",,,,,,,,,,,,,,,,,,,,,,,,,,,,,,,,
"USW00023040","2019-10-30","31.7801","-103.2018","855.6","WINK FAA AIRPORT, TX US","    0","T,,W,2400",,,,,"   72",",,W","  -38",",,W","   51",",,W",,,,,,,,,,,,,"  350",",,W","  360",",,W",,,"   94",",,W","  116",",,W","    1",",,W",,,,,,,,,,,,,,,,,,,,,,,,,,,,,,,,,,,,,,,,,,,,,,
"USW00023040","2019-10-31","31.7801","-103.2018","855.6","WINK FAA AIRPORT, TX US","    0",",,W,2400",,,,,"  128",",,W","  -82",",,W","   30",",,W",,,,,,,,,,,,,"  130",",,W","  130",",,W",,,"   63",",,W","   72",",,W",,,,,,,,,,,,,,,,,,,,,,,,,,,,,,,,,,,,,,,,,,,,,,,,
"USW00023040","2019-11-01","31.7801","-103.2018","855.6","WINK FAA AIRPORT, TX US","    0",",,W,2400",,,,,"  256",",,W","  -27",",,W","   43",",,W",,,,,,,,,,,,,"   20",",,W","   50",",,W",,,"  103",",,W","  134",",,W",,,,,,,,,,,,,,,,,,,,,,,,,,,,,,,,,,,,,,,,,,,,,,,,
"USW00023040","2019-11-02","31.7801","-103.2018","855.6","WINK FAA AIRPORT, TX US","    0",",,W,2400",,,,,"  161",",,W","    0",",,W","   26",",,W",,,,,,,,,,,,,"  130",",,W","  360",",,W",,,"   45",",,W","   58",",,W",,,,,,,,,,,,,,,"    1",",,W",,,,,,,,,,,,,,,,,,,,,,,,,,,,,,,,
"USW00023040","2019-11-03","31.7801","-103.2018","855.6","WINK FAA AIRPORT, TX US","    0",",,W,2400",,,,,"  256",",,W","    6",",,W","   23",",,W",,,,,,,,,,,,,"  140",",,W","  220",",,W",,,"   54",",,W","   81",",,W",,,,,,,,,,,,,,,,,,,,,,,,,,,,,,,,,,,,,,,,,,,,,,,,
"USW00023040","2019-11-04","31.7801","-103.2018","855.6","WINK FAA AIRPORT, TX US","    0",",,W,2400",,,,,"  306",",,W","   44",",,W","   35",",,W",,,,,,,,,,,,,"  290",",,W","  310",",,W",,,"   94",",,W","  107",",,W",,,,,,,,,,,,,,,,,,,,,,,,,,,,,,,,,,,,,,,,,,,,,,,,
"USW00023040","2019-11-05","31.7801","-103.2018","855.6","WINK FAA AIRPORT, TX US","    0",",,W,2400",,,,,"  233",",,W","   61",",,W","   30",",,W",,,,,,,,,,,,,"   10",",,W","   20",",,W",,,"   67",",,W","   85",",,W",,,,,,,,,,,,,,,,,,,,,,,,,,,,,,,,,,,,,,,,,,,,,,,,
"USW00023040","2019-11-06","31.7801","-103.2018","855.6","WINK FAA AIRPORT, TX US","  198",",,W,2400",,,,,"  250",",,W","  133",",,W","   43",",,W",,,,,,,,,,,,,"  340",",,W","  340",",,W",,,"  116",",,W","  143",",,W","    1",",,W",,,"    1",",,W",,,,,,,,,,,,,,,,,,,,,,,,,,,,,,,,,,,,,,,,,,
"USW00023040","2019-11-07","31.7801","-103.2018","855.6","WINK FAA AIRPORT, TX US","  122",",,W,2400",,,,,"  167",",,W","   39",",,W","   56",",,W",,,,,,,,,,,,,"   30",",,W","   30",",,W",,,"  139",",,W","  174",",,W","    1",",,W",,,,,,,,,,,,,"    1",",,W",,,,,,,,,,,,,,,,,,,,,,,,,,,,,,,,
"USW00023040","2019-11-08","31.7801","-103.2018","855.6","WINK FAA AIRPORT, TX US","    0",",,W,2400",,,,,"  111",",,W","   39",",,W","   17",",,W",,,,,,,,,,,,,"   20",",,W","   20",",,W",,,"   40",",,W","   49",",,W","    1",",,W",,,,,,,,,,,,,"    1",",,W",,,,,,,,,,,,,,,,,,,,,,,,,,,,,,,,
"USW00023040","2019-11-09","31.7801","-103.2018","855.6","WINK FAA AIRPORT, TX US","    0",",,W,2400",,,,,"  189",",,W","   22",",,W","   17",",,W",,,,,,,,,,,,,"  170",",,W","  250",",,W",,,"   36",",,W","   49",",,W","    1",",,W","    1",",,W",,,,,,,,,,,,,,,,,,,,,,,,,,,,,,,,,,,,,,,,,,,,
"USW00023040","2019-11-10","31.7801","-103.2018","855.6","WINK FAA AIRPORT, TX US","    0",",,W,2400",,,,,"  278",",,W","   94",",,W","   32",",,W",,,,,,,,,,,,,"  270",",,W","  270",",,W",,,"   81",",,W","   98",",,W","    1",",,W",,,,,,,,,,,,,,,,,,,,,,,,,,,,,,,,,,,,,,,,,,,,,,
"USW00023040","2019-11-11","31.7801","-103.2018","855.6","WINK FAA AIRPORT, TX US","    5",",,W,2400",,,,,"  172",",,W","   11",",,W","   67",",,W",,,,,,,,,,,,,"   30",",,W","   30",",,W",,,"  161",",,W","  197",",,W","    1",",,W",,,,,,,,,,,,,,,,,,,,,,,,,,,,,,,,,,,,,,,,,,,,,,
"USW00023040","2019-11-12","31.7801","-103.2018","855.6","WINK FAA AIRPORT, TX US","    0",",,W,2400",,,,,"   33",",,W","  -32",",,W","   26",",,W",,,,,,,,,,,,,"   20",",,W","   40",",,W",,,"   76",",,W","   94",",,W",,,,,,,,,,,,,,,,,,,,,,,,,,,,,,,,,,,,,,,,,,,,,,,,
"USW00023040","2019-11-13","31.7801","-103.2018","855.6","WINK FAA AIRPORT, TX US","    0",",,W,2400",,,,,"  144",",,W","    0",",,W","   36",",,W",,,,,,,,,,,,,"  210",",,W","  220",",,W",,,"   76",",,W","   98",",,W",,,,,,,,,,,,,,,,,,,,,,,,,,,,,,,,,,,,,,,,,,,,,,,,
"USW00023040","2019-11-14","31.7801","-103.2018","855.6","WINK FAA AIRPORT, TX US","    0",",,W,2400",,,,,"  144",",,W","    6",",,W","   40",",,W",,,,,,,,,,,,,"   50",",,W","   50",",,W",,,"   81",",,W","   98",",,W",,,,,,,,,,,,,,,,,,,,,,,,,,,,,,,,,,,,,,,,,,,,,,,,
"USW00023040","2019-11-15","31.7801","-103.2018","855.6","WINK FAA AIRPORT, TX US","    0",",,W,2400",,,,,"  167",",,W","  -16",",,W","   35",",,W",,,,,,,,,,,,,"  150",",,W","  160",",,W",,,"   67",",,W","   85",",,W",,,,,,,,,,,,,,,,,,,,,,,,,,,,,,,,,,,,,,,,,,,,,,,,
"USW00023040","2019-11-16","31.7801","-103.2018","855.6","WINK FAA AIRPORT, TX US","    0",",,W,2400",,,,,"  217",",,W","   28",",,W","   34",",,W",,,,,,,,,,,,,"  180",",,W","  200",",,W",,,"   58",",,W","   76",",,W",,,,,,,,,,,,,,,,,,,,,,,,,,,,,,,,,,,,,,,,,,,,,,,,
"USW00023040","2019-11-17","31.7801","-103.2018","855.6","WINK FAA AIRPORT, TX US","    0",",,W,2400",,,,,"  194",",,W","   22",",,W","   34",",,W",,,,,,,,,,,,,"   10",",,W","   10",",,W",,,"  107",",,W","  143",",,W",,,,,,,,,,,,,,,,,,,,,,,,,,,,,,,,,,,,,,,,,,,,,,,,
"USW00023040","2019-11-18","31.7801","-103.2018","855.6","WINK FAA AIRPORT, TX US","    0",",,W,2400","    0",",,W","    0",",,W","  256",",,W","    0",",,W","   26",",,W",,,,,,,,,,,,,"  280",",,W","  290",",,W",,,"   72",",,W","   89",",,W",,,,,,,,,,,,,,,"    1",",,W",,,,,,,,,,,,,,,,,,,,,,,,,,,,,,,,
"USW00023040","2019-11-19","31.7801","-103.2018","855.6","WINK FAA AIRPORT, TX US","    0","T,,W,2400","    0",",,W","    0",",,W","  278",",,W","   22",",,W","   32",",,W",,,,,,,,,,,,,"  250",",,W","  230",",,W",,,"   76",",,W","   98",",,W",,,,,,,,,,,,,,,"    1",",,W",,,,,,,,,,,,,,,,,,,,,,,,,,,,,,,,
"USW00023040","2019-11-20","31.7801","-103.2018","855.6","WINK FAA AIRPORT, TX US","    8",",,W,2400","    0",",,W","    0",",,W","  250",",,W","  133",",,W","   37",",,W",,,,,,,,,,,,,"  150",",,W","  140",",,W",,,"   94",",,W","  112",",,W","    1",",,W",,,,,,,,,,,,,"    1",",,W",,,,,,,,,,,,,,,,,,,,,,,,,,,,,,,,
"USW00023040","2019-11-21","31.7801","-103.2018","855.6","WINK FAA AIRPORT, TX US","    0",",,W,2400","    0",",,W","    0",",,W","  256",",,W","   89",",,W","   32",",,W",,,,,,,,,,,,,"   20",",,W","   20",",,W",,,"  125",",,W","  152",",,W","    1",",,W","    1",",,W",,,,,,,,,,,"    1",",,W",,,,,,,,,,,,,,,,,,,,,,,,,,,,,,,,
"USW00023040","2019-11-22","31.7801","-103.2018","855.6","WINK FAA AIRPORT, TX US","    0",",,W,2400","    0",",,W","    0",",,W","  167",",,W","   50",",,W","   24",",,W",,,,,,,,,,,,,"   20",",,W","   30",",,W",,,"   89",",,W","  103",",,W",,,,,,,,,,,,,,,,,,,,,,,,,,,,,,,,,,,,,,,,,,,,,,,,
"USW00023040","2019-11-23","31.7801","-103.2018","855.6","WINK FAA AIRPORT, TX US","    0",",,W,2400","    0",",,W","    0",",,W","  206",",,W","   11",",,W","   22",",,W",,,,,,,,,,,,,"  320",",,W","  330",",,W",,,"   94",",,W","  121",",,W",,,,,,,,,,,,,,,,,,,,,,,,,,,,,,,,,,,,,,,,,,,,,,,,
"USW00023040","2019-11-24","31.7801","-103.2018","855.6","WINK FAA AIRPORT, TX US","    0",",,W,2400","    0",",,W","    0",",,W","  233",",,W","    6",",,W","   35",",,W",,,,,,,,,,,,,"  270",",,W","  250",",,W",,,"  103",",,W","  125",",,W",,,,,,,,,,,,,,,,,,,,,,,,,,,,,,,,,,,,,,,,,,,,,,,,
"USW00023040","2019-11-25","31.7801","-103.2018","855.6","WINK FAA AIRPORT, TX US","    0",",,W,2400",,,,,"  239",",,W","   39",",,W","   41",",,W",,,,,,,,,,,,,"  260",",,W","  230",",,W",,,"  107",",,W","  134",",,W",,,,,,,,,,,,,,,,,,,,,,,,,,,,,,,,,,,,,,,,,,,,,,,,
"USW00023040","2019-11-26","31.7801","-103.2018","855.6","WINK FAA AIRPORT, TX US","    0",",,W,2400",,,,,"  233",",,W","   78",",,W","   76",",,W",,,,,,,,,,,,,"  290",",,W","  290",",,W",,,"  174",",,W","  210",",,W",,,,,,,,,,,,,,,"    1",",,W",,,,,,,,,,,,,,,,,,,,,,,,,,,,,,,,
"USW00023040","2019-11-27","31.7801","-103.2018","855.6","WINK FAA AIRPORT, TX US","   30",",,W,2400",,,,,"   89",",,W","    0",",,W","   45",",,W",,,,,,,,,,,,,"   90",",,W","   90",",,W",,,"   94",",,W","  116",",,W","    1",",,W",,,,,,,,,,,,,,,,,,,,,,,,,,,,,,,,,,,,,,,,,,,,,,
"USW00023040","2019-11-28","31.7801","-103.2018","855.6","WINK FAA AIRPORT, TX US","    8",",,W,2400",,,,,"  122",",,W","   28",",,W","   48",",,W",,,,,,,,,,,,,"  110",",,W","  120",",,W",,,"   89",",,W","  112",",,W",,,,,,,,,,,,,,,,,,,,,,,,,,,,,,,,,,,,,,,,,,,,,,,,
"USW00023040","2019-11-29","31.7801","-103.2018","855.6","WINK FAA AIRPORT, TX US","    0",",,W,2400",,,,,"  194",",,W","   50",",,W","   32",",,W",,,,,,,,,,,,,"  300",",,W","  290",",,W",,,"   67",",,W","   94",",,W","    1",",,W",,,,,,,,,,,,,,,,,,,,,,,,,,,,,,,,,,,,,,,,,,,,,,
"USW00023040","2019-11-30","31.7801","-103.2018","855.6","WINK FAA AIRPORT, TX US","    0",",,W,2400","    0",",,W","    0",",,W","  183",",,W","   33",",,W","   67",",,W",,,,,,,,,,,,,"  260",",,W","  270",",,W",,,"  174",",,W","  215",",,W",,,,,,,,,,,,,,,,,,,,,,,,,,,,,,,,,,,,,,,,,,,,,,,,
"USW00023040","2019-12-01","31.7801","-103.2018","855.6","WINK FAA AIRPORT, TX US","    0",",,W,2400","    0",",,H","    0",",,H","  156",",,W","  -10",",,W","   22",",,W",,,,,,,,,,,,,"  340",",,W","  340",",,W",,,"   45",",,W","   45",",,W",,,,,,,,,,,,,,,,,,,,,,,,,,,,,,,,,,,,,,,,,,,,,,,,
"USW00023040","2019-12-02","31.7801","-103.2018","855.6","WINK FAA AIRPORT, TX US","    0",",,W,2400","    0",",,H","    0",",,H","  178",",,W","  -27",",,W","   27",",,W",,,,,,,,,,,,,"  150",",,W","  150",",,W",,,"   54",",,W","   67",",,W",,,,,,,,,,,,,,,,,,,,,,,,,,,,,,,,,,,,,,,,,,,,,,,,
"USW00023040","2019-12-03","31.7801","-103.2018","855.6","WINK FAA AIRPORT, TX US","    0",",,W,2400","    0",",,H","    0",",,H",,,"    0",",,W","   19",",,W",,,,,,,,,,,,,"  350",",,W","  320",",,W",,,"   81",",,W","  107",",,W",,,,,,,,,,,,,,,,,,,,,,,,,,,,,,,,,,,,,,,,,,,,,,,,
"USW00023040","2019-12-04","31.7801","-103.2018","855.6","WINK FAA AIRPORT, TX US","    0",",,W,2400","    0",",,H","    0",",,H","  183",",,W","   28",",,W","   15",",,W",,,,,,,,,,,,,"  140",",,W","  130",",,W",,,"   45",",,W","   63",",,W",,,,,,,,,,,,,,,"    1",",,W",,,,,,,,,,,,,,,,,,,,,,,,,,,,,,,,
"USW00023040","2019-12-05","31.7801","-103.2018","855.6","WINK FAA AIRPORT, TX US","    0",",,W,2400",,,,,"  244",",,W","   61",",,W","   53",",,W",,,,,,,,,,,,,"  260",",,W","  250",",,W",,,"  157",",,W","  192",",,W",,,,,,,,,,,,,,,,,,,,,,,,,,,,,,,,,,,,,,,,,,,,,,,,
"USW00023040","2019-12-06","31.7801","-103.2018","855.6","WINK FAA AIRPORT, TX US","    0",",,W,2400",,,,,"  167",",,W","   33",",,W","   26",",,W",,,,,,,,,,,,,"   10",",,W","   10",",,W",,,"   63",",,W","   81",",,W",,,,,,,,,,,,,,,,,,,,,,,,,,,,,,,,,,,,,,,,,,,,,,,,
"USW00023040","2019-12-07","31.7801","-103.2018","855.6","WINK FAA AIRPORT, TX US","    0",",,W,2400",,,,,"  206",",,W","   11",",,W","   31",",,W",,,,,,,,,,,,,"  150",",,W","  140",",,W",,,"   72",",,W","   81",",,W",,,,,,,,,,,,,,,,,,,,,,,,,,,,,,,,,,,,,,,,,,,,,,,,
"USW00023040","2019-12-08","31.7801","-103.2018","855.6","WINK FAA AIRPORT, TX US","    0",",,W,2400",,,,,"  250",",,W","   39",",,W","   43",",,W",,,,,,,,,,,,,"  260",",,W","  250",",,W",,,"  139",",,W","  183",",,W",,,,,,,,,,,,,,,,,,,,,,,,,,,,,,,,,,,,,,,,,,,,,,,,
"USW00023040","2019-12-09","31.7801","-103.2018","855.6","WINK FAA AIRPORT, TX US","   69",",,W,2400",,,,,"  178",",,W","  100",",,W","   38",",,W",,,,,,,,,,,,,"  270",",,W","  250",",,W",,,"   72",",,W","   85",",,W","    1",",,W",,,,,,,,,,,,,,,,,,,,,,,,,,,,,,,,,,,,,,,,,,,,,,
"USW00023040","2019-12-10","31.7801","-103.2018","855.6","WINK FAA AIRPORT, TX US","    0","T,,W,2400",,,,,"  100",",,W","   28",",,W","   37",",,W",,,,,,,,,,,,,"   60",",,W","   60",",,W",,,"   98",",,W","  121",",,W",,,,,,,,,,,,,,,,,,,,,,,,,,,,,,,,,,,,,,,,,,,,,,,,
"USW00023040","2019-12-11","31.7801","-103.2018","855.6","WINK FAA AIRPORT, TX US","    0",",,W,2400",,,,,"  128",",,W","   22",",,W","   48",",,W",,,,,,,,,,,,,"  130",",,W","  130",",,W",,,"   89",",,W","  107",",,W","    1",",,W","    1",",,W",,,,,,,,,,,,,,,,,,,,,,,,,,,,,,,,,,,,,,,,,,,,
"USW00023040","2019-12-12","31.7801","-103.2018","855.6","WINK FAA AIRPORT, TX US","    0",",,W,2400",,,,,"  183",",,W","   22",",,W","   29",",,W",,,,,,,,,,,,,"  260",",,W","  260",",,W",,,"   67",",,W","   94",",,W","    1",",,W",,,,,,,,,,,,,,,,,,,,,,,,,,,,,,,,,,,,,,,,,,,,,,
"USW00023040","2019-12-13","31.7801","-103.2018","855.6","WINK FAA AIRPORT, TX US","    0",",,W,2400",,,,,"  244",",,W","   56",",,W","   43",",,W",,,,,,,,,,,,,"  280",",,W","  260",",,W",,,"   89",",,W","  112",",,W",,,,,,,,,,,,,,,,,,,,,,,,,,,,,,,,,,,,,,,,,,,,,,,,
"USW00023040","2019-12-14","31.7801","-103.2018","855.6","WINK FAA AIRPORT, TX US","    0",",,W,2400",,,,,"  261",",,W","   22",",,W","   48",",,W",,,,,,,,,,,,,"  260",",,W","  260",",,W",,,"  139",",,W","  174",",,W",,,,,,,,,,,,,,,,,,,,,,,,,,,,,,,,,,,,,,,,,,,,,,,,
"USW00023040","2019-12-15","31.7801","-103.2018","855.6","WINK FAA AIRPORT, TX US","    0",",,W,2400",,,,,"  272",",,W","   72",",,W","   47",",,W",,,,,,,,,,,,,"  250",",,W","  240",",,W",,,"  130",",,W","  161",",,W",,,,,,,,,,,,,,,,,,,,,,,,,,,,,,,,,,,,,,,,,,,,,,,,
"USW00023040","2019-12-16","31.7801","-103.2018","855.6","WINK FAA AIRPORT, TX US","    0",",,W,2400","    0",",,H","    0",",,H","  172",",,W","    0",",,W","   41",",,W",,,,,,,,,,,,,"   40",",,W","   40",",,W",,,"  116",",,W","  148",",,W",,,,,,,,,,,,,,,,,,,,,,,,,,,,,,,,,,,,,,,,,,,,,,,,
"USW00023040","2019-12-17","31.7801","-103.2018","855.6","WINK FAA AIRPORT, TX US","    0",",,W,2400","    0",",,H","    0",",,H","   89",",,W","  -49",",,W","   28",",,W",,,,,,,,,,,,,"   30",",,W","   30",",,W",,,"   45",",,W","   58",",,W",,,,,,,,,,,,,,,,,,,,,,,,,,,,,,,,,,,,,,,,,,,,,,,,
"USW00023040","2019-12-18","31.7801","-103.2018","855.6","WINK FAA AIRPORT, TX US","    0",",,W,2400","    0",",,H","    0",",,H","  106",",,W","  -71",",,W","   25",",,W",,,,,,,,,,,,,"  140",",,W","  130",",,W",,,"   54",",,W","   63",",,W",,,,,,,,,,,,,,,,,,,,,,,,,,,,,,,,,,,,,,,,,,,,,,,,
"USW00023040","2019-12-19","31.7801","-103.2018","855.6","WINK FAA AIRPORT, TX US","    0",",,W,2400","    0",",,H","    0",",,H","  122",",,W","  -38",",,W","   45",",,W",,,,,,,,,,,,,"  150",",,W","  150",",,W",,,"   72",",,W","   98",",,W",,,,,,,,,,,,,,,,,,,,,,,,,,,,,,,,,,,,,,,,,,,,,,,,
"USW00023040","2019-12-20","31.7801","-103.2018","855.6","WINK FAA AIRPORT, TX US","    0",",,W,2400","    0",",,H","    0",",,H","  161",",,W","  -43",",,W","   41",",,W",,,,,,,,,,,,,"  330",",,W","  330",",,W",,,"   89",",,W","  107",",,W",,,,,,,,,,,,,,,,,,,,,,,,,,,,,,,,,,,,,,,,,,,,,,,,
"USW00023040","2019-12-21","31.7801","-103.2018","855.6","WINK FAA AIRPORT, TX US","    0",",,W,2400","    0",",,H","    0",",,H","  172",",,W","  -49",",,W","   26",",,W",,,,,,,,,,,,,"  350",",,W","  200",",,W",,,"   45",",,W","   58",",,W",,,,,,,,,,,,,,,,,,,,,,,,,,,,,,,,,,,,,,,,,,,,,,,,
"USW00023040","2019-12-22","31.7801","-103.2018","855.6","WINK FAA AIRPORT, TX US","    0",",,W,2400","    0",",,H","    0",",,H","  194",",,W","  -55",",,W","   29",",,W",,,,,,,,,,,,,"  270",",,W","  270",",,W",,,"   58",",,W","   72",",,W",,,,,,,,,,,,,,,,,,,,,,,,,,,,,,,,,,,,,,,,,,,,,,,,
"USW00023040","2019-12-23","31.7801","-103.2018","855.6","WINK FAA AIRPORT, TX US","    0",",,W,2400","    0",",,H","    0",",,H","  189",",,W","  -32",",,W","   16",",,W",,,,,,,,,,,,,"  250",",,W","  250",",,W",,,"   45",",,W","   58",",,W",,,,,,,,,,,,,,,,,,,,,,,,,,,,,,,,,,,,,,,,,,,,,,,,
"USW00023040","2019-12-24","31.7801","-103.2018","855.6","WINK FAA AIRPORT, TX US","    0",",,W,2400","    0",",,H","    0",",,H","  200",",,W","   -5",",,W","   31",",,W",,,,,,,,,,,,,"  130",",,W","  130",",,W",,,"   67",",,W","   85",",,W",,,,,,,,,,,,,,,,,,,,,,,,,,,,,,,,,,,,,,,,,,,,,,,,
"USW00023040","2019-12-25","31.7801","-103.2018","855.6","WINK FAA AIRPORT, TX US","    0",",,W,2400","    0",",,H","    0",",,H","  189",",,W","   44",",,W","   21",",,W",,,,,,,,,,,,,"  280",",,W","  270",",,W",,,"   72",",,W","   89",",,W",,,,,,,,,,,,,,,,,,,,,,,,,,,,,,,,,,,,,,,,,,,,,,,,
"USW00023040","2019-12-26","31.7801","-103.2018","855.6","WINK FAA AIRPORT, TX US","    0",",,W,2400","    0",",,H","    0",",,H","  172",",,W","   50",",,W","   28",",,W",,,,,,,,,,,,,"  160",",,W","  120",",,W",,,"   67",",,W","   85",",,W","    1",",,W",,,,,,,,,,,,,,,,,,,,,,,,,,,,,,,,,,,,,,,,,,,,,,
"USW00023040","2019-12-27","31.7801","-103.2018","855.6","WINK FAA AIRPORT, TX US","    0",",,W,2400","    0",",,H","    0",",,H","  194",",,W","  122",",,W","   71",",,W",,,,,,,,,,,,,"  160",",,W","  150",",,W",,,"  116",",,W","  148",",,W","    1",",,W",,,,,,,,,,,,,,,,,,,,,,,,,,,,,,,,,,,,,,,,,,,,,,
"USW00023040","2019-12-28","31.7801","-103.2018","855.6","WINK FAA AIRPORT, TX US","    0",",,W,2400",,,,,"  156",",,W","   33",",,W","   68",",,W",,,,,,,,,,,,,"  250",",,W","  260",",,W",,,"  161",",,W","  192",",,W",,,,,,,,,,,,,,,,,,,,,,,,,,,,,,,,,,,,,,,,,,,,,,,,
"USW00023040","2019-12-29","31.7801","-103.2018","855.6","WINK FAA AIRPORT, TX US","    0",",,W,2400",,,,,"  100",",,W","  -16",",,W","   50",",,W",,,,,,,,,,,,,"  270",",,W","  270",",,W",,,"  107",",,W","  139",",,W",,,,,,,,,,,,,,,,,,,,,,,,,,,,,,,,,,,,,,,,,,,,,,,,
"USW00023040","2019-12-30","31.7801","-103.2018","855.6","WINK FAA AIRPORT, TX US","    0",",,W,2400","    0",",,H","    0",",,H","  106",",,W","  -55",",,W","   25",",,W",,,,,,,,,,,,,"   10",",,W","  360",",,W",,,"   63",",,W","   72",",,W",,,,,,,,,,,,,,,,,,,,,,,,,,,,,,,,,,,,,,,,,,,,,,,,
"USW00023040","2019-12-31","31.7801","-103.2018","855.6","WINK FAA AIRPORT, TX US","    0",",,W,2400","    0",",,H","    0",",,H","  128",",,W","  -60",",,W","   32",",,W",,,,,,,,,,,,,"  170",",,W","  150",",,W",,,"   76",",,W","   98",",,W",,,,,,,,,,,,,,,,,,,,,,,,,,,,,,,,,,,,,,,,,,,,,,,,
"USW00023040","2020-01-01","31.7801","-103.2018","855.6","WINK FAA AIRPORT, TX US","    0",",,W,2400","    0",",,H","    0",",,H","  139",",,W","  -49",",,W","   43",",,W",,,,,,,,,,,,,"  210",",,W","  200",",,W",,,"  107",",,W","  139",",,W",,,,,,,,,,,,,,,,,,,,,,,,,,,,,,,,,,,,,,,,,,,,,,,,
"USW00023040","2020-01-02","31.7801","-103.2018","855.6","WINK FAA AIRPORT, TX US","    0","T,,W,2400","    0",",,H","    0",",,H","  172",",,W","   61",",,W","   70",",,W",,,,,,,,,,,,,"  250",",,W","  250",",,W",,,"  116",",,W","  148",",,W",,,,,,,,,,,,,,,,,,,,,,,,,,,,,,,,,,,,,,,,,,,,,,,,
"USW00023040","2020-01-03","31.7801","-103.2018","855.6","WINK FAA AIRPORT, TX US","   33",",,W,2400","    0",",,H","    0",",,H","  128",",,W","   33",",,W","   36",",,W",,,,,,,,,,,,,"  360",",,W","  360",",,W",,,"   76",",,W","   94",",,W","    1",",,W",,,,,,,,,,,,,,,,,,,,,,,,,,,,,,,,,,,,,,,,,,,,,,
"USW00023040","2020-01-04","31.7801","-103.2018","855.6","WINK FAA AIRPORT, TX US","    0",",,W,2400","    0",",,H","    0",",,H","  178",",,W","  -27",",,W","   33",",,W",,,,,,,,,,,,,"  210",",,W","  220",",,W",,,"   81",",,W","  103",",,W",,,,,,,,,,,,,,,,,,,,,,,,,,,,,,,,,,,,,,,,,,,,,,,,
"USW00023040","2020-01-05","31.7801","-103.2018","855.6","WINK FAA AIRPORT, TX US","    0",",,W,2400","    0",",,H","    0",",,H","  194",",,W","  -16",",,W","   30",",,W",,,,,,,,,,,,,"   90",",,W","  110",",,W",,,"   63",",,W","   85",",,W",,,,,,,,,,,,,,,,,,,,,,,,,,,,,,,,,,,,,,,,,,,,,,,,
"USW00023040","2020-01-06","31.7801","-103.2018","855.6","WINK FAA AIRPORT, TX US","    0",",,W,2400","    0",",,H","    0",",,H","  189",",,W","  -21",",,W","   40",",,W",,,,,,,,,,,,,"  340",",,W","  340",",,W",,,"  130",",,W","  148",",,W",,,,,,,,,,,,,,,,,,,,,,,,,,,,,,,,,,,,,,,,,,,,,,,,
"USW00023040","2020-01-07","31.7801","-103.2018","855.6","WINK FAA AIRPORT, TX US","    0",",,W,2400","    0",",,H","    0",",,H","  172",",,W","  -60",",,W","   38",",,W",,,,,,,,,,,,,"  170",",,W","  150",",,W",,,"   76",",,W","   98",",,W",,,,,,,,,,,,,,,,,,,,,,,,,,,,,,,,,,,,,,,,,,,,,,,,
"USW00023040","2020-01-08","31.7801","-103.2018","855.6","WINK FAA AIRPORT, TX US","    0",",,W,2400","    0",",,H","    0",",,H","  200",",,W","    0",",,W","   54",",,W",,,,,,,,,,,,,"  150",",,W","  150",",,W",,,"   81",",,W","  107",",,W",,,,,,,,,,,,,,,,,,,,,,,,,,,,,,,,,,,,,,,,,,,,,,,,
"USW00023040","2020-01-09","31.7801","-103.2018","855.6","WINK FAA AIRPORT, TX US","    0",",,W,2400",,,,,"  228",",,W","   22",",,W","   38",",,W",,,,,,,,,,,,,"  220",",,W","  210",",,W",,,"   81",",,W","   98",",,W","    1",",,W","    1",",,W",,,,,,,,,,,,,,,,,,,,,,,,,,,,,,,,,,,,,,,,,,,,
"USW00023040","2020-01-10","31.7801","-103.2018","855.6","WINK FAA AIRPORT, TX US","    5",",,W,2400",,,,,"  161",",,W","   44",",,W","   57",",,W",,,,,,,,,,,,,"  260",",,W","  270",",,W",,,"  143",",,W","  174",",,W","    1",",,W","    1",",,W",,,,,,,,,,,,,,,,,,,,,,,,,,,,,,,,,,,,,,,,,,,,
"USW00023040","2020-01-11","31.7801","-103.2018","855.6","WINK FAA AIRPORT, TX US","    3",",,W,2400",,,,,"  150",",,W","  -16",",,W","   40",",,W",,,,,,,,,,,,,"  350",",,W","  340",",,W",,,"  107",",,W","  134",",,W","    1",",,W",,,,,,,,,,,,,,,,,,,,,,,,,,,,,,,,,,,,,,,,,,,,,,
"USW00023040","2020-01-12","31.7801","-103.2018","855.6","WINK FAA AIRPORT, TX US","    0",",,W,2400",,,,,"  178",",,W","    6",",,W","   28",",,W",,,,,,,,,,,,,"  120",",,W","  160",",,W",,,"   58",",,W","   67",",,W",,,,,,,,,,,,,,,,,,,,,,,,,,,,,,,,,,,,,,,,,,,,,,,,
"USW00023040","2020-01-13","31.7801","-103.2018","855.6","WINK FAA AIRPORT, TX US","    0",",,W,2400","    0",",,H","    0",",,H","  228",",,W","  -32",",,W","   34",",,W",,,,,,,,,,,,,"  190",",,W","  190",",,W",,,"   72",",,W","   85",",,W",,,,,,,,,,,,,,,,,,,,,,,,,,,,,,,,,,,,,,,,,,,,,,,,
"USW00023040","2020-01-14","31.7801","-103.2018","855.6","WINK FAA AIRPORT, TX US","    0",",,W,2400",,,,,"  250",",,W","  -38",",,W","   29",",,W",,,,,,,,,,,,,"  230",",,W","  240",",,W",,,"   63",",,W","   81",",,W",,,,,,,,,,,,,,,,,,,,,,,,,,,,,,,,,,,,,,,,,,,,,,,,
"USW00023040","2020-01-15","31.7801","-103.2018","855.6","WINK FAA AIRPORT, TX US","    0",",,W,2400",,,,,"  189",",,W","   44",",,W","   26",",,W",,,,,,,,,,,,,"  360",",,W","  360",",,W",,,"   76",",,W","   94",",,W",,,,,,,,,,,,,,,,,,,,,,,,,,,,,,,,,,,,,,,,,,,,,,,,
"USW00023040","2020-01-16","31.7801","-103.2018","855.6","WINK FAA AIRPORT, TX US","    0","T,,W,2400",,,,,"  133",",,W","   28",",,W","   47",",,W",,,,,,,,,,,,,"   30",",,W","   30",",,W",,,"   94",",,W","  116",",,W","    1",",,W",,,,,,,,,,,,,"    1",",,W",,,,,,,,,,,,,,,,,,,,,,,,,,,,,,,,
"USW00023040","2020-01-17","31.7801","-103.2018","855.6","WINK FAA AIRPORT, TX US","   84",",,W,2400",,,,,"  156",",,W","   22",",,W","   22",",,W",,,,,,,,,,,,,"  110",",,W","  110",",,W",,,"   76",",,W","   94",",,W","    1",",,W",,,,,,,,,,,,,,,,,,,,,,,,,,,,,,,,,,,,,,,,,,,,,,
"USW00023040","2020-01-18","31.7801","-103.2018","855.6","WINK FAA AIRPORT, TX US","    0",",,W,2400",,,,,"  144",",,W","   11",",,W","   37",",,W",,,,,,,,,,,,,"   60",",,W","   90",",,W",,,"   72",",,W","   85",",,W","    1",",,W",,,,,,,,,,,,,,,,,,,,,,,,,,,,,,,,,,,,,,,,,,,,,,
"USW00023040","2020-01-19","31.7801","-103.2018","855.6","WINK FAA AIRPORT, TX US","    0",",,W,2400",,,,,"  111",",,W","  -16",",,W","   35",",,W",,,,,,,,,,,,,"  130",",,W","  130",",,W",,,"   81",",,W","   98",",,W",,,,,,,,,,,,,,,,,,,,,,,,,,,,,,,,,,,,,,,,,,,,,,,,
"USW00023040","2020-01-20","31.7801","-103.2018","855.6","WINK FAA AIRPORT, TX US","    0",",,W,2400",,,,,"  128",",,W","   11",",,W","   36",",,W",,,,,,,,,,,,,"  130",",,W","  180",",,W",,,"   67",",,W","   89",",,W",,,,,,,,,,,,,,,,,,,,,,,,,,,,,,,,,,,,,,,,,,,,,,,,
"USW00023040","2020-01-21","31.7801","-103.2018","855.6","WINK FAA AIRPORT, TX US","    5",",,W,2400",,,,,"  122",",,W","   39",",,W","   59",",,W",,,,,,,,,,,,,"  150",",,W","  150",",,W",,,"  112",",,W","  130",",,W",,,,,,,,,,,,,,,,,,,,,,,,,,,,,,,,,,,,,,,,,,,,,,,,
"USW00023040","2020-01-22","31.7801","-103.2018","855.6","WINK FAA AIRPORT, TX US","    0",",,W,2400",,,,,"  200",",,W","   28",",,W","   39",",,W",,,,,,,,,,,,,"  310",",,W","  320",",,W",,,"   94",",,W","  116",",,W","    1",",,W",,,,,,,,,,,,,,,,,,,,,,,,,,,,,,,,,,,,,,,,,,,,,,
"USW00023040","2020-01-23","31.7801","-103.2018","855.6","WINK FAA AIRPORT, TX US","    0",",,W,2400",,,,,"  172",",,W","   22",",,W","   30",",,W",,,,,,,,,,,,,"  360",",,W","  350",",,W",,,"   81",",,W","  103",",,W",,,,,,,,,,,,,,,,,,,,,,,,,,,,,,,,,,,,,,,,,,,,,,,,
"USW00023040","2020-01-24","31.7801","-103.2018","855.6","WINK FAA AIRPORT, TX US","    0",",,W,2400",,,,,"  178",",,W","   -5",",,W","   33",",,W",,,,,,,,,,,,,"  140",",,W","  130",",,W",,,"   63",",,W","   76",",,W",,,,,,,,,,,,,,,,,,,,,,,,,,,,,,,,,,,,,,,,,,,,,,,,
"USW00023040","2020-01-25","31.7801","-103.2018","855.6","WINK FAA AIRPORT, TX US","    0",",,W,2400",,,,,"  228",",,W","   17",",,W","   30",",,W",,,,,,,,,,,,,"  310",",,W","  340",",,W",,,"   94",",,W","  112",",,W",,,,,,,,,,,,,,,,,,,,,,,,,,,,,,,,,,,,,,,,,,,,,,,,
"USW00023040","2020-01-26","31.7801","-103.2018","855.6","WINK FAA AIRPORT, TX US","    0",",,W,2400",,,,,"  228",",,W","   22",",,W","   27",",,W",,,,,,,,,,,,,"  270",",,W","  270",",,W",,,"   58",",,W","   72",",,W",,,,,,,,,,,,,,,,,,,,,,,,,,,,,,,,,,,,,,,,,,,,,,,,
"USW00023040","2020-01-27","31.7801","-103.2018","855.6","WINK FAA AIRPORT, TX US","    0",",,W,2400","    0",",,H","    0",",,H","  233",",,W","    0",",,W","   53",",,W",,,,,,,,,,,,,"  270",",,W","  270",",,W",,,"  148",",,W","  183",",,W",,,,,,,,,,,,,,,"    1",",,W",,,,,,,,,,,,,,,,,,,,,,,,,,,,,,,,
"USW00023040","2020-01-28","31.7801","-103.2018","855.6","WINK FAA AIRPORT, TX US","    0",",,W,2400","    0",",,H","    0",",,H","  156",",,W","   11",",,W","   68",",,W",,,,,,,,,,,,,"  350",",,W","  350",",,W",,,"  170",",,W","  219",",,W",,,,,,,,,,,,,,,,,,,,,,,,,,,,,,,,,,,,,,,,,,,,,,,,
"USW00023040","2020-01-29","31.7801","-103.2018","855.6","WINK FAA AIRPORT, TX US","    0",",,W,2400","    0",",,H","    0",",,H","  161",",,W","  -49",",,W","   45",",,W",,,,,,,,,,,,,"   90",",,W","   90",",,W",,,"   89",",,W","  121",",,W",,,,,,,,,,,,,,,,,,,,,,,,,,,,,,,,,,,,,,,,,,,,,,,,
"USW00023040","2020-01-30","31.7801","-103.2018","855.6","WINK FAA AIRPORT, TX US","    0",",,W,2400","    0",",,H","    0",",,H","   83",",,W","   11",",,W","   33",",,W",,,,,,,,,,,,,"   80",",,W","   80",",,W",,,"   89",",,W","  112",",,W",,,,,,,,,,,,,,,,,,,,,,,,,,,,,,,,,,,,,,,,,,,,,,,,
"USW00023040","2020-01-31","31.7801","-103.2018","855.6","WINK FAA AIRPORT, TX US","   13",",,W,2400","    0",",,H","    0",",,H","   94",",,W","  -10",",,W","   41",",,W",,,,,,,,,,,,,"   10",",,W","   20",",,W",,,"  103",",,W","  139",",,W",,,,,,,,,,,,,,,,,,,,,,,,,,,,,,,,,,,,,,,,,,,,,,,,
"USW00023040","2020-02-01","31.7801","-103.2018","855.6","WINK FAA AIRPORT, TX US","    0",",,W,2400","    0",",,H","    0",",,H","  200",",,W","  -27",",,W","   32",",,W",,,,,,,,,,,,,"  220",",,W","  220",",,W",,,"   76",",,W","   98",",,W",,,,,,,,,,,,,,,,,,,,,,,,,,,,,,,,,,,,,,,,,,,,,,,,
"USW00023040","2020-02-02","31.7801","-103.2018","855.6","WINK FAA AIRPORT, TX US","    0",",,W,2400","    0",",,H","    0",",,H","  222",",,W","  -10",",,W","   35",",,W",,,,,,,,,,,,,"  220",",,W","  220",",,W",,,"   98",",,W","  121",",,W",,,,,,,,,,,,,,,,,,,,,,,,,,,,,,,,,,,,,,,,,,,,,,,,
"USW00023040","2020-02-03","31.7801","-103.2018","855.6","WINK FAA AIRPORT, TX US","    0",",,W,2400",,,,,"  239",",,W","   39",",,W","   49",",,W",,,,,,,,,,,,,"  220",",,W","  220",",,W",,,"  103",",,W","  125",",,W",,,,,,,,,,,,,,,,,,,,,,,,,,,,,,,,,,,,,,,,,,,,,,,,
"USW00023040","2020-02-04","31.7801","-103.2018","855.6","WINK FAA AIRPORT, TX US","    3",",,W,2400",,,,,"  128",",,W","  -21",",,W","   56",",,W",,,,,,,,,,,,,"   10",",,W","   20",",,W",,,"  130",",,W","  148",",,W","    1",",,W",,,,,,,,,,,,,"    1",",,W",,,,,,,,,,,,,,,,,,,,,,,,,,,,,,,,
"USW00023040","2020-02-05","31.7801","-103.2018","855.6","WINK FAA AIRPORT, TX US","   18",",,W,2400",,,,,"   11",",,W","  -55",",,W","   34",",,W",,,,,,,,,,,,,"   20",",,W","   10",",,W",,,"   98",",,W","  116",",,W","    1",",,W","    1",",,W",,,,,,,,,,,"    1",",,W",,,,,,,,,,,,,,,,,,,,,,,,,,,,,,,,
"USW00023040","2020-02-06","31.7801","-103.2018","855.6","WINK FAA AIRPORT, TX US","    0",",,W,2400","    0",",,H","    0",",,H","  117",",,W","  -93",",,W","   42",",,W",,,,,,,,,,,,,"  290",",,W","  290",",,W",,,"  107",",,W","  157",",,W","    1",",,W",,,,,,,,,,,,,,,,,,,,,,,,,,,,,,,,,,,,,,,,,,,,,,
"USW00023040","2020-02-07","31.7801","-103.2018","855.6","WINK FAA AIRPORT, TX US","    0",",,W,2400","    0",",,H","    0",",,H","  206",",,W","   11",",,W","   31",",,W",,,,,,,,,,,,,"  260",",,W","  240",",,W",,,"   76",",,W","   94",",,W",,,,,,,,,,,,,,,,,,,,,,,,,,,,,,,,,,,,,,,,,,,,,,,,
"USW00023040","2020-02-08","31.7801","-103.2018","855.6","WINK FAA AIRPORT, TX US","    0",",,W,2400",,,,,"  189",",,W","   -5",",,W","   30",",,W",,,,,,,,,,,,,"  140",",,W","  140",",,W",,,"   67",",,W","   81",",,W",,,,,,,,,,,,,,,,,,,,,,,,,,,,,,,,,,,,,,,,,,,,,,,,
"USW00023040","2020-02-09","31.7801","-103.2018","855.6","WINK FAA AIRPORT, TX US","    0",",,W,2400",,,,,"  244",",,W","   33",",,W","   42",",,W",,,,,,,,,,,,,"  260",",,W","  280",",,W",,,"  107",",,W","  139",",,W","    1",",,W",,,,,,,,,,,,,,,,,,,,,,,,,,,,,,,,,,,,,,,,,,,,,,
"USW00023040","2020-02-10","31.7801","-103.2018","855.6","WINK FAA AIRPORT, TX US","    8",",,W,2400",,,,,"  139",",,W","   44",",,W","   36",",,W",,,,,,,,,,,,,"   40",",,W","   40",",,W",,,"   98",",,W","  116",",,W","    1",",,W",,,"    1",",,W",,,,,,,,,,,,,,,,,,,,,,,,,,,,,,,,,,,,,,,,,,
"USW00023040","2020-02-11","31.7801","-103.2018","855.6","WINK FAA AIRPORT, TX US","    3",",,W,2400",,,,,"   67",",,W","   11",",,W","   51",",,W",,,,,,,,,,,,,"   40",",,W","   40",",,W",,,"   94",",,W","  112",",,W","    1",",,W",,,,,,,,,,,,,,,,,,,,,,,,,,,,,,,,,,,,,,,,,,,,,,
"USW00023040","2020-02-12","31.7801","-103.2018","855.6","WINK FAA AIRPORT, TX US","    0",",,W,2400",,,,,"  139",",,W","    6",",,W","   47",",,W",,,,,,,,,,,,,"  270",",,W","  270",",,W",,,"  116",",,W","  148",",,W",,,,,,,,,,,,,,,,,,,,,,,,,,,,,,,,,,,,,,,,,,,,,,,,
"USW00023040","2020-02-13","31.7801","-103.2018","855.6","WINK FAA AIRPORT, TX US","    0",",,W,2400",,,,,"  144",",,W","  -32",",,W","   41",",,W",,,,,,,,,,,,,"  130",",,W","  120",",,W",,,"   89",",,W","  107",",,W",,,,,,,,,,,,,,,,,,,,,,,,,,,,,,,,,,,,,,,,,,,,,,,,
"USW00023040","2020-02-14","31.7801","-103.2018","855.6","WINK FAA AIRPORT, TX US","    0",",,W,2400","    0",",,H","    0",",,H","  144",",,W","  -10",",,W","   50",",,W",,,,,,,,,,,,,"  120",",,W","  120",",,W",,,"   76",",,W","  103",",,W","    1",",,W",,,,,,,,,,,,,,,,,,,,,,,,,,,,,,,,,,,,,,,,,,,,,,
"USW00023040","2020-02-15","31.7801","-103.2018","855.6","WINK FAA AIRPORT, TX US","    0",",,W,2400",,,,,"  228",",,W","    6",",,W","   24",",,W",,,,,,,,,,,,,"  150",",,W","  150",",,W",,,"   81",",,W","   98",",,W","    1",",,W",,,,,,,,,,,,,,,,,,,,,,,,,,,,,,,,,,,,,,,,,,,,,,
"USW00023040","2020-02-16","31.7801","-103.2018","855.6","WINK FAA AIRPORT, TX US","    0",",,W,2400",,,,,"  261",",,W","    6",",,W","   31",",,W",,,,,,,,,,,,,"  260",",,W","  260",",,W",,,"   72",",,W","   89",",,W",,,,,,,,,,,,,,,,,,,,,,,,,,,,,,,,,,,,,,,,,,,,,,,,
"USW00023040","2020-02-17","31.7801","-103.2018","855.6","WINK FAA AIRPORT, TX US","    0",",,W,2400",,,,,"  256",",,W","   72",",,W","   32",",,W",,,,,,,,,,,,,"  250",",,W","  240",",,W",,,"   89",",,W","  112",",,W",,,,,,,,,,,,,,,,,,,,,,,,,,,,,,,,,,,,,,,,,,,,,,,,
"USW00023040","2020-02-18","31.7801","-103.2018","855.6","WINK FAA AIRPORT, TX US","    0",",,W,2400",,,,,"  156",",,W","   61",",,W","   39",",,W",,,,,,,,,,,,,"   30",",,W","   30",",,W",,,"  103",",,W","  125",",,W",,,,,,,,,,,,,,,,,,,,,,,,,,,,,,,,,,,,,,,,,,,,,,,,
"USW00023040","2020-02-19","31.7801","-103.2018","855.6","WINK FAA AIRPORT, TX US","   15",",,W,2400",,,,,"   94",",,W","   50",",,W","   34",",,W",,,,,,,,,,,,,"   90",",,W","   90",",,W",,,"   67",",,W","   81",",,W",,,,,,,,,,,,,,,,,,,,,,,,,,,,,,,,,,,,,,,,,,,,,,,,
"USW00023040","2020-02-20","31.7801","-103.2018","855.6","WINK FAA AIRPORT, TX US","    0","T,,W,2400","    0",",,H","    0",",,H","   83",",,W","   22",",,W","   49",",,W",,,,,,,,,,,,,"   40",",,W","   40",",,W",,,"   98",",,W","  116",",,W","    1",",,W",,,,,,,,,,,,,,,,,,,,,,,,,,,,,,,,,,,,,,,,,,,,,,
"USW00023040","2020-02-21","31.7801","-103.2018","855.6","WINK FAA AIRPORT, TX US","    0",",,W,2400",,,,,"   83",",,W","   -5",",,W","   34",",,W",,,,,,,,,,,,,"  160",",,W","  150",",,W",,,"   58",",,W","   76",",,W",,,,,,,,,,,,,,,,,,,,,,,,,,,,,,,,,,,,,,,,,,,,,,,,
"USW00023040","2020-02-22","31.7801","-103.2018","855.6","WINK FAA AIRPORT, TX US","    0",",,W,2400",,,,,"  183",",,W","   39",",,W","   37",",,W",,,,,,,,,,,,,"  130",",,W","  130",",,W",,,"   67",",,W","   85",",,W",,,,,,,,,,,,,,,,,,,,,,,,,,,,,,,,,,,,,,,,,,,,,,,,
"USW00023040","2020-02-23","31.7801","-103.2018","855.6","WINK FAA AIRPORT, TX US","    0",",,W,2400",,,,,"  222",",,W","   78",",,W","   63",",,W",,,,,,,,,,,,,"  280",",,W","  270",",,W",,,"  161",",,W","  201",",,W",,,,,,,,,,,,,,,"    1",",,W",,,,,,,,,,,,,,,,,,,,,,,,,,,,,,,,
"USW00023040","2020-02-24","31.7801","-103.2018","855.6","WINK FAA AIRPORT, TX US","    0",",,W,2400",,,,,"  233",",,W","   39",",,W","   49",",,W",,,,,,,,,,,,,"  270",",,W","  310",",,W",,,"   94",",,W","  107",",,W",,,,,,,,,,,,,,,,,,,,,,,,,,,,,,,,,,,,,,,,,,,,,,,,
"USW00023040","2020-02-25","31.7801","-103.2018","855.6","WINK FAA AIRPORT, TX US","    0",",,W,2400",,,,,"  139",",,W","   11",",,W","   61",",,W",,,,,,,,,,,,,"   20",",,W","   20",",,W",,,"  157",",,W","  183",",,W",,,,,,,,,,,,,,,,,,,,,,,,,,,,,,,,,,,,,,,,,,,,,,,,
"USW00023040","2020-02-26","31.7801","-103.2018","855.6","WINK FAA AIRPORT, TX US","    0",",,W,2400",,,,,"   89",",,W","  -43",",,W","   34",",,W",,,,,,,,,,,,,"   10",",,W","   10",",,W",,,"   81",",,W","  107",",,W",,,,,,,,,,,,,,,,,,,,,,,,,,,,,,,,,,,,,,,,,,,,,,,,
"USW00023040","2020-02-27","31.7801","-103.2018","855.6","WINK FAA AIRPORT, TX US","    0",",,W,2400",,,,,"  200",",,W","  -55",",,W","   28",",,W",,,,,,,,,,,,,"  280",",,W","  290",",,W",,,"   72",",,W","   98",",,W",,,,,,,,,,,,,,,,,,,,,,,,,,,,,,,,,,,,,,,,,,,,,,,,
"USW00023040","2020-02-28","31.7801","-103.2018","855.6","WINK FAA AIRPORT, TX US","    0",",,W,2400",,,,,"  206",",,W","  -27",",,W","   26",",,W",,,,,,,,,,,,,"  140",",,W","  250",",,W",,,"   58",",,W","   72",",,W",,,,,,,,,,,,,,,,,,,,,,,,,,,,,,,,,,,,,,,,,,,,,,,,
"USW00023040","2020-02-29","31.7801","-103.2018","855.6","WINK FAA AIRPORT, TX US","    0",",,W,2400","    0",",,H","    0",",,H","  256",",,W","   78",",,W","   44",",,W",,,,,,,,,,,,,"  290",",,W","  280",",,W",,,"   76",",,W","   98",",,W",,,,,,,,,,,,,,,,,,,,,,,,,,,,,,,,,,,,,,,,,,,,,,,,
"USW00023040","2020-03-01","31.7801","-103.2018","855.6","WINK FAA AIRPORT, TX US","    0",",,W,2400",,,,,"  228",",,W","   67",",,W","   47",",,W",,,,,,,,,,,,,"  270",",,W","  270",",,W",,,"  116",",,W","  148",",,W",,,,,,,,,,,,,,,,,,,,,,,,,,,,,,,,,,,,,,,,,,,,,,,,
"USW00023040","2020-03-02","31.7801","-103.2018","855.6","WINK FAA AIRPORT, TX US","    0",",,W,2400","    0",",,H","    0",",,H","  233",",,W","  117",",,W","   33",",,W",,,,,,,,,,,,,"  200",",,W","  240",",,W",,,"   81",",,W","  103",",,W",,,,,,,,,,,,,,,,,,,,,,,,,,,,,,,,,,,,,,,,,,,,,,,,
"USW00023040","2020-03-03","31.7801","-103.2018","855.6","WINK FAA AIRPORT, TX US","  251",",,W,2400","    0",",,H","    0",",,H","  161",",,W","  106",",,W","   35",",,W",,,,,,,,,,,,,"   90",",,W","  200",",,W",,,"  103",",,W","  121",",,W",,,,,,,,,,,,,,,,,,,,,,,,,,,,,,,,,,,,,,,,,,,,,,,,
"USW00023040","2020-03-04","31.7801","-103.2018","855.6","WINK FAA AIRPORT, TX US","  142",",,W,2400","    0",",,H","    0",",,H","  122",",,W","   44",",,W","   52",",,W",,,,,,,,,,,,,"   30",",,W","   30",",,W",,,"  157",",,W","  192",",,W","    1",",,W",,,,,,,,,,,,,,,,,,,,,,,,,,,,,,,,,,,,,,,,,,,,,,
"USW00023040","2020-03-05","31.7801","-103.2018","855.6","WINK FAA AIRPORT, TX US","    0",",,W,2400",,,,,"  222",",,W","    6",",,W","   27",",,W",,,,,,,,,,,,,"   40",",,W","   20",",,W",,,"   72",",,W","   89",",,W","    1",",,W","    1",",,W",,,,,,,,,,,,,,,,,,,,,,,,,,,,,,,,,,,,,,,,,,,,
"USW00023040","2020-03-06","31.7801","-103.2018","855.6","WINK FAA AIRPORT, TX US","    0",",,W,2400",,,,,"  206",",,W","   56",",,W","   49",",,W",,,,,,,,,,,,,"  140",",,W","  130",",,W",,,"  125",",,W","  152",",,W",,,,,,,,,,,,,,,,,,,,,,,,,,,,,,,,,,,,,,,,,,,,,,,,
"USW00023040","2020-03-07","31.7801","-103.2018","855.6","WINK FAA AIRPORT, TX US","    0",",,W,2400",,,,,"  239",",,W","   83",",,W","   66",",,W",,,,,,,,,,,,,"  130",",,W","  150",",,W",,,"  107",",,W","  130",",,W",,,,,,,,,,,,,,,,,,,,,,,,,,,,,,,,,,,,,,,,,,,,,,,,
"USW00023040","2020-03-08","31.7801","-103.2018","855.6","WINK FAA AIRPORT, TX US","    8",",,W,2400",,,,,"  189",",,W","  111",",,W","   78",",,W",,,,,,,,,,,,,"  130",",,W","  130",",,W",,,"  116",",,W","  157",",,W","    1",",,W",,,,,,,,,,,,,,,,,,,,,,,,,,,,,,,,,,,,,,,,,,,,,,
"USW00023040","2020-03-09","31.7801","-103.2018","855.6","WINK FAA AIRPORT, TX US","    3",",,W,2400",,,,,"  239",",,W","  100",",,W","   34",",,W",,,,,,,,,,,,,"  250",",,W","  270",",,W",,,"   89",",,W","  103",",,W",,,,,,,,,,,,,,,,,,,,,,,,,,,,,,,,,,,,,,,,,,,,,,,,
"USW00023040","2020-03-10","31.7801","-103.2018","855.6","WINK FAA AIRPORT, TX US","    0",",,W,2400",,,,,"  267",",,W","  100",",,W","   31",",,W",,,,,,,,,,,,,"  160",",,W","  180",",,W",,,"   72",",,W","  103",",,W","    1",",,W","    1",",,W",,,,,,,,,,,"    1",",,W",,,,,,,,,,,,,,,,,,,,,,,,,,,,,,,,
"USW00023040","2020-03-11","31.7801","-103.2018","855.6","WINK FAA AIRPORT, TX US","    0",",,W,2400",,,,,"  294",",,W","  106",",,W","   24",",,W",,,,,,,,,,,,,"  260",",,W","  270",",,W",,,"   63",",,W","   89",",,W","    1",",,W","    1",",,W",,,,,,,,,,,,,,,,,,,,,,,,,,,,,,,,,,,,,,,,,,,,
"USW00023040","2020-03-12","31.7801","-103.2018","855.6","WINK FAA AIRPORT, TX US","   43",",,W,2400",,,,,"  267",",,W","  156",",,W","   39",",,W",,,,,,,,,,,,,"   20",",,W","   20",",,W",,,"   89",",,W","  103",",,W","    1",",,W",,,"    1",",,W",,,,,,,,,,,,,,,,,,,,,,,,,,,,,,,,,,,,,,,,,,
"USW00023040","2020-03-13","31.7801","-103.2018","855.6","WINK FAA AIRPORT, TX US","   15",",,W,2400","    0",",,H","    0",",,H","  206",",,W","  133",",,W","   42",",,W",,,,,,,,,,,,,"  260",",,W","  270",",,W",,,"   98",",,W","  179",",,W","    1",",,W",,,"    1",",,W",,,,,,,,,,,,,,,,,,,,,,,,,,,,,,,,,,,,,,,,,,
"USW00023040","2020-03-14","31.7801","-103.2018","855.6","WINK FAA AIRPORT, TX US","    0",",,W,2400","    0",",,H","    0",",,H","  250",",,W","  128",",,W","   32",",,W",,,,,,,,,,,,,"  110",",,W","  100",",,W",,,"   72",",,W","   94",",,W","    1",",,W","    1",",,W",,,,,,,,,,,,,,,,,,,,,,,,,,,,,,,,,,,,,,,,,,,,
"USW00023040","2020-03-15","31.7801","-103.2018","855.6","WINK FAA AIRPORT, TX US","    0","T,,W,2400",,,,,"  156",",,W","  111",",,W","   57",",,W",,,,,,,,,,,,,"  100",",,W","  100",",,W",,,"  107",",,W","  125",",,W","    1",",,W",,,"    1",",,W",,,,,,,,,,,,,,,,,,,,,,,,,,,,,,,,,,,,,,,,,,
"USW00023040","2020-03-16","31.7801","-103.2018","855.6","WINK FAA AIRPORT, TX US","    0",",,W,2400",,,,,"  244",",,W","   94",",,W","   27",",,W",,,,,,,,,,,,,"  120",",,W","   30",",,W",,,"   63",",,W","   81",",,W","    1",",,W",,,,,,,,,,,,,,,,,,,,,,,,,,,,,,,,,,,,,,,,,,,,,,
"USW00023040","2020-03-17","31.7801","-103.2018","855.6","WINK FAA AIRPORT, TX US","    0",",,W,2400",,,,,"  233",",,W","  144",",,W","   38",",,W",,,,,,,,,,,,,"  250",",,W","  240",",,W",,,"   81",",,W","  107",",,W","    1",",,W",,,,,,,,,,,,,,,,,,,,,,,,,,,,,,,,,,,,,,,,,,,,,,
"USW00023040","2020-03-18","31.7801","-103.2018","855.6","WINK FAA AIRPORT, TX US","    5",",,W,2400",,,,,"  267",",,W","  111",",,W","   32",",,W",,,,,,,,,,,,,"  190",",,W","  190",",,W",,,"  139",",,W","  165",",,W","    1",",,W","    1",",,W",,,,,,,,,,,,,,,,,,,,,,,,,,,,,,,,,,,,,,,,,,,,
"USW00023040","2020-03-19","31.7801","-103.2018","855.6","WINK FAA AIRPORT, TX US","    0",",,W,2400",,,,,"  228",",,W","  117",",,W","   68",",,W",,,,,,,,,,,,,"  290",",,W","  290",",,W",,,"  134",",,W","  165",",,W",,,,,,,,,,,,,,,"    1",",,W",,,,,,,,,,,,,,,,,,,,,,,,,,,,,,,,
"USW00023040","2020-03-20","31.7801","-103.2018","855.6","WINK FAA AIRPORT, TX US","    0",",,W,2400",,,,,"  178",",,W","   61",",,W","   50",",,W",,,,,,,,,,,,,"   30",",,W","   40",",,W",,,"   98",",,W","  125",",,W",,,,,,,,,,,,,,,"    1",",,W",,,,,,,,,,,,,,,,,,,,,,,,,,,,,,,,
"USW00023040","2020-03-21","31.7801","-103.2018","855.6","WINK FAA AIRPORT, TX US","    0",",,W,2400",,,,,"   89",",,W","   56",",,W","   41",",,W",,,,,,,,,,,,,"   70",",,W","  100",",,W",,,"   72",",,W","   89",",,W","    1",",,W",,,,,,,,,,,,,"    1",",,W",,,,,,,,,,,,,,,,,,,,,,,,,,,,,,,,
"USW00023040","2020-03-22","31.7801","-103.2018","855.6","WINK FAA AIRPORT, TX US","    0",",,W,2400",,,,,"  256",",,W","   78",",,W","   26",",,W",,,,,,,,,,,,,"  130",",,W","  210",",,W",,,"   54",",,W","   76",",,W","    1",",,W",,,,,,,,,,,,,,,,,,,,,,,,,,,,,,,,,,,,,,,,,,,,,,
"USW00023040","2020-03-23","31.7801","-103.2018","855.6","WINK FAA AIRPORT, TX US","    0",",,W,2400",,,,,"  317",",,W","   67",",,W","   32",",,W",,,,,,,,,,,,,"  270",",,W","  260",",,W",,,"   94",",,W","  116",",,W","    1",",,W","    1",",,W",,,,,,,,,,,,,,,,,,,,,,,,,,,,,,,,,,,,,,,,,,,,
"USW00023040","2020-03-24","31.7801","-103.2018","855.6","WINK FAA AIRPORT, TX US","    0",",,W,2400",,,,,"  283",",,W","  100",",,W","   43",",,W",,,,,,,,,,,,,"  260",",,W","  270",",,W",,,"   94",",,W","  112",",,W",,,,,,,,,,,,,,,,,,,,,,,,,,,,,,,,,,,,,,,,,,,,,,,,
"USW00023040","2020-03-25","31.7801","-103.2018","855.6","WINK FAA AIRPORT, TX US","    0",",,W,2400",,,,,"  333",",,W","   94",",,W","   55",",,W",,,,,,,,,,,,,"  250",",,W","  260",",,W",,,"  125",",,W","  152",",,W",,,,,,,,,,,,,,,,,,,,,,,,,,,,,,,,,,,,,,,,,,,,,,,,
"USW00023040","2020-03-26","31.7801","-103.2018","855.6","WINK FAA AIRPORT, TX US","    0",",,W,2400",,,,,"  361",",,W","  100",",,W","   37",",,W",,,,,,,,,,,,,"  270",",,W","  240",",,W",,,"  107",",,W","  148",",,W",,,,,,,,,,,,,,,,,,,,,,,,,,,,,,,,,,,,,,,,,,,,,,,,
"USW00023040","2020-03-27","31.7801","-103.2018","855.6","WINK FAA AIRPORT, TX US","    0",",,W,2400",,,,,"  272",",,W","  139",",,W","   61",",,W",,,,,,,,,,,,,"  280",",,W","  290",",,W",,,"  139",",,W","  179",",,W",,,,,,,,,,,,,,,,,,,,,,,,,,,,,,,,,,,,,,,,,,,,,,,,
"USW00023040","2020-03-28","31.7801","-103.2018","855.6","WINK FAA AIRPORT, TX US","    0",",,W,2400",,,,,"  217",",,W","   50",",,W","   52",",,W",,,,,,,,,,,,,"  280",",,W","  270",",,W",,,"  107",",,W","  148",",,W",,,,,,,,,,,,,,,,,,,,,,,,,,,,,,,,,,,,,,,,,,,,,,,,
"USW00023040","2020-03-29","31.7801","-103.2018","855.6","WINK FAA AIRPORT, TX US","    0",",,W,2400",,,,,"  244",",,W","   28",",,W","   47",",,W",,,,,,,,,,,,,"  140",",,W","  140",",,W",,,"  103",",,W","  139",",,W",,,,,,,,,,,,,,,,,,,,,,,,,,,,,,,,,,,,,,,,,,,,,,,,
"USW00023040","2020-03-30","31.7801","-103.2018","855.6","WINK FAA AIRPORT, TX US","    0",",,W,2400",,,,,"  272",",,W","  122",",,W","   60",",,W",,,,,,,,,,,,,"  270",",,W","  270",",,W",,,"  165",",,W","  201",",,W",,,,,,,,,,,,,,,,,,,,,,,,,,,,,,,,,,,,,,,,,,,,,,,,
"USW00023040","2020-03-31","31.7801","-103.2018","855.6","WINK FAA AIRPORT, TX US","    0",",,W,2400",,,,,"  267",",,W","   39",",,W","   30",",,W",,,,,,,,,,,,,"  300",",,W","  180",",,W",,,"   58",",,W","   81",",,W",,,,,,,,,,,,,,,,,,,,,,,,,,,,,,,,,,,,,,,,,,,,,,,,
"USW00023040","2020-04-01","31.7801","-103.2018","855.6","WINK FAA AIRPORT, TX US","    0",",,D,2400",,,,,"  300",",,D","  139",",,D","   55",",,W",,,,,,,,,,,,,"  150",",,W","  210",",,W",,,"  103",",,W","  130",",,W",,,,,,,,,,,,,,,,,,,,,,,,,,,,,,,,,,,,,,,,,,,,,,,,
"USW00023040","2020-04-02","31.7801","-103.2018","855.6","WINK FAA AIRPORT, TX US","    0",",,D,2400",,,,,"  306",",,D","  117",",,D","   53",",,W",,,,,,,,,,,,,"  270",",,W","  280",",,W",,,"  125",",,W","  152",",,W",,,,,,,,,,,,,,,,,,,,,,,,,,,,,,,,,,,,,,,,,,,,,,,,
"USW00023040","2020-04-03","31.7801","-103.2018","855.6","WINK FAA AIRPORT, TX US","    0",",,D,2400",,,,,"  194",",,D","   50",",,D","   58",",,W",,,,,,,,,,,,,"   20",",,W","   20",",,W",,,"  130",",,W","  161",",,W",,,,,,,,,,,,,,,,,,,,,,,,,,,,,,,,,,,,,,,,,,,,,,,,
"USW00023040","2020-04-04","31.7801","-103.2018","855.6","WINK FAA AIRPORT, TX US","    0",",,D,2400",,,,,"  139",",,D","   56",",,D","   40",",,W",,,,,,,,,,,,,"   60",",,W","   70",",,W",,,"   67",",,W","   85",",,W","    1",",,W",,,,,,,,,,,,,"    1",",,W",,,,,,,,,,,,,,,,,,,,,,,,,,,,,,,,
"USW00023040","2020-04-05","31.7801","-103.2018","855.6","WINK FAA AIRPORT, TX US","    0",",,D,2400",,,,,"  272",",,D","   61",",,D","   45",",,W",,,,,,,,,,,,,"  130",",,W","  130",",,W",,,"  103",",,W","  130",",,W","    1",",,W",,,,,,,,,,,,,,,,,,,,,,,,,,,,,,,,,,,,,,,,,,,,,,
"USW00023040","2020-04-06","31.7801","-103.2018","855.6","WINK FAA AIRPORT, TX US","    0",",,D,2400","    0",",,D","    0",",,D","  267",",,D","  150",",,D","   34",",,W",,,,,,,,,,,,,"  140",",,W","  140",",,W",,,"   98",",,W","  121",",,W",,,,,,,,,,,,,,,,,,,,,,,,,,,,,,,,,,,,,,,,,,,,,,,,
"USW00023040","2020-04-07","31.7801","-103.2018","855.6","WINK FAA AIRPORT, TX US","    0",",,D,2400","    0",",,D","    0",",,D","  300",",,D","  150",",,D","   29",",,W",,,,,,,,,,,,,"  250",",,W","  230",",,W",,,"   67",",,W","   81",",,W",,,,,,,,,,,,,,,,,,,,,,,,,,,,,,,,,,,,,,,,,,,,,,,,
"USW00023040","2020-04-08","31.7801","-103.2018","855.6","WINK FAA AIRPORT, TX US","    0",",,D,2400","    0",",,D","    0",",,D","  311",",,D","  133",",,D","   38",",,W",,,,,,,,,,,,,"  270",",,W","  250",",,W",,,"   89",",,W","  112",",,W",,,,,,,,,,,,,,,,,,,,,,,,,,,,,,,,,,,,,,,,,,,,,,,,
"USW00023040","2020-04-09","31.7801","-103.2018","855.6","WINK FAA AIRPORT, TX US","    0",",,D,2400",,,,,"  272",",,D","  156",",,D","   31",",,W",,,,,,,,,,,,,"  230",",,W","  230",",,W",,,"   81",",,W","  112",",,W",,,,,,,,,,,,,,,,,,,,,,,,,,,,,,,,,,,,,,,,,,,,,,,,
"USW00023040","2020-04-10","31.7801","-103.2018","855.6","WINK FAA AIRPORT, TX US","    0",",,D,2400",,,,,"  261",",,D","  106",",,D","   44",",,W",,,,,,,,,,,,,"  110",",,W","  120",",,W",,,"   76",",,W","   94",",,W",,,,,"    1",",,W",,,,,,,,,,,,,,,,,,,,,,,,,,,,,,,,,,,,,,,,,,
"USW00023040","2020-04-11","31.7801","-103.2018","855.6","WINK FAA AIRPORT, TX US","    0",",,D,2400",,,,,"  300",",,D","  133",",,D","   36",",,W",,,,,,,,,,,,,"  260",",,W","  270",",,W",,,"   98",",,W","  130",",,W","    1",",,W",,,,,,,,,,,,,,,,,,,,,,,,,,,,,,,,,,,,,,,,,,,,,,
"USW00023040","2020-04-12","31.7801","-103.2018","855.6","WINK FAA AIRPORT, TX US","    0",",,D,2400",,,,,"  278",",,D","   94",",,D","   82",",,W",,,,,,,,,,,,,"  250",",,W","  260",",,W",,,"  174",",,W","  215",",,W",,,,,,,,,,,,,,,"    1",",,W",,,,,,,,,,,,,,,,,,,,,,,,,,,,,,,,
"USW00023040","2020-04-13","31.7801","-103.2018","855.6","WINK FAA AIRPORT, TX US","    0",",,D,2400",,,,,"  172",",,D","   22",",,D","   50",",,W",,,,,,,,,,,,,"   70",",,W","   60",",,W",,,"   98",",,W","  130",",,W",,,,,,,,,,,,,,,,,,,,,,,,,,,,,,,,,,,,,,,,,,,,,,,,
"USW00023040","2020-04-14","31.7801","-103.2018","855.6","WINK FAA AIRPORT, TX US","    0",",,D,2400","    0",",,D","    0",",,D","  156",",,D","   28",",,D","   47",",,W",,,,,,,,,,,,,"   70",",,W","   70",",,W",,,"   89",",,W","  116",",,W",,,,,,,,,,,,,,,,,,,,,,,,,,,,,,,,,,,,,,,,,,,,,,,,
"USW00023040","2020-04-15","31.7801","-103.2018","855.6","WINK FAA AIRPORT, TX US","    0",",,D,2400",,,,,"  244",",,D","   50",",,D","   52",",,W",,,,,,,,,,,,,"  170",",,W","  170",",,W",,,"   94",",,W","  121",",,W",,,,,,,,,,,,,,,,,,,,,,,,,,,,,,,,,,,,,,,,,,,,,,,,
"USW00023040","2020-04-16","31.7801","-103.2018","855.6","WINK FAA AIRPORT, TX US","    0",",,D,2400","    0",",,D","    0",",,D","  311",",,D","   89",",,D","   59",",,W",,,,,,,,,,,,,"  150",",,W","  150",",,W",,,"  125",",,W","  148",",,W",,,,,,,,,,,,,,,,,,,,,,,,,,,,,,,,,,,,,,,,,,,,,,,,
"USW00023040","2020-04-17","31.7801","-103.2018","855.6","WINK FAA AIRPORT, TX US","    0",",,D,2400","    0",",,D","    0",",,D","  178",",,D","   56",",,D","   46",",,W",,,,,,,,,,,,,"   20",",,W","   20",",,W",,,"  134",",,W","  174",",,W",,,,,,,,,,,,,,,,,,,,,,,,,,,,,,,,,,,,,,,,,,,,,,,,
"USW00023040","2020-04-18","31.7801","-103.2018","855.6","WINK FAA AIRPORT, TX US","    0",",,D,2400","    0",",,D","    0",",,D","  272",",,D","   33",",,D","   31",",,W",,,,,,,,,,,,,"  140",",,W","  140",",,W",,,"   72",",,W","   85",",,W","    1",",,W",,,,,,,,,,,,,"    1",",,W",,,,,,,,,,,,,,,,,,,,,,,,,,,,,,,,
"USW00023040","2020-04-19","31.7801","-103.2018","855.6","WINK FAA AIRPORT, TX US","    0",",,D,2400","    0",",,D","    0",",,D","  289",",,D","  128",",,D","   54",",,W",,,,,,,,,,,,,"  310",",,W","  290",",,W",,,"  112",",,W","  143",",,W",,,,,,,,,,,,,,,,,,,,,,,,,,,,,,,,,,,,,,,,,,,,,,,,
"USW00023040","2020-04-20","31.7801","-103.2018","855.6","WINK FAA AIRPORT, TX US","    0",",,D,2400","    0",",,D","    0",",,D","  311",",,D","  117",",,D","   45",",,W",,,,,,,,,,,,,"  260",",,W","  250",",,W",,,"   98",",,W","  139",",,W",,,,,,,,,,,,,,,,,,,,,,,,,,,,,,,,,,,,,,,,,,,,,,,,
"USW00023040","2020-04-21","31.7801","-103.2018","855.6","WINK FAA AIRPORT, TX US","    0",",,D,2400","    0",",,D","    0",",,D","  339",",,D","   83",",,D","   35",",,W",,,,,,,,,,,,,"  250",",,W","  250",",,W",,,"   98",",,W","  121",",,W",,,,,,,,,,,,,,,"    1",",,W",,,,,,,,,,,,,,,,,,,,,,,,,,,,,,,,
"USW00023040","2020-04-22","31.7801","-103.2018","855.6","WINK FAA AIRPORT, TX US","    0","T,,D,2400","    0",",,D","    0",",,D","  306",",,D","  161",",,D","   51",",,W",,,,,,,,,,,,,"  320",",,W","  280",",,W",,,"   98",",,W","  125",",,W",,,,,,,,,,,,,,,"    1",",,W",,,,,,,,,,,,,,,,,,,,,,,,,,,,,,,,
"USW00023040","2020-04-23","31.7801","-103.2018","855.6","WINK FAA AIRPORT, TX US","    0",",,D,2400",,,,,"  317",",,D","  100",",,D","   44",",,W",,,,,,,,,,,,,"  270",",,W","  300",",,W",,,"  125",",,W","  161",",,W",,,,,,,,,,,,,,,,,,,,,,,,,,,,,,,,,,,,,,,,,,,,,,,,
"USW00023040","2020-04-24","31.7801","-103.2018","855.6","WINK FAA AIRPORT, TX US","    0",",,D,2400",,,,,"  333",",,D","  139",",,D","   51",",,W",,,,,,,,,,,,,"  340",",,W","  330",",,W",,,"  125",",,W","  157",",,W",,,,,,,,,,,,,,,,,,,,,,,,,,,,,,,,,,,,,,,,,,,,,,,,
"USW00023040","2020-04-25","31.7801","-103.2018","855.6","WINK FAA AIRPORT, TX US","    0",",,D,2400",,,,,"  272",",,D","  100",",,D","   37",",,W",,,,,,,,,,,,,"  110",",,W","   70",",,W",,,"   72",",,W","   98",",,W",,,,,,,,,,,,,,,,,,,,,,,,,,,,,,,,,,,,,,,,,,,,,,,,
"USW00023040","2020-04-26","31.7801","-103.2018","855.6","WINK FAA AIRPORT, TX US","    0",",,D,2400",,,,,"  339",",,D","  128",",,D","   73",",,W",,,,,,,,,,,,,"  140",",,W","  160",",,W",,,"  116",",,W","  148",",,W",,,,,,,,,,,,,,,,,,,,,,,,,,,,,,,,,,,,,,,,,,,,,,,,
"USW00023040","2020-04-27","31.7801","-103.2018","855.6","WINK FAA AIRPORT, TX US","    0",",,D,2400",,,,,"  378",",,D","  178",",,D","   49",",,W",,,,,,,,,,,,,"  150",",,W","  140",",,W",,,"   94",",,W","  121",",,W",,,,,,,,,,,,,,,,,,,,,,,,,,,,,,,,,,,,,,,,,,,,,,,,
"USW00023040","2020-04-28","31.7801","-103.2018","855.6","WINK FAA AIRPORT, TX US","    0",",,D,2400",,,,,"  372",",,D","  150",",,D","   40",",,W",,,,,,,,,,,,,"  310",",,W","  290",",,W",,,"  103",",,W","  143",",,W",,,,,,,,,,,,,,,,,,,,,,,,,,,,,,,,,,,,,,,,,,,,,,,,
"USW00023040","2020-04-29","31.7801","-103.2018","855.6","WINK FAA AIRPORT, TX US","    0",",,D,2400",,,,,"  289",",,D","  167",",,D","   54",",,W",,,,,,,,,,,,,"   60",",,W","   50",",,W",,,"  125",",,W","  179",",,W",,,,,,,,,,,,,,,,,,,,,,,,,,,,,,,,,,,,,,,,,,,,,,,,
"USW00023040","2020-04-30","31.7801","-103.2018","855.6","WINK FAA AIRPORT, TX US","    0",",,D,2400",,,,,"  344",",,D","   83",",,D","   35",",,W",,,,,,,,,,,,,"  150",",,W","  150",",,W",,,"   76",",,W","  103",",,W",,,,,,,,,,,,,,,,,,,,,,,,,,,,,,,,,,,,,,,,,,,,,,,,
"USW00023040","2020-05-01","31.7801","-103.2018","855.6","WINK FAA AIRPORT, TX US",,,,,,,"  400",",,D","  183",",,D","   44",",,W",,,,,,,,,,,,,"  170",",,W","  170",",,W",,,"  107",",,W","  130",",,W",,,,,,,,,,,,,,,,,,,,,,,,,,,,,,,,,,,,,,,,,,,,,,,,
"USW00023040","2020-05-02","31.7801","-103.2018","855.6","WINK FAA AIRPORT, TX US","    0",",,D,2400",,,,,"  394",",,D","  156",",,D","   39",",,W",,,,,,,,,,,,,"  180",",,W","  180",",,W",,,"  103",",,W","  130",",,W",,,,,,,,,,,,,,,,,,,,,,,,,,,,,,,,,,,,,,,,,,,,,,,,
"USW00023040","2020-05-03","31.7801","-103.2018","855.6","WINK FAA AIRPORT, TX US","    0",",,D,2400",,,,,"  389",",,D","  167",",,D","   22",",,W",,,,,,,,,,,,,"  110",",,W","  260",",,W",,,"   67",",,W","   89",",,W",,,,,,,,,,,,,,,,,,,,,,,,,,,,,,,,,,,,,,,,,,,,,,,,
"USW00023040","2020-05-04","31.7801","-103.2018","855.6","WINK FAA AIRPORT, TX US","    0",",,D,2400",,,,,"  389",",,D","  150",",,D","   45",",,W",,,,,,,,,,,,,"  280",",,W","  240",",,W",,,"  107",",,W","  152",",,W",,,,,,,,,,,,,,,,,,,,,,,,,,,,,,,,,,,,,,,,,,,,,,,,
"USW00023040","2020-05-05","31.7801","-103.2018","855.6","WINK FAA AIRPORT, TX US","    0",",,D,2400",,,,,"  289",",,D","  178",",,D","   75",",,W",,,,,,,,,,,,,"   50",",,W","   50",",,W",,,"  157",",,W","  201",",,W",,,,,,,,,,,,,,,,,,,,,,,,,,,,,,,,,,,,,,,,,,,,,,,,
"USW00023040","2020-05-06","31.7801","-103.2018","855.6","WINK FAA AIRPORT, TX US","    0",",,D,2400",,,,,"  322",",,D","  133",",,D","   53",",,W",,,,,,,,,,,,,"  150",",,W","  170",",,W",,,"   98",",,W","  125",",,W",,,,,,,,,,,,,,,,,,,,,,,,,,,,,,,,,,,,,,,,,,,,,,,,
"USW00023040","2020-05-07","31.7801","-103.2018","855.6","WINK FAA AIRPORT, TX US","    0",",,D,2400",,,,,"  406",",,D","  183",",,D","   71",",,W",,,,,,,,,,,,,"  260",",,W","  280",",,W",,,"  125",",,W","  165",",,W",,,,,,,,,,,,,,,,,,,,,,,,,,,,,,,,,,,,,,,,,,,,,,,,
"USW00023040","2020-05-08","31.7801","-103.2018","855.6","WINK FAA AIRPORT, TX US","    0",",,D,2400",,,,,"  261",",,D","  139",",,D","   73",",,W",,,,,,,,,,,,,"   30",",,W","   30",",,W",,,"  201",",,W","  246",",,W",,,,,,,,,,,,,,,"    1",",,W",,,,,,,,,,,,,,,,,,,,,,,,,,,,,,,,
"USW00023040","2020-05-09","31.7801","-103.2018","855.6","WINK FAA AIRPORT, TX US","    0",",,D,2400",,,,,"  300",",,D","  106",",,D","   50",",,W",,,,,,,,,,,,,"  140",",,W","  120",",,W",,,"   81",",,W","  103",",,W",,,,,,,,,,,,,,,,,,,,,,,,,,,,,,,,,,,,,,,,,,,,,,,,
"USW00023040","2020-05-10","31.7801","-103.2018","855.6","WINK FAA AIRPORT, TX US","    0",",,D,2400",,,,,"  278",",,D","  156",",,D","   62",",,W",,,,,,,,,,,,,"  140",",,W","  140",",,W",,,"  143",",,W","  174",",,W",,,,,,,,,,,,,,,,,,,,,,,,,,,,,,,,,,,,,,,,,,,,,,,,
"USW00023040","2020-05-11","31.7801","-103.2018","855.6","WINK FAA AIRPORT, TX US","  124",",,D,2400",,,,,"  311",",,D","  156",",,D","   64",",,W",,,,,,,,,,,,,"  170",",,W","  320",",,W",,,"  139",",,W","  201",",,W","    1",",,W",,,"    1",",,W",,,,,,,,,"    1",",,W",,,,,,,,,,,,,,,,,,,,,,,,,,,,,,,,
"USW00023040","2020-05-12","31.7801","-103.2018","855.6","WINK FAA AIRPORT, TX US","    0",",,D,2400","    0",",,D","    0",",,D","  333",",,D","  144",",,D","   34",",,W",,,,,,,,,,,,,"  140",",,W","  140",",,W",,,"   81",",,W","  103",",,W",,,,,,,,,,,,,,,,,,,,,,,,,,,,,,,,,,,,,,,,,,,,,,,,
"USW00023040","2020-05-13","31.7801","-103.2018","855.6","WINK FAA AIRPORT, TX US","    0",",,D,2400",,,,,"  350",",,D","  206",",,D","   63",",,W",,,,,,," 0727",",,W",,,,,"  230",",,W","  230",",,W",,,"  130",",,W","  174",",,W",,,,,,,,,,,,,,,,,,,,,,,,,,,,,,,,,,,,,,,,,,,,,,,,
"USW00023040","2020-05-14","31.7801","-103.2018","855.6","WINK FAA AIRPORT, TX US","    0",",,D,2400","    0",",,D","    0",",,D","  356",",,D","  172",",,D","   32",",,W",,,,,,,,,,,,,"  220",",,W","  200",",,W",,,"   94",",,W","  130",",,W","    1",",,W",,,,,,,,,,,,,,,,,,,,,,,,,,,,,,,,,,,,,,,,,,,,,,
"USW00023040","2020-05-15","31.7801","-103.2018","855.6","WINK FAA AIRPORT, TX US","    0",",,D,2400","    0",",,D","    0",",,D","  350",",,D","  183",",,D","   45",",,W",,,,,,,,,,,,,"  130",",,W","   60",",,W",,,"  112",",,W","  143",",,W",,,,,,,,,,,,,,,"    1",",,W",,,,,,,,,,,,,,,,,,,,,,,,,,,,,,,,
"USW00023040","2020-05-16","31.7801","-103.2018","855.6","WINK FAA AIRPORT, TX US","    0",",,D,2400",,,,,"  317",",,D","  150",",,D","   39",",,W",,,,,,,,,,,,,"   60",",,W","   60",",,W",,,"   94",",,W","  125",",,W",,,,,,,,,,,,,,,,,,,,,,,,,,,,,,,,,,,,,,,,,,,,,,,,
"USW00023040","2020-05-17","31.7801","-103.2018","855.6","WINK FAA AIRPORT, TX US","    0",",,D,2400","    0",",,D","    0",",,D","  339",",,D","  172",",,D","   52",",,W",,,,,,,,,,,,,"  130",",,W","  140",",,W",,,"   98",",,W","  116",",,W",,,,,,,,,,,,,,,,,,,,,,,,,,,,,,,,,,,,,,,,,,,,,,,,
"USW00023040","2020-05-18","31.7801","-103.2018","855.6","WINK FAA AIRPORT, TX US",,,,,,,"  394",",,D","  183",",,D","   39",",,W",,,,,,,,,,,,,"  150",",,W","  150",",,W",,,"   94",",,W","  116",",,W",,,,,,,,,,,,,,,,,,,,,,,,,,,,,,,,,,,,,,,,,,,,,,,,
"USW00023040","2020-05-19","31.7801","-103.2018","855.6","WINK FAA AIRPORT, TX US","    5",",,D,2400","    0",",,D","    0",",,D","  406",",,D","  211",",,D","   47",",,W",,,,,,,,,,,,,"  210",",,W","  210",",,W",,,"  201",",,W","  304",",,W",,,,,"    1",",,W",,,,,,,,,"    1",",,W",,,,,,,,,,,,,,,,,,,,,,,,,,,,,,,,
"USW00023040","2020-05-20","31.7801","-103.2018","855.6","WINK FAA AIRPORT, TX US","    0",",,D,2400","    0",",,D","    0",",,D","  378",",,D","  206",",,D","   32",",,W",,,,,,,,,,,,,"  270",",,W","  270",",,W",,,"   89",",,W","  112",",,W",,,,,,,,,,,,,,,,,,,,,,,,,,,,,,,,,,,,,,,,,,,,,,,,
"USW00023040","2020-05-21","31.7801","-103.2018","855.6","WINK FAA AIRPORT, TX US","    0",",,D,2400","    0",",,D","    0",",,D","  361",",,D","  178",",,D","   54",",,W",,,,,,,,,,,,,"  260",",,W","  260",",,W",,,"  103",",,W","  134",",,W",,,,,,,,,,,,,,,,,,,,,,,,,,,,,,,,,,,,,,,,,,,,,,,,
"USW00023040","2020-05-22","31.7801","-103.2018","855.6","WINK FAA AIRPORT, TX US","    0",",,D,2400","    0",",,D","    0",",,D","  356",",,D","  150",",,D","   30",",,W",,,,,,,,,,,,,"  250",",,W","  240",",,W",,,"   72",",,W","   98",",,W",,,,,,,,,,,,,,,,,,,,,,,,,,,,,,,,,,,,,,,,,,,,,,,,
"USW00023040","2020-05-23","31.7801","-103.2018","855.6","WINK FAA AIRPORT, TX US","    0",",,D,2400","    0",",,D","    0",",,D","  372",",,D","  172",",,D","   57",",,W",,,,,,,,,,,,,"  160",",,W","  140",",,W",,,"  134",",,W","  170",",,W",,,,,,,,,,,,,,,,,,,,,,,,,,,,,,,,,,,,,,,,,,,,,,,,
"USW00023040","2020-05-24","31.7801","-103.2018","855.6","WINK FAA AIRPORT, TX US","    0",",,D,2400","    0",",,D","    0",",,D","  367",",,D","  189",",,D","   52",",,W",,,,,,,,,,,,,"  160",",,W","  160",",,W",,,"  112",",,W","  139",",,W",,,,,,,,,,,,,,,,,,,,,,,,,,,,,,,,,,,,,,,,,,,,,,,,
"USW00023040","2020-05-25","31.7801","-103.2018","855.6","WINK FAA AIRPORT, TX US","    0",",,D,2400",,,,,"  256",",,D","  150",",,D","   62",",,W",,,,,,,,,,,,,"   20",",,W","   30",",,W",,,"  130",",,W","  157",",,W",,,,,,,,,,,,,,,,,,,,,,,,,,,,,,,,,,,,,,,,,,,,,,,,
"USW00023040","2020-05-26","31.7801","-103.2018","855.6","WINK FAA AIRPORT, TX US","    0",",,D,2400",,,,,"  300",",,D","  117",",,D","   25",",,W",,,,,,,,,,,,,"  240",",,W","  230",",,W",,,"   63",",,W","   81",",,W",,,,,,,,,,,,,,,"    1",",,W",,,,,,,,,,,,,,,,,,,,,,,,,,,,,,,,
"USW00023040","2020-05-27","31.7801","-103.2018","855.6","WINK FAA AIRPORT, TX US","    0",",,D,2400",,,,,"  372",",,D","  172",",,D","   40",",,W",,,,,,,,,,,,,"   70",",,W","   60",",,W",,,"   76",",,W","   98",",,W",,,,,,,,,,,,,,,,,,,,,,,,,,,,,,,,,,,,,,,,,,,,,,,,
"USW00023040","2020-05-28","31.7801","-103.2018","855.6","WINK FAA AIRPORT, TX US","    0",",,D,2400",,,,,"  339",",,D","  183",",,D","   47",",,W",,,,,,,,,,,,,"   60",",,W","   40",",,W",,,"  107",",,W","  165",",,W",,,,,,,,,,,,,,,,,,,,,,,,,,,,,,,,,,,,,,,,,,,,,,,,
"USW00023040","2020-05-29","31.7801","-103.2018","855.6","WINK FAA AIRPORT, TX US","    0",",,D,2400",,,,,"  328",",,D","  144",",,D","   43",",,W",,,,,,,,,,,,,"  120",",,W","  130",",,W",,,"   89",",,W","  116",",,W",,,,,,,,,,,,,,,,,,,,,,,,,,,,,,,,,,,,,,,,,,,,,,,,
"USW00023040","2020-05-30","31.7801","-103.2018","855.6","WINK FAA AIRPORT, TX US","    0",",,D,2400",,,,,"  328",",,D","  178",",,D","   53",",,W",,,,,,,,,,,,,"  130",",,W","  150",",,W",,,"   98",",,W","  125",",,W",,,,,,,,,,,,,,,,,,,,,,,,,,,,,,,,,,,,,,,,,,,,,,,,
"USW00023040","2020-05-31","31.7801","-103.2018","855.6","WINK FAA AIRPORT, TX US","    0",",,D,2400",,,,,"  317",",,D","  167",",,D","   50",",,W",,,,,,,,,,,,,"  130",",,W","  130",",,W",,,"   94",",,W","  125",",,W",,,,,,,,,,,,,,,,,,,,,,,,,,,,,,,,,,,,,,,,,,,,,,,,
"USW00023040","2020-06-01","31.7801","-103.2018","855.6","WINK FAA AIRPORT, TX US","    0",",,D,2400",,,,,"  317",",,D","  189",",,D","   53",",,W",,,,,,,,,,,,,"  110",",,W","  110",",,W",,,"  116",",,W","  139",",,W",,,,,,,,,,,,,,,,,,,,,,,,,,,,,,,,,,,,,,,,,,,,,,,,
"USW00023040","2020-06-02","31.7801","-103.2018","855.6","WINK FAA AIRPORT, TX US","    0",",,D,2400",,,,,"  350",",,D","  189",",,D","   48",",,W",,,,,,,,,,,,,"  140",",,W","  140",",,W",,,"   89",",,W","  116",",,W",,,,,,,,,,,,,,,,,,,,,,,,,,,,,,,,,,,,,,,,,,,,,,,,
"USW00023040","2020-06-03","31.7801","-103.2018","855.6","WINK FAA AIRPORT, TX US","    0",",,D,2400",,,,,"  367",",,D","  206",",,D","   43",",,W",,,,,,," 0004",",,W",,,,,"  140",",,W","  150",",,W",,,"   89",",,W","  112",",,W",,,,,,,,,,,,,,,,,,,,,,,,,,,,,,,,,,,,,,,,,,,,,,,,
