"STATION","DATE","LATITUDE","LONGITUDE","ELEVATION","NAME","PRCP","PRCP_ATTRIBUTES","SNOW","SNOW_ATTRIBUTES","SNWD","SNWD_ATTRIBUTES","TMAX","TMAX_ATTRIBUTES","TMIN","TMIN_ATTRIBUTES","AWND","AWND_ATTRIBUTES","FMTM","FMTM_ATTRIBUTES","PGTM","PGTM_ATTRIBUTES","PSUN","PSUN_ATTRIBUTES","TAVG","TAVG_ATTRIBUTES","TSUN","TSUN_ATTRIBUTES","WDF2","WDF2_ATTRIBUTES","WDF5","WDF5_ATTRIBUTES","WSF2","WSF2_ATTRIBUTES","WSF5","WSF5_ATTRIBUTES","WT01","WT01_ATTRIBUTES","WT02","WT02_ATTRIBUTES","WT03","WT03_ATTRIBUTES","WT06","WT06_ATTRIBUTES","WT08","WT08_ATTRIBUTES","WT11","WT11_ATTRIBUTES","WT13","WT13_ATTRIBUTES","WT16","WT16_ATTRIBUTES","WT17","WT17_ATTRIBUTES","WT18","WT18_ATTRIBUTES","WT19","WT19_ATTRIBUTES","WT22","WT22_ATTRIBUTES"
"USW00094119","2018-06-30","47.9742","-117.4292","667.8","DEER PARK AIRPORT, WA US","    3",",,W,2400",,,,,"  217",",,W","   50",",,W","   32",",,W",,,,,,,"  154","H,,S",,,"  240",",,W","  240",",,W","   94",",,W","  121",",,W","    1",",,W","    1",",,W",,,,,,,,,,,,,,,,,,,,
"USW00094119","2018-07-01","47.9742","-117.4292","667.8","DEER PARK AIRPORT, WA US","    0",",,W,2400",,,,,"  244",",,W","   56",",,W","   50",",,W",,,,,,,"  158","H,,S",,,"  220",",,W","  180",",,W","   98",",,W","  130",",,W",,,,,,,,,,,,,,,,,,,,,,,,
"USW00094119","2018-07-02","47.9742","-117.4292","667.8","DEER PARK AIRPORT, WA US","   10",",,W,2400",,,,,"  200",",,W","   72",",,W","   34",",,W",,,,,,,"  152","H,,S",,,"  290",",,W","  290",",,W","   98",",,W","  148",",,W",,,,,,,,,,,,,,,,,,,,,,,,
"USW00094119","2018-07-03","47.9742","-117.4292","667.8","DEER PARK AIRPORT, WA US","    0",",,W,2400",,,,,"  189",",,W","   11",",,W","   14",",,W",,,,,,,"  115","H,,S",,,"  190",",,W","  220",",,W","   54",",,W","   67",",,W","    1",",,W","    1",",,W",,,,,,,,,,,,,,,,,,,,
"USW00094119","2018-07-04","47.9742","-117.4292","667.8","DEER PARK AIRPORT, WA US","    0",",,W,2400",,,,,"  267",",,W","   56",",,W","   47",",,W",,,,,,,"  155","H,,S",,,"   50",",,W","   40",",,W","   89",",,W","  116",",,W",,,,,,,,,,,,,,,,,,,,,,,,
"USW00094119","2018-07-05","47.9742","-117.4292","667.8","DEER PARK AIRPORT, WA US","    0",",,W,2400",,,,,"  333",",,W","  133",",,W","   38",",,W",,,,,,,"  232","H,,S",,,"   30",",,W","   40",",,W","   98",",,W","  121",",,W","    1",",,W",,,,,,,"    1",",,W",,,,,,,,,,,,,,
"USW00094119","2018-07-06","47.9742","-117.4292","667.8","DEER PARK AIRPORT, WA US","    0","T,,W,2400",,,,,"  311",",,W","   94",",,W","   47",",,W",,,,,,,"  213","H,,S",,,"  260",",,W","  260",",,W","  130",",,W","  192",",,W",,,,,"    1",",,W",,,,,,,,,,,,,,,,,,
"USW00094119","2018-07-07","47.9742","-117.4292","667.8","DEER PARK AIRPORT, WA US","    5",",,W,2400",,,,,"  261",",,W","   67",",,W","   40",",,W",,,,,,,"  203","H,,S",,,"  220",",,W","  210",",,W","   94",",,W","  121",",,W",,,,,,,,,,,,,,,,,,,,,,,,
"USW00094119","2018-07-08","47.9742","-117.4292","667.8","DEER PARK AIRPORT, WA US","    0",",,W,2400",,,,,"  294",",,W","   39",",,W","   16",",,W",,,,,,,"  176","H,,S",,,"  240",",,W","  260",",,W","   58",",,W","   72",",,W",,,,,,,,,,,,,,,,,,,,,,,,
"USW00094119","2018-07-09","47.9742","-117.4292","667.8","DEER PARK AIRPORT, WA US","    0",",,W,2400",,,,,"  328",",,W","   61",",,W","   15",",,W",,,,,,,"  205","H,,S",,,"  270",",,W","  200",",,W","   54",",,W","   67",",,W",,,,,,,,,,,,,,,,,,,,,,,,
"USW00094119","2018-07-10","47.9742","-117.4292","667.8","DEER PARK AIRPORT, WA US","    8",",,W,2400",,,,,"  250",",,W","   89",",,W","   38",",,W",,,,,,,"  199","H,,S",,,"  180",",,W","  180",",,W","   89",",,W","  121",",,W",,,,,"    1",",,W",,,,,,,,,,,,,,,,,,
"USW00094119","2018-07-11","47.9742","-117.4292","667.8","DEER PARK AIRPORT, WA US","    0",",,W,2400",,,,,"  283",",,W","   67",",,W","   13",",,W",,,,,,,"  181","H,,S",,,"  280",",,W","  290",",,W","   45",",,W","   67",",,W",,,,,,,,,,,,,,,,,,,,,,,,
"USW00094119","2018-07-12","47.9742","-117.4292","667.8","DEER PARK AIRPORT, WA US","    0",",,W,2400",,,,,"  311",",,W","   72",",,W","   12",",,W",,,,,,,"  203","H,,S",,,"  180",",,W","  340",",,W","   54",",,W","   85",",,W",,,,,,,,,,,,,,,,,,,,,,,,
"USW00094119","2018-07-13","47.9742","-117.4292","667.8","DEER PARK AIRPORT, WA US","    0",",,W,2400",,,,,"  356",",,W","   94",",,W","   34",",,W",,,,,,,"  224","H,,S",,,"  210",",,W","  220",",,W","  103",",,W","  143",",,W",,,,,,,,,"    1",",,W",,,,,,,,,,,,,,
"USW00094119","2018-07-14","47.9742","-117.4292","667.8","DEER PARK AIRPORT, WA US","    0",",,W,2400",,,,,"  317",",,W","   78",",,W","   27",",,W",,,,,,,"  234","H,,S",,,"  280",",,W","  280",",,W","   72",",,W","  103",",,W",,,,,,,,,"    1",",,W",,,,,,,,,,,,,,
"USW00094119","2018-07-15","47.9742","-117.4292","667.8","DEER PARK AIRPORT, WA US","    0",",,W,2400",,,,,"  333",",,W","   56",",,W","   10",",,W",,,,,,,"  206","H,,S",,,"  290",",,W","  280",",,W","   45",",,W","   63",",,W",,,,,,,,,,,,,,,,,,,,,,,,
"USW00094119","2018-07-16","47.9742","-117.4292","667.8","DEER PARK AIRPORT, WA US","    0",",,W,2400",,,,,"  356",",,W","   67",",,W","   13",",,W",,,,,,,"  220","H,,S",,,"  200",",,W","  160",",,W","   54",",,W","   94",",,W",,,,,,,,,"    1",",,W",,,,,,,,,,,,,,
"USW00094119","2018-07-17","47.9742","-117.4292","667.8","DEER PARK AIRPORT, WA US","    0",",,W,2400",,,,,"  361",",,W","   94",",,W","   17",",,W",,,,,,,"  237","H,,S",,,"  200",",,W","  170",",,W","   76",",,W","  112",",,W",,,,,,,,,"    1",",,W",,,,,,,,,,,,,,
"USW00094119","2018-07-18","47.9742","-117.4292","667.8","DEER PARK AIRPORT, WA US","    0",",,W,2400",,,,,"  322",",,W","  111",",,W","   35",",,W",,,,,,,"  231","H,,S",,,"  190",",,W","  200",",,W","   76",",,W","  103",",,W",,,,,,,,,,,,,,,,,,,,,,,,
"USW00094119","2018-07-19","47.9742","-117.4292","667.8","DEER PARK AIRPORT, WA US","    0",",,W,2400",,,,,"  311",",,W","  111",",,W","   33",",,W",,,,,,,"  233","H,,S",,,"  190",",,W","  190",",,W","   98",",,W","  116",",,W",,,,,,,,,,,,,,,,,,,,,,,,
"USW00094119","2018-07-20","47.9742","-117.4292","667.8","DEER PARK AIRPORT, WA US","    0",",,W,2400",,,,,"  278",",,W","   83",",,W","   35",",,W",,,,,,,"  199","H,,S",,,"  240",",,W","  180",",,W","   81",",,W","  107",",,W",,,,,,,,,"    1",",,W",,,,,,,,,,,,,,
"USW00094119","2018-07-21","47.9742","-117.4292","667.8","DEER PARK AIRPORT, WA US","    0",",,W,2400",,,,,"  272",",,W","   39",",,W","   21",",,W",,,,,,,"  175","H,,S",,,"  250",",,W","  200",",,W","   72",",,W","  112",",,W",,,,,,,,,,,,,,,,,,,,,,,,
"USW00094119","2018-07-22","47.9742","-117.4292","667.8","DEER PARK AIRPORT, WA US","    0",",,W,2400",,,,,"  294",",,W","   61",",,W","   19",",,W",,,,,,,"  185","H,,S",,,"  250",",,W","  280",",,W","   45",",,W","   67",",,W",,,,,,,,,,,,,,,,,,,,,,,,
"USW00094119","2018-07-23","47.9742","-117.4292","667.8","DEER PARK AIRPORT, WA US","    0",",,W,2400",,,,,"  328",",,W","   67",",,W","   14",",,W",,,,,,,"  201","H,,S",,,"  270",",,W","  270",",,W","   54",",,W","   63",",,W",,,,,,,,,,,,,,,,,,,,,,,,
"USW00094119","2018-07-24","47.9742","-117.4292","667.8","DEER PARK AIRPORT, WA US","    0",",,W,2400",,,,,"  344",",,W","   72",",,W","   17",",,W",,,,,,,"  217","H,,S",,,"  250",",,W","  250",",,W","   58",",,W","  103",",,W",,,,,,,,,,,,,,,,,,,,,,,,
"USW00094119","2018-07-25","47.9742","-117.4292","667.8","DEER PARK AIRPORT, WA US","    0",",,W,2400",,,,,"  344",",,W","  111",",,W","   26",",,W",,,,,,,"  239","H,,S",,,"  230",",,W","  220",",,W","   72",",,W","   94",",,W",,,,,,,,,,,,,,,,,,,,,,,,
"USW00094119","2018-07-26","47.9742","-117.4292","667.8","DEER PARK AIRPORT, WA US","    0",",,W,2400",,,,,"  333",",,W","   94",",,W","   23",",,W",,,,,,,"  228","H,,S",,,"  340",",,W","  330",",,W","   67",",,W","   85",",,W",,,,,,,,,,,,,,,,,,,,,,,,
"USW00094119","2018-07-27","47.9742","-117.4292","667.8","DEER PARK AIRPORT, WA US","    0",",,W,2400",,,,,"  328",",,W","  150",",,W","   28",",,W",,,,,,,"  243","H,,S",,,"   40",",,W","   50",",,W","   76",",,W","  103",",,W",,,,,,,,,,,,,,,,,,,,,,,,
"USW00094119","2018-07-28","47.9742","-117.4292","667.8","DEER PARK AIRPORT, WA US","    0",",,W,2400",,,,,"  333",",,W","  156",",,W","   33",",,W",,,,,,,"  249","H,,S",,,"   80",",,W","   90",",,W","   67",",,W","   85",",,W",,,,,,,,,,,,,,,,,,,,,,,,
"USW00094119","2018-07-29","47.9742","-117.4292","667.8","DEER PARK AIRPORT, WA US","    0",",,W,2400",,,,,"  350",",,W","  139",",,W","   20",",,W",,,,,,,"  249","H,,S",,,"   20",",,W","   30",",,W","   54",",,W","   67",",,W",,,,,,,,,,,,,,,,,,,,,,,,
"USW00094119","2018-07-30","47.9742","-117.4292","667.8","DEER PARK AIRPORT, WA US","    0",",,W,2400",,,,,"  361",",,W","  100",",,W","   10",",,W",,,,,,,"  241","H,,S",,,"  150",",,W","  180",",,W","   58",",,W","   72",",,W",,,,,,,,,"    1",",,W",,,,,,,,,,,,,,
"USW00094119","2018-07-31","47.9742","-117.4292","667.8","DEER PARK AIRPORT, WA US","    0",",,W,2400",,,,,"  378",",,W","  128",",,W","   22",",,W",,,,,,,"  254","H,,S",,,"   40",",,W","   90",",,W","   67",",,W","   98",",,W",,,,,,,,,,,,,,,,,,,,,,,,
"USW00094119","2018-08-01","47.9742","-117.4292","667.8","DEER PARK AIRPORT, WA US","    0",",,W,2400",,,,,"  339",",,W","  128",",,W","   34",",,W",,,,,,,"  248","H,,S",,,"  190",",,W","  180",",,W","   76",",,W","  112",",,W",,,,,,,,,,,,,,,,,,,,,,,,
"USW00094119","2018-08-02","47.9742","-117.4292","667.8","DEER PARK AIRPORT, WA US","    0",",,W,2400",,,,,"  311",",,W","  122",",,W","   49",",,W",,,,,,,"  226","H,,S",,,"  210",",,W","  180",",,W","   94",",,W","  148",",,W",,,,,,,,,,,,,,,,,,,,,,,,
"USW00094119","2018-08-03","47.9742","-117.4292","667.8","DEER PARK AIRPORT, WA US","    0",",,W,2400",,,,,"  261",",,W","  122",",,W","   36",",,W",,,,,,,"  201","H,,S",,,"  200",",,W","  200",",,W","   89",",,W","  116",",,W",,,,,,,,,"    1",",,W",,,,,,,,,,,,,,
"USW00094119","2018-08-04","47.9742","-117.4292","667.8","DEER PARK AIRPORT, WA US","    0",",,W,2400",,,,,"  278",",,W","   89",",,W","   17",",,W",,,,,,,"  193","H,,S",,,"  230",",,W","  220",",,W","   54",",,W","   67",",,W",,,,,,,,,,,,,,,,,,,,,,,,
"USW00094119","2018-08-05","47.9742","-117.4292","667.8","DEER PARK AIRPORT, WA US","    0",",,W,2400",,,,,"  306",",,W","   72",",,W","   14",",,W",,,,,,,"  195","H,,S",,,"  310",",,W","  240",",,W","   54",",,W","  112",",,W",,,,,,,,,,,,,,,,,,,,,,,,
"USW00094119","2018-08-06","47.9742","-117.4292","667.8","DEER PARK AIRPORT, WA US","    0",",,W,2400",,,,,"  333",",,W","   83",",,W","   16",",,W",,,,,,,"  212","H,,S",,,"  210",",,W","  200",",,W","   63",",,W","   89",",,W",,,,,,,,,,,,,,,,,,,,,,,,
"USW00094119","2018-08-07","47.9742","-117.4292","667.8","DEER PARK AIRPORT, WA US","    0",",,W,2400",,,,,"  344",",,W","   94",",,W","   11",",,W",,,,,,,"  219","H,,S",,,"  240",",,W","  250",",,W","   58",",,W","   72",",,W",,,,,,,,,"    1",",,W",,,,,,,,,,,,,,
"USW00094119","2018-08-08","47.9742","-117.4292","667.8","DEER PARK AIRPORT, WA US","    0",",,W,2400",,,,,"  367",",,W","   78",",,W","    9",",,W",,,,,,,"  223","H,,S",,,"  250",",,W","  310",",,W","   36",",,W","   49",",,W",,,,,,,,,"    1",",,W",,,,,,,,,,,,,,
"USW00094119","2018-08-09","47.9742","-117.4292","667.8","DEER PARK AIRPORT, WA US","    0",",,W,2400",,,,,"  389",",,W","  106",",,W","   14",",,W",,,,,,,"  253","H,,S",,,"   70",",,W","   60",",,W","   45",",,W","   63",",,W",,,,,,,,,"    1",",,W",,,,,,,,,,,,,,
"USW00094119","2018-08-10","47.9742","-117.4292","667.8","DEER PARK AIRPORT, WA US","    0","T,,W,2400",,,,,"  406",",,W","  161",",,W","   27",",,W",,,,,,,"  287","H,,S",,,"  230",",,W","  230",",,W","   76",",,W","  107",",,W",,,,,"    1",",,W",,,"    1",",,W",,,,,,,,,,,,,,
"USW00094119","2018-08-11","47.9742","-117.4292","667.8","DEER PARK AIRPORT, WA US","    3",",,W,2400",,,,,"  328",",,W","  156",",,W","   47",",,W",,,,,,,"  267","H,,S",,,"  230",",,W","  230",",,W","  107",",,W","  139",",,W",,,,,"    1",",,W",,,"    1",",,W",,,,,,,,,,,,,,
"USW00094119","2018-08-12","47.9742","-117.4292","667.8","DEER PARK AIRPORT, WA US","    0",",,W,2400",,,,,"  244",",,W","  100",",,W","   26",",,W",,,,,,,"  194","H,,S",,,"  200",",,W","  210",",,W","   63",",,W","   85",",,W",,,,,,,,,"    1",",,W",,,,,,,,,,,,,,
"USW00094119","2018-08-13","47.9742","-117.4292","667.8","DEER PARK AIRPORT, WA US","    0",",,W,2400",,,,,"  283",",,W","   56",",,W","   17",",,W",,,,,,,"  175","H,,S",,,"  340",",,W","   10",",,W","   58",",,W","   67",",,W","    1",",,W",,,,,,,"    1",",,W",,,,,,,,,,,,,,
"USW00094119","2018-08-14","47.9742","-117.4292","667.8","DEER PARK AIRPORT, WA US","    0",",,W,2400",,,,,"  306",",,W","   56",",,W","   13",",,W",,,,,,,"  179","H,,S",,,"  200",",,W","  190",",,W","   58",",,W","   72",",,W","    1",",,W",,,,,,,"    1",",,W",,,,,,,,,,,,,,
"USW00094119","2018-08-15","47.9742","-117.4292","667.8","DEER PARK AIRPORT, WA US","    0",",,W,2400",,,,,"  322",",,W","   72",",,W","   13",",,W",,,,,,,"  201","H,,S",,,"  200",",,W","  200",",,W","   45",",,W","   58",",,W",,,,,,,,,"    1",",,W",,,,,,,,,,,,,,
"USW00094119","2018-08-16","47.9742","-117.4292","667.8","DEER PARK AIRPORT, WA US","    0",",,W,2400",,,,,"  339",",,W","   89",",,W","   13",",,W",,,,,,,"  211","H,,S",,,"  170",",,W","  180",",,W","   45",",,W","   67",",,W",,,,,,,,,"    1",",,W",,,,,,,,,,,,,,
"USW00094119","2018-08-17","47.9742","-117.4292","667.8","DEER PARK AIRPORT, WA US","    0","T,,W,2400",,,,,"  317",",,W","  133",",,W","   20",",,W",,,,,,,"  224","H,,S",,,"  250",",,W","  240",",,W","   58",",,W","   76",",,W",,,,,"    1",",,W",,,"    1",",,W",,,,,,,,,,,,,,
"USW00094119","2018-08-18","47.9742","-117.4292","667.8","DEER PARK AIRPORT, WA US","    0",",,W,2400",,,,,"  283",",,W","   83",",,W","   13",",,W",,,,,,,"  201","H,,S",,,"  240",",,W","  250",",,W","   40",",,W","   58",",,W",,,,,,,,,"    1",",,W",,,,,,,,,,,,,,
"USW00094119","2018-08-19","47.9742","-117.4292","667.8","DEER PARK AIRPORT, WA US","    0",",,W,2400",,,,,"  244",",,W","   89",",,W","   19",",,W",,,,,,,"  176","H,,S",,,"  360",",,W","  350",",,W","   40",",,W","   54",",,W","    1",",,W",,,,,,,"    1",",,W",,,,,,,,,,,,,,
"USW00094119","2018-08-20","47.9742","-117.4292","667.8","DEER PARK AIRPORT, WA US","    0","T,,W,2400",,,,,"  267",",,W","   94",",,W","   49",",,W",,,,,,,"  178","H,,S",,,"   50",",,W","   50",",,W","  112",",,W","  152",",,W",,,,,,,,,"    1",",,W",,,,,,,,,,,,,,
"USW00094119","2018-08-21","47.9742","-117.4292","667.8","DEER PARK AIRPORT, WA US","    0",",,W,2400",,,,,"  300",",,W","   61",",,W","   22",",,W",,,,,,,"  183","H,,S",,,"   50",",,W","   60",",,W","   72",",,W","   94",",,W",,,,,,,,,"    1",",,W",,,,,,,,,,,,,,
"USW00094119","2018-08-22","47.9742","-117.4292","667.8","DEER PARK AIRPORT, WA US","    0",",,W,2400",,,,,"  311",",,W","   39",",,W","   17",",,W",,,,,,,"  174","H,,S",,,"  270",",,W","  220",",,W","   67",",,W","   89",",,W",,,,,,,,,"    1",",,W",,,,,,,,,,,,,,
"USW00094119","2018-08-23","47.9742","-117.4292","667.8","DEER PARK AIRPORT, WA US","    0",",,W,2400",,,,,"  289",",,W","   78",",,W","   31",",,W",,,,,,,"  188","H,,S",,,"  190",",,W","  230",",,W","   76",",,W","  103",",,W",,,,,,,,,"    1",",,W",,,,,,,,,,,,,,
"USW00094119","2018-08-24","47.9742","-117.4292","667.8","DEER PARK AIRPORT, WA US","    0",",,W,2400",,,,,"  239",",,W","  117",",,W","   40",",,W",,,,,,,"  182","H,,S",,,"  180",",,W","  210",",,W","   72",",,W","   85",",,W",,,,,,,,,"    1",",,W",,,,,,,,,,,,,,
"USW00094119","2018-08-25","47.9742","-117.4292","667.8","DEER PARK AIRPORT, WA US","    0",",,W,2400",,,,,"  211",",,W","   56",",,W","   15",",,W",,,,,,,"  153","H,,S",,,"  250",",,W","  220",",,W","   58",",,W","   89",",,W",,,,,,,,,"    1",",,W",,,,,,,,,,,,,,
"USW00094119","2018-08-26","47.9742","-117.4292","667.8","DEER PARK AIRPORT, WA US","   38",",,W,2400",,,,,"  178",",,W","   72",",,W","   24",",,W",,,,,,,"  137","H,,S",,,"  210",",,W","  210",",,W","   76",",,W","  107",",,W","    1",",,W",,,,,,,"    1",",,W",,,,,,,,,,,,,,
"USW00094119","2018-08-27","47.9742","-117.4292","667.8","DEER PARK AIRPORT, WA US","   46",",,W,2400",,,,,"  211",",,W","   61",",,W","   16",",,W",,,,,,,"  139","H,,S",,,"   70",",,W","  360",",,W","   67",",,W","   85",",,W","    1",",,W",,,,,,,,,,,,,,,,,,,,,,
"USW00094119","2018-08-28","47.9742","-117.4292","667.8","DEER PARK AIRPORT, WA US","    0",",,W,2400",,,,,"  244",",,W","   56",",,W","   23",",,W",,,,,,,"  142","H,,S",,,"  210",",,W","  230",",,W","   67",",,W","  107",",,W","    1",",,W","    1",",,W",,,,,,,,,,,,,,,,,,,,
"USW00094119","2018-08-29","47.9742","-117.4292","667.8","DEER PARK AIRPORT, WA US","    0",",,W,2400",,,,,"  289",",,W","   44",",,W","   29",",,W",,,,,,,"  157","H,,S",,,"  220",",,W","  230",",,W","  103",",,W","  139",",,W",,,,,,,,,,,,,,,,,,,,,,,,
"USW00094119","2018-08-30","47.9742","-117.4292","667.8","DEER PARK AIRPORT, WA US","    0",",,W,2400",,,,,"  256",",,W","   72",",,W","   29",",,W",,,,,,,"  182","H,,S",,,"  260",",,W","  250",",,W","   89",",,W","  112",",,W",,,,,,,,,,,,,,,,,,,,,,,,
"USW00094119","2018-08-31","47.9742","-117.4292","667.8","DEER PARK AIRPORT, WA US","    0",",,W,2400",,,,,"  244",",,W","   50",",,W","   32",",,W",,,,,,,"  154","H,,S",,,"  220",",,W","  210",",,W","   89",",,W","   98",",,W",,,,,,,,,,,,,,,,,,,,,,,,
"USW00094119","2018-09-01","47.9742","-117.4292","667.8","DEER PARK AIRPORT, WA US","    0",",,W,2400",,,,,"  239",",,W","   56",",,W","   22",",,W",,,,,,,"  158","H,,S",,,"  190",",,W","  160",",,W","   67",",,W","   89",",,W",,,,,,,,,,,,,,,,,,,,,,,,
"USW00094119","2018-09-02","47.9742","-117.4292","667.8","DEER PARK AIRPORT, WA US","    0",",,W,2400",,,,,"  256",",,W","   22",",,W","   22",",,W",,,,,,,"  138","H,,S",,,"  190",",,W","  230",",,W","   76",",,W","  116",",,W",,,,,,,,,,,,,,,,,,,,,,,,
"USW00094119","2018-09-03","47.9742","-117.4292","667.8","DEER PARK AIRPORT, WA US","    0",",,W,2400",,,,,"  256",",,W","   56",",,W","   25",",,W",,,,,,,"  171","H,,S",,,"  320",",,W","  320",",,W","   72",",,W","   94",",,W",,,,,,,,,,,,,,,,,,,,,,,,
"USW00094119","2018-09-04","47.9742","-117.4292","667.8","DEER PARK AIRPORT, WA US","    0",",,W,2400",,,,,"  256",",,W","   39",",,W","   20",",,W",,,,,,,"  147","H,,S",,,"  360",",,W","  360",",,W","   54",",,W","   67",",,W",,,,,,,,,"    1",",,W",,,,,,,,,,,,,,
"USW00094119","2018-09-05","47.9742","-117.4292","667.8","DEER PARK AIRPORT, WA US","    0",",,W,2400",,,,,"  278",",,W","   39",",,W","   17",",,W",,,,,,,"  163","H,,S",,,"   40",",,W","   60",",,W","   58",",,W","   72",",,W",,,,,,,,,,,,,,,,,,,,,,,,
"USW00094119","2018-09-06","47.9742","-117.4292","667.8","DEER PARK AIRPORT, WA US","    0",",,W,2400",,,,,"  294",",,W","   33",",,W","   10",",,W",,,,,,,"  165","H,,S",,,"  170",",,W","  210",",,W","   31",",,W","   45",",,W",,,,,,,,,"    1",",,W",,,,,,,,,,,,,,
"USW00094119","2018-09-07","47.9742","-117.4292","667.8","DEER PARK AIRPORT, WA US","    0",",,W,2400",,,,,"  294",",,W","   50",",,W","   19",",,W",,,,,,,"  169","H,,S",,,"  290",",,W","  280",",,W","  107",",,W","  143",",,W",,,,,,,,,,,,,,,,,,,,,,,,
"USW00094119","2018-09-08","47.9742","-117.4292","667.8","DEER PARK AIRPORT, WA US","    3",",,W,2400",,,,,"  250",",,W","   78",",,W","   26",",,W",,,,,,,"  182","H,,S",,,"  300",",,W","  300",",,W","   94",",,W","  116",",,W",,,,,,,,,,,,,,,,,,,,,,,,
"USW00094119","2018-09-09","47.9742","-117.4292","667.8","DEER PARK AIRPORT, WA US","    0",",,W,2400",,,,,"  244",",,W","   44",",,W","   15",",,W",,,,,,,"  148","H,,S",,,"  200",",,W","  160",",,W","   76",",,W","   89",",,W",,,,,,,,,,,,,,,,,,,,,,,,
"USW00094119","2018-09-10","47.9742","-117.4292","667.8","DEER PARK AIRPORT, WA US","    8",",,W,2400",,,,,"  211",",,W","   67",",,W","   40",",,W",,,,,,,"  146","H,,S",,,"  240",",,W","  240",",,W","  103",",,W","  130",",,W",,,,,,,,,,,,,,,,,,,,,,,,
"USW00094119","2018-09-11","47.9742","-117.4292","667.8","DEER PARK AIRPORT, WA US","   46",",,W,2400",,,,,"  178",",,W","   56",",,W","   23",",,W",,,,,,,"  136","H,,S",,,"  180",",,W","  180",",,W","   94",",,W","  121",",,W","    1",",,W",,,,,,,"    1",",,W",,,,,,,,,,,,,,
"USW00094119","2018-09-12","47.9742","-117.4292","667.8","DEER PARK AIRPORT, WA US","    3",",,W,2400",,,,,"  183",",,W","   28",",,W","   18",",,W",,,,,,,"  103","H,,S",,,"   40",",,W","   40",",,W","   54",",,W","   63",",,W","    1",",,W",,,,,,,,,,,,,,,,,,,,,,
"USW00094119","2018-09-13","47.9742","-117.4292","667.8","DEER PARK AIRPORT, WA US","    5",",,W,2400",,,,,"  194",",,W","   11",",,W","   27",",,W",,,,,,,"  101","H,,S",,,"  210",",,W","  190",",,W","   94",",,W","  116",",,W","    1",",,W",,,,,,,,,,,,,,,,,,,,,,
"USW00094119","2018-09-14","47.9742","-117.4292","667.8","DEER PARK AIRPORT, WA US","    0",",,W,2400",,,,,"  211",",,W","   17",",,W","   12",",,W",,,,,,,"  111","H,,S",,,"  180",",,W","  170",",,W","   45",",,W","   63",",,W",,,,,,,,,,,,,,,,,,,,,,,,
"USW00094119","2018-09-15","47.9742","-117.4292","667.8","DEER PARK AIRPORT, WA US","    5",",,W,2400",,,,,"  222",",,W","   94",",,W","   16",",,W",,,,,,,"  144","H,,S",,,"  240",",,W","  120",",,W","   54",",,W","   67",",,W",,,,,,,,,,,,,,,,,,,,,,,,
"USW00094119","2018-09-16","47.9742","-117.4292","667.8","DEER PARK AIRPORT, WA US","   15",",,W,2400",,,,,"  189",",,W","   28",",,W","   33",",,W",,,,,,,"  127","H,,S",,,"  240",",,W","  240",",,W","  125",",,W","  165",",,W",,,,,,,,,"    1",",,W",,,,,,,,,,,,,,
"USW00094119","2018-09-17","47.9742","-117.4292","667.8","DEER PARK AIRPORT, WA US","    0",",,W,2400",,,,,"  178",",,W","  -21",",,W","    8",",,W",,,,,,,"   87","H,,S",,,"  250",",,W","  320",",,W","   36",",,W","   49",",,W","    1",",,W",,,,,,,"    1",",,W",,,,,,,,,,,,,,
"USW00094119","2018-09-18","47.9742","-117.4292","667.8","DEER PARK AIRPORT, WA US","    0",",,W,2400",,,,,"  217",",,W","    6",",,W","   17",",,W",,,,,,,"  101","H,,S",,,"  320",",,W","  310",",,W","   54",",,W","   67",",,W",,,,,,,,,"    1",",,W",,,,,,,,,,,,,,
"USW00094119","2018-09-19","47.9742","-117.4292","667.8","DEER PARK AIRPORT, WA US","    0",",,W,2400",,,,,"  222",",,W","    6",",,W","   18",",,W",,,,,,,"  115","H,,S",,,"   50",",,W","   50",",,W","   54",",,W","   72",",,W",,,,,,,,,,,,,,,,,,,,,,,,
"USW00094119","2018-09-20","47.9742","-117.4292","667.8","DEER PARK AIRPORT, WA US","    0","T,,W,2400",,,,,"  200",",,W","    6",",,W","   31",",,W",,,,,,,"  100","H,,S",,,"  220",",,W","  190",",,W","   76",",,W","  103",",,W",,,,,,,,,"    1",",,W",,,,,,,,,,,,,,
"USW00094119","2018-09-21","47.9742","-117.4292","667.8","DEER PARK AIRPORT, WA US","    0","T,,W,2400",,,,,"  222",",,W","   56",",,W","   15",",,W",,,,,,,"  128","H,,S",,,"  160",",,W","  170",",,W","   54",",,W","   72",",,W",,,,,,,,,,,,,,,,,,,,,,,,
"USW00094119","2018-09-22","47.9742","-117.4292","667.8","DEER PARK AIRPORT, WA US","    0",",,W,2400",,,,,"  211",",,W","   72",",,W","   44",",,W",,,,,,,"  146","H,,S",,,"  200",",,W","  190",",,W","   98",",,W","  121",",,W",,,,,,,,,,,,,,,,,,,,,,,,
"USW00094119","2018-09-23","47.9742","-117.4292","667.8","DEER PARK AIRPORT, WA US","    0","T,,W,2400",,,,,"  172",",,W","   78",",,W","   28",",,W",,,,,,,"  126","H,,S",,,"  190",",,W","  190",",,W","   76",",,W","   98",",,W",,,,,,,,,,,,,,,,,,,,,,,,
"USW00094119","2018-09-24","47.9742","-117.4292","667.8","DEER PARK AIRPORT, WA US","    0",",,W,2400",,,,,"  206",",,W","    0",",,W","   22",",,W",,,,,,,"  111","H,,S",,,"  330",",,W","  330",",,W","   98",",,W","  116",",,W","    1",",,W","    1",",,W",,,,,"    1",",,W",,,,,,,,,,,,,,
"USW00094119","2018-09-25","47.9742","-117.4292","667.8","DEER PARK AIRPORT, WA US","    0",",,W,2400",,,,,"  222",",,W","  -16",",,W","   14",",,W",,,,,,,"   93","H,,S",,,"  320",",,W","  300",",,W","   67",",,W","   85",",,W",,,,,,,,,,,,,,,,,,,,,,,,
"USW00094119","2018-09-26","47.9742","-117.4292","667.8","DEER PARK AIRPORT, WA US","    0",",,W,2400",,,,,"  233",",,W","  -10",",,W","   16",",,W",,,,,,,"   99","H,,S",,,"  220",",,W","  230",",,W","   63",",,W","   76",",,W",,,,,,,,,,,,,,,,,,,,,,,,
"USW00094119","2018-09-27","47.9742","-117.4292","667.8","DEER PARK AIRPORT, WA US","    0",",,W,2400",,,,,"  244",",,W","   22",",,W","   28",",,W",,,,,,,"  131","H,,S",,,"  320",",,W","  300",",,W","   89",",,W","  112",",,W",,,,,,,,,"    1",",,W",,,,,,,,,,,,,,
"USW00094119","2018-09-28","47.9742","-117.4292","667.8","DEER PARK AIRPORT, WA US","    0",",,W,2400",,,,,"  211",",,W","   56",",,W","   44",",,W",,,,,,,"  147","H,,S",,,"   50",",,W","   60",",,W","   89",",,W","  121",",,W",,,,,,,,,,,,,,,,,,,,,,,,
"USW00094119","2018-09-29","47.9742","-117.4292","667.8","DEER PARK AIRPORT, WA US","    0",",,W,2400",,,,,"  156",",,W","   78",",,W","   77",",,W",,,,,,,"  116","H,,S",,,"   50",",,W","   50",",,W","  130",",,W","  165",",,W",,,,,,,,,,,,,,,,,,,,,,,,
"USW00094119","2018-09-30","47.9742","-117.4292","667.8","DEER PARK AIRPORT, WA US","    0",",,W,2400",,,,,"  128",",,W","   56",",,W","   31",",,W",,,,,,,"   97","H,,S",,,"   30",",,W","   20",",,W","   81",",,W","  125",",,W",,,,,,,,,,,,,,,,,,,,,,,,
"USW00094119","2018-10-01","47.9742","-117.4292","667.8","DEER PARK AIRPORT, WA US","    0",",,W,2400",,,,,"  200",",,W","   67",",,W","   20",",,W",,,,,,,"  107","H,,S",,,"  220",",,W","  210",",,W","   76",",,W","  107",",,W",,,,,,,,,,,,,,,,,,,,,,,,
"USW00094119","2018-10-02","47.9742","-117.4292","667.8","DEER PARK AIRPORT, WA US","    8",",,W,2400",,,,,"  194",",,W","   22",",,W","   50",",,W",,,,,,,"  137","H,,S",,,"  320",",,W","  320",",,W","  134",",,W","  188",",,W","    1",",,W",,,,,,,,,,,,,,,,,,,,,,
"USW00094119","2018-10-03","47.9742","-117.4292","667.8","DEER PARK AIRPORT, WA US","    0",",,W,2400",,,,,"  122",",,W","  -60",",,W","   22",",,W",,,,,,,"   58","H,,S",,,"   50",",,W","   40",",,W","   58",",,W","   76",",,W",,,,,,,,,,,,,,,,,,,,,,,,
"USW00094119","2018-10-04","47.9742","-117.4292","667.8","DEER PARK AIRPORT, WA US","    0",",,W,2400",,,,,"  139",",,W","  -21",",,W","   17",",,W",,,,,,,"   76","H,,S",,,"   30",",,W","  190",",,W","   54",",,W","   63",",,W",,,,,,,,,,,,,,,,,,,,,,,,
"USW00094119","2018-10-05","47.9742","-117.4292","667.8","DEER PARK AIRPORT, WA US","   25",",,W,2400",,,,,"  133",",,W","  -71",",,W","   14",",,W",,,,,,,"   46","H,,S",,,"  210",",,W","  210",",,W","   72",",,W","   89",",,W","    1",",,W","    1",",,W",,,,,,,,,,,,,,,,,,,,
"USW00094119","2018-10-06","47.9742","-117.4292","667.8","DEER PARK AIRPORT, WA US","   10",",,W,2400",,,,,"  139",",,W","  -16",",,W","   14",",,W",,,,,,,"   83","H,,S",,,"   50",",,W","   50",",,W","   45",",,W","   54",",,W","    1",",,W","    1",",,W",,,,,,,,,,,,,,,,,,,,
"USW00094119","2018-10-07","47.9742","-117.4292","667.8","DEER PARK AIRPORT, WA US","    0",",,W,2400",,,,,"  106",",,W","  -32",",,W","    8",",,W",,,,,,,"   46","H,,S",,,"   50",",,W","   50",",,W","   31",",,W","   40",",,W","    1",",,W","    1",",,W",,,,,,,,,,,,,,,,,,,,
"USW00094119","2018-10-08","47.9742","-117.4292","667.8","DEER PARK AIRPORT, WA US","   41",",,W,2400",,,,,"  122",",,W","   56",",,W","   22",",,W",,,,,,,"   81","H,,S",,,"   30",",,W","   40",",,W","   45",",,W","   58",",,W",,,,,,,,,,,,,,,,,,,,,,,,
"USW00094119","2018-10-09","47.9742","-117.4292","667.8","DEER PARK AIRPORT, WA US","   48",",,W,2400",,,,,"  150",",,W","   50",",,W","   47",",,W",,,,,,,"   83","H,,S",,,"   50",",,W","   30",",,W","  107",",,W","  148",",,W",,,,,,,,,,,,,,,,,,,,,,,,
"USW00094119","2018-10-10","47.9742","-117.4292","667.8","DEER PARK AIRPORT, WA US","    0",",,W,2400",,,,,"  144",",,W","  -38",",,W","   24",",,W",,,,,,,"   89","H,,S",,,"   60",",,W","   40",",,W","   63",",,W","   89",",,W",,,,,,,,,,,,,,,,,,,,,,,,
"USW00094119","2018-10-11","47.9742","-117.4292","667.8","DEER PARK AIRPORT, WA US","    0",",,W,2400",,,,,"  144",",,W","  -60",",,W","   13",",,W",,,,,,,"   30","H,,S",,,"  260",",,W","  190",",,W","   58",",,W","   72",",,W",,,,,,,,,,,,,,,,,,,,,,,,
"USW00094119","2018-10-12","47.9742","-117.4292","667.8","DEER PARK AIRPORT, WA US","    3",",,W,2400",,,,,"  167",",,W","   -5",",,W","   24",",,W",,,,,,,"   71","H,,S",,,"  330",",,W","  360",",,W","  125",",,W","  161",",,W",,,,,,,,,,,,,,,,,,,,,,,,
"USW00094119","2018-10-13","47.9742","-117.4292","667.8","DEER PARK AIRPORT, WA US","    0","T,,W,2400",,,,,"  139",",,W","  -43",",,W","   23",",,W",,,,,,,"   73","H,,S",,,"   20",",,W","   20",",,W","   72",",,W","  103",",,W",,,,,,,,,,,,,,,,,,,,,,,,
"USW00094119","2018-10-14","47.9742","-117.4292","667.8","DEER PARK AIRPORT, WA US","    0",",,W,2400",,,,,"  133",",,W","  -77",",,W","   11",",,W",,,,,,,"   18","H,,S",,,"  210",",,W","  210",",,W","   54",",,W","   63",",,W","    1",",,W",,,,,,,,,,,,,,,,,,,,,,
"USW00094119","2018-10-15","47.9742","-117.4292","667.8","DEER PARK AIRPORT, WA US","    0",",,W,2400",,,,,"  150",",,W","  -60",",,W","    8",",,W",,,,,,,"   33","H,,S",,,"  220",",,W","  220",",,W","   40",",,W","   58",",,W",,,,,,,,,,,,,,,,,,,,,,,,
"USW00094119","2018-10-16","47.9742","-117.4292","667.8","DEER PARK AIRPORT, WA US","    0",",,W,2400",,,,,"  178",",,W","  -66",",,W","   10",",,W",,,,,,,"   42","H,,S",,,"  350",",,W","  350",",,W","   40",",,W","   45",",,W",,,,,,,,,,,,,,,,,,,,,,,,
"USW00094119","2018-10-17","47.9742","-117.4292","667.8","DEER PARK AIRPORT, WA US","    0",",,W,2400",,,,,"  178",",,W","  -43",",,W","   10",",,W",,,,,,,"   62","H,,S",,,"  350",",,W","   70",",,W","   36",",,W","   45",",,W",,,,,,,,,,,,,,,,,,,,,,,,
"USW00094119","2018-10-18","47.9742","-117.4292","667.8","DEER PARK AIRPORT, WA US","    0",",,W,2400",,,,,"  167",",,W","  -49",",,W","    5",",,W",,,,,,,"   46","H,,S",,,"  180",",,W","  170",",,W","   31",",,W","   40",",,W","    1",",,W",,,,,,,"    1",",,W",,,,,,,,,,,,,,
"USW00094119","2018-10-19","47.9742","-117.4292","667.8","DEER PARK AIRPORT, WA US","    0",",,W,2400",,,,,"  183",",,W","  -38",",,W","   10",",,W",,,,,,,"   56","H,,S",,,"   70",",,W","   10",",,W","   36",",,W","   45",",,W","    1",",,W",,,,,,,"    1",",,W",,,,,,,,,,,,,,
"USW00094119","2018-10-20","47.9742","-117.4292","667.8","DEER PARK AIRPORT, WA US","    0",",,W,2400",,,,,"  189",",,W","  -38",",,W","    7",",,W",,,,,,,"   62","H,,S",,,"  360",",,W","  350",",,W","   36",",,W","   40",",,W","    1",",,W","    1",",,W",,,,,,,,,,,,,,,,,,,,
"USW00094119","2018-10-21","47.9742","-117.4292","667.8","DEER PARK AIRPORT, WA US","    0",",,W,2400",,,,,"  206",",,W","  -32",",,W","   11",",,W",,,,,,,"   66","H,,S",,,"   50",",,W","   50",",,W","   45",",,W","   54",",,W",,,,,,,,,,,,,,,,,,,,,,,,
"USW00094119","2018-10-22","47.9742","-117.4292","667.8","DEER PARK AIRPORT, WA US","    0",",,W,2400",,,,,"  211",",,W","  -38",",,W","   17",",,W",,,,,,,"   79","H,,S",,,"   30",",,W","   30",",,W","   58",",,W","   72",",,W","    1",",,W",,,,,,,,,,,,,,,,,,,,,,
"USW00094119","2018-10-23","47.9742","-117.4292","667.8","DEER PARK AIRPORT, WA US","    0","T,,W,2400",,,,,"  161",",,W","  -27",",,W","    9",",,W",,,,,,,"   81","H,,S",,,"  360",",,W","   10",",,W","   40",",,W","   49",",,W",,,,,,,,,"    1",",,W",,,,,,,,,,,,,,
"USW00094119","2018-10-24","47.9742","-117.4292","667.8","DEER PARK AIRPORT, WA US","    0",",,W,2400",,,,,"  150",",,W","    0",",,W","   13",",,W",,,,,,,"   84","H,,S",,,"  220",",,W","  240",",,W","   58",",,W","   72",",,W",,,,,,,,,,,,,,,,,,,,,,,,
"USW00094119","2018-10-25","47.9742","-117.4292","667.8","DEER PARK AIRPORT, WA US","   81",",,W,2400",,,,,"  117",",,W","    0",",,W","    8",",,W",,,,,,,"   57","H,,S",,,"   80",",,W","   90",",,W","   36",",,W","   49",",,W","    1",",,W",,,,,,,,,,,,,,,,,,,,,,
"USW00094119","2018-10-26","47.9742","-117.4292","667.8","DEER PARK AIRPORT, WA US","   84",",,W,2400",,,,,"  133",",,W","   72",",,W","   17",",,W",,,,,,,"   91","H,,S",,,"  220",",,W","  120",",,W","   58",",,W","   85",",,W","    1",",,W",,,,,,,,,,,,,,,,,,,,,,
"USW00094119","2018-10-27","47.9742","-117.4292","667.8","DEER PARK AIRPORT, WA US","   25",",,W,2400",,,,,"  139",",,W","  -21",",,W","   22",",,W",,,,,,,"   76","H,,S",,,"   40",",,W",,,"   76",",,W",,,"    1",",,W","    1",",,W",,,,,,,,,,,,,,,,,,,,
"USW00094119","2018-10-28","47.9742","-117.4292","667.8","DEER PARK AIRPORT, WA US","  165",",,W,2400",,,,,"  106",",,W","   22",",,W","   26",",,W",,,,,,,"   75","H,,S",,,"  220",",,W","   30",",,W","   76",",,W","   89",",,W","    1",",,W",,,,,,,,,,,,,,,,,,,,,,
"USW00094119","2018-10-29","47.9742","-117.4292","667.8","DEER PARK AIRPORT, WA US","    0",",,W,2400",,,,,"  106",",,W","  -27",",,W","   14",",,W",,,,,,,"   56","H,,S",,,"  250",",,W","  320",",,W","   54",",,W","   76",",,W","    1",",,W","    1",",,W",,,,,,,,,,,,,,,,,,,,
"USW00094119","2018-10-30","47.9742","-117.4292","667.8","DEER PARK AIRPORT, WA US","    0",",,W,2400",,,,,"   72",",,W","  -32",",,W","    9",",,W",,,,,,,"   16","H,,S",,,"  210",",,W","  220",",,W","   40",",,W","   45",",,W","    1",",,W","    1",",,W",,,,,,,,,,,,,,,,,,,,
"USW00094119","2018-10-31","47.9742","-117.4292","667.8","DEER PARK AIRPORT, WA US","   76",",,W,2400",,,,,"   78",",,W","    6",",,W","   13",",,W",,,,,,,"   31","H,,S",,,"  160",",,W","  160",",,W","   54",",,W","   67",",,W","    1",",,W",,,,,,,,,,,,,,,,,,,,,,
"USW00094119","2018-11-01","47.9742","-117.4292","667.8","DEER PARK AIRPORT, WA US","   79",",,W,2400",,,,,"   89",",,W","   56",",,W","   12",",,W",,,,,,,"   70","H,,S",,,"  160",",,W","  150",",,W","   54",",,W","   67",",,W","    1",",,W",,,,,,,,,,,,,,,,,,,,,,
"USW00094119","2018-11-02","47.9742","-117.4292","667.8","DEER PARK AIRPORT, WA US","    8",",,W,2400",,,,,"  150",",,W","   28",",,W","   33",",,W",,,,,,,"  104","H,,S",,,"  220",",,W","  230",",,W","   94",",,W","  130",",,W","    1",",,W",,,,,,,,,,,,,,,,,,,,,,
"USW00094119","2018-11-03","47.9742","-117.4292","667.8","DEER PARK AIRPORT, WA US","   18",",,W,2400",,,,,"  117",",,W","   39",",,W","   33",",,W",,,,,,,"   67","H,,S",,,"  230",",,W","  230",",,W","   81",",,W","   98",",,W",,,,,,,,,,,,,,,,,,,,,,,,
"USW00094119","2018-11-04","47.9742","-117.4292","667.8","DEER PARK AIRPORT, WA US","   23",",,W,2400",,,,,"  150",",,W","    0",",,W","   38",",,W",,,,,,,"   88","H,,S",,,"  250",",,W","  250",",,W","   89",",,W","  121",",,W",,,,,,,,,,,,,,,,,,,,,,,,
"USW00094119","2018-11-05","47.9742","-117.4292","667.8","DEER PARK AIRPORT, WA US","    3",",,W,2400",,,,,"   89",",,W","    0",",,W","   25",",,W",,,,,,,"   48","H,,S",,,"  200",",,W","  210",",,W","   67",",,W","   85",",,W","    1",",,W","    1",",,W",,,,,,,,,,,,,,,,,,,,
"USW00094119","2018-11-06","47.9742","-117.4292","667.8","DEER PARK AIRPORT, WA US","    0","T,,W,2400",,,,,"   61",",,W","  -27",",,W","   10",",,W",,,,,,,"   27","H,,S",,,"  310",",,W","  320",",,W","   72",",,W","   94",",,W","    1",",,W","    1",",,W",,,,,,,,,,,,,,,,,,,,
"USW00094119","2018-11-07","47.9742","-117.4292","667.8","DEER PARK AIRPORT, WA US","    0","T,,W,2400",,,,,"   44",",,W","  -55",",,W","    9",",,W",,,,,,,"   15","H,,S",,,"   50",",,W","   70",",,W","   31",",,W","   40",",,W","    1",",,W","    1",",,W",,,,,,,,,,,,,,,,,,,,
"USW00094119","2018-11-08","47.9742","-117.4292","667.8","DEER PARK AIRPORT, WA US","    0","T,,W,2400",,,,,"   44",",,W","  -93",",,W","    8",",,W",,,,,,,"  -26","H,,S",,,"  180",",,W","  160",",,W","   36",",,W","   49",",,W","    1",",,W","    1",",,W",,,,,,,,,,,,,,,,,,,,
"USW00094119","2018-11-09","47.9742","-117.4292","667.8","DEER PARK AIRPORT, WA US","   10",",,W,2400",,,,,"    6",",,W","  -71",",,W","    6",",,W",,,,,,,"  -32","H,,S",,,"  340",",,W","  270",",,W","   31",",,W","   36",",,W","    1",",,W",,,,,,,,,,,,,,,,,,,,,,
"USW00094119","2018-11-10","47.9742","-117.4292","667.8","DEER PARK AIRPORT, WA US","    0",",,W,2400",,,,,"   11",",,W","  -21",",,W","   11",",,W",,,,,,,"  -15","H,,S",,,"   50",",,W","   30",",,W","   36",",,W","   45",",,W","    1",",,W",,,,,,,"    1",",,W",,,,,,,,,,,,,,
"USW00094119","2018-11-11","47.9742","-117.4292","667.8","DEER PARK AIRPORT, WA US","    0",",,W,2400",,,,,"   28",",,W","  -60",",,W","   19",",,W",,,,,,,"   -2","H,,S",,,"   30",",,W","   70",",,W","   40",",,W","   58",",,W","    1",",,W",,,,,,,,,,,,,,,,,,,,,,
"USW00094119","2018-11-12","47.9742","-117.4292","667.8","DEER PARK AIRPORT, WA US","    0",",,W,2400",,,,,"    6",",,W","  -71",",,W","   16",",,W",,,,,,,"  -31","H,,S",,,"   10",",,W","   10",",,W","   31",",,W","   40",",,W","    1",",,W",,,,,,,,,,,,,,,,,,,,,,
"USW00094119","2018-11-13","47.9742","-117.4292","667.8","DEER PARK AIRPORT, WA US","    0",",,W,2400",,,,,"   67",",,W","  -43",",,W","   16",",,W",,,,,,,"  -13","H,,S",,,"   30",",,W","   30",",,W","   36",",,W","   45",",,W","    1",",,W",,,,,,,"    1",",,W",,,,,,,,,,,,,,
"USW00094119","2018-11-14","47.9742","-117.4292","667.8","DEER PARK AIRPORT, WA US","    0",",,W,2400",,,,,"   50",",,W","  -49",",,W","   12",",,W",,,,,,,"   -6","H,,S",,,"  190",",,W","  180",",,W","   54",",,W","   63",",,W","    1",",,W",,,,,,,,,,,,,,,,,,,,,,
"USW00094119","2018-11-15","47.9742","-117.4292","667.8","DEER PARK AIRPORT, WA US","    0",",,W,2400",,,,,"   28",",,W","  -60",",,W","    5",",,W",,,,,,,"  -14","H,,S",,,"  320",",,W","  330",",,W","   27",",,W","   27",",,W","    1",",,W","    1",",,W",,,,,,,,,,,,,,,,,,,,
"USW00094119","2018-11-16","47.9742","-117.4292","667.8","DEER PARK AIRPORT, WA US","    0",",,W,2400",,,,,"  100",",,W","  -32",",,W","   19",",,W",,,,,,,"   33","H,,S",,,"   70",",,W","   50",",,W","   54",",,W","   67",",,W","    1",",,W",,,,,,,"    1",",,W",,,,,,,,,,,,,,
"USW00094119","2018-11-17","47.9742","-117.4292","667.8","DEER PARK AIRPORT, WA US","    0",",,W,2400",,,,,"   72",",,W","  -71",",,W","   20",",,W",,,,,,,"    4","H,,S",,,"   30",",,W","   30",",,W","   45",",,W","  174",",,W","    1",",,W",,,,,,,"    1",",,W",,,,,,,,,,,,,,
"USW00094119","2018-11-18","47.9742","-117.4292","667.8","DEER PARK AIRPORT, WA US","    0",",,W,2400",,,,,"   50",",,W","  -88",",,W","    5",",,W",,,,,,,"  -32","H,,S",,,"  320",",,W","   90",",,W","   22",",,W","   31",",,W","    1",",,W",,,,,,,"    1",",,W",,,,,,,,,,,,,,
"USW00094119","2018-11-19","47.9742","-117.4292","667.8","DEER PARK AIRPORT, WA US","    0",",,W,2400",,,,,"   72",",,W","  -88",",,W","   13",",,W",,,,,,,"  -23","H,,S",,,"  360",",,W","   50",",,W","   36",",,W","   45",",,W","    1",",,W",,,,,,,,,,,,,,,,,,,,,,
"USW00094119","2018-11-20","47.9742","-117.4292","667.8","DEER PARK AIRPORT, WA US","    0",",,W,2400",,,,,"   78",",,W","  -82",",,W","   16",",,W",,,,,,,"  -13","H,,S",,,"  350",",,W","  360",",,W","   36",",,W","   45",",,W",,,,,,,,,,,,,,,,,,,,,,,,
"USW00094119","2018-11-21","47.9742","-117.4292","667.8","DEER PARK AIRPORT, WA US","    0","T,,W,2400",,,,,"   33",",,W","  -55",",,W","   17",",,W",,,,,,,"  -13","H,,S",,,"   50",",,W","   10",",,W","   36",",,W","   58",",,W",,,,,,,,,,,,,,,,,,,,,,,,
"USW00094119","2018-11-22","47.9742","-117.4292","667.8","DEER PARK AIRPORT, WA US","  132",",,W,2400",,,,,"   78",",,W","    6",",,W","   22",",,W",,,,,,,"   28","H,,S",,,"  220",",,W","  210",",,W","   98",",,W","  130",",,W","    1",",,W","    1",",,W",,,,,,,,,,,,,,,,,,,,
"USW00094119","2018-11-23","47.9742","-117.4292","667.8","DEER PARK AIRPORT, WA US","   53",",,W,2400",,,,,"   56",",,W","    6",",,W","   22",",,W",,,,,,,"   32","H,,S",,,"  200",",,W","  200",",,W","   94",",,W","  107",",,W","    1",",,W",,,,,,,,,,,,,,,,,,,,,,
"USW00094119","2018-11-24","47.9742","-117.4292","667.8","DEER PARK AIRPORT, WA US","    0",",,W,2400",,,,,"   11",",,W","  -21",",,W","    9",",,W",,,,,,,"   10","H,,S",,,"  160",",,W","  140",",,W","   40",",,W","   49",",,W","    1",",,W","    1",",,W",,,,,,,,,,,,,,,,,,,,
"USW00094119","2018-11-25","47.9742","-117.4292","667.8","DEER PARK AIRPORT, WA US","    0",",,W,2400",,,,,"   44",",,W","  -55",",,W","    3",",,W",,,,,,,"   -4","H,,S",,,"   80",",,W","   80",",,W","   31",",,W","   36",",,W","    1",",,W","    1",",,W",,,,,,,,,,,,,,,,,,,,
"USW00094119","2018-11-26","47.9742","-117.4292","667.8","DEER PARK AIRPORT, WA US","   38",",,W,2400",,,,,"   28",",,W","  -38",",,W","   18",",,W",,,,,,,"   -8","H,,S",,,"   20",",,W","   40",",,W","   36",",,W","   49",",,W","    1",",,W",,,,,,,"    1",",,W",,,,,,,,,,,,,,
"USW00094119","2018-11-27","47.9742","-117.4292","667.8","DEER PARK AIRPORT, WA US","  170",",,W,2400",,,,,"   56",",,W","   17",",,W","   16",",,W",,,,,,,"   31","H,,S",,,"  170",",,W","  170",",,W","   54",",,W","   63",",,W","    1",",,W",,,,,,,,,,,,,,,,,,,,,,
"USW00094119","2018-11-28","47.9742","-117.4292","667.8","DEER PARK AIRPORT, WA US","   46",",,W,2400",,,,,"   61",",,W","   39",",,W","   12",",,W",,,,,,,"   52","H,,S",,,"  150",",,W","  190",",,W","   36",",,W","   45",",,W","    1",",,W","    1",",,W",,,,,,,,,,,,,,,,,,,,
"USW00094119","2018-11-29","47.9742","-117.4292","667.8","DEER PARK AIRPORT, WA US","   13",",,W,2400",,,,,"   72",",,W","    0",",,W","   19",",,W",,,,,,,"   46","H,,S",,,"   20",",,W","   20",",,W","   45",",,W","   58",",,W","    1",",,W",,,,,,,,,,,,,,,,,,,,,,
"USW00094119","2018-11-30","47.9742","-117.4292","667.8","DEER PARK AIRPORT, WA US","   38",",,W,2400",,,,,"   22",",,W","  -21",",,W","   11",",,W",,,,,,,"   12","H,,S",,,"   30",",,W","  140",",,W","   31",",,W","   40",",,W","    1",",,W","    1",",,W",,,,,,,,,,,,,,,,,,,,
"USW00094119","2018-12-01","47.9742","-117.4292","667.8","DEER PARK AIRPORT, WA US","    5",",,W,2400",,,,,"   33",",,W","   -5",",,W","   20",",,W",,,,,,,"   14","H,,S",,,"   60",",,W","   40",",,W","   36",",,W","   45",",,W","    1",",,W","    1",",,W",,,,,,,,,,,,,,,,,,,,
"USW00094119","2018-12-02","47.9742","-117.4292","667.8","DEER PARK AIRPORT, WA US","    3",",,W,2400",,,,,"   28",",,W","  -27",",,W","    7",",,W",,,,,,,"    7","H,,S",,,"  150",",,W","  150",",,W","   36",",,W","   40",",,W","    1",",,W","    1",",,W",,,,,,,,,,,,,,,,,,,,
"USW00094119","2018-12-03","47.9742","-117.4292","667.8","DEER PARK AIRPORT, WA US","    0","T,,W,2400",,,,,"    6",",,W","  -77",",,W","   11",",,W",,,,,,,"   -4","H,,S",,,"  170",",,W","  190",",,W","   36",",,W","   40",",,W","    1",",,W",,,,,,,,,,,,,,,,,,,,,,
"USW00094119","2018-12-04","47.9742","-117.4292","667.8","DEER PARK AIRPORT, WA US","    0",",,W,2400",,,,,"  -10",",,W","  -88",",,W","    4",",,W",,,,,,,"  -41","H,,S",,,"  360",",,W","  340",",,W","   27",",,W","   31",",,W",,,,,,,,,,,,,,,,,,,,,,,,
"USW00094119","2018-12-05","47.9742","-117.4292","667.8","DEER PARK AIRPORT, WA US","    0",",,W,2400",,,,,"   17",",,W","  -66",",,W","   25",",,W",,,,,,,"  -17","H,,S",,,"   50",",,W","   40",",,W","   63",",,W","   81",",,W",,,,,,,,,,,,,,,,,,,,,,,,
"USW00094119","2018-12-06","47.9742","-117.4292","667.8","DEER PARK AIRPORT, WA US","    0",",,W,2400",,,,,"    0",",,W"," -121",",,W","   20",",,W",,,,,,,"  -57","H,,S",,,"   30",",,W","   40",",,W","   58",",,W","   76",",,W",,,,,,,,,,,,,,,,,,,,,,,,
"USW00094119","2018-12-07","47.9742","-117.4292","667.8","DEER PARK AIRPORT, WA US","    0",",,W,2400",,,,,"  -10",",,W","  -93",",,W","   24",",,W",,,,,,,"  -57","H,,S",,,"   30",",,W","   30",",,W","   54",",,W","   63",",,W",,,,,,,,,,,,,,,,,,,,,,,,
"USW00094119","2018-12-08","47.9742","-117.4292","667.8","DEER PARK AIRPORT, WA US","    0",",,W,2400",,,,,"   -5",",,W","  -38",",,W","   17",",,W",,,,,,,"  -28","H,,S",,,"   30",",,W","   30",",,W","   54",",,W","   58",",,W",,,,,,,,,,,,,,,,,,,,,,,,
"USW00094119","2018-12-09","47.9742","-117.4292","667.8","DEER PARK AIRPORT, WA US","    0","T,,W,2400",,,,,"   28",",,W","  -21",",,W","   26",",,W",,,,,,,"   -1","H,,S",,,"   40",",,W","   40",",,W","   58",",,W","   72",",,W",,,,,,,,,,,,,,,,,,,,,,,,
"USW00094119","2018-12-10","47.9742","-117.4292","667.8","DEER PARK AIRPORT, WA US","   28",",,W,2400",,,,,"    6",",,W","  -16",",,W","   14",",,W",,,,,,,"   -1","H,,S",,,"  180",",,W","  230",",,W","   36",",,W","   45",",,W","    1",",,W",,,,,,,,,,,,,,,,,,,,,,
"USW00094119","2018-12-11","47.9742","-117.4292","667.8","DEER PARK AIRPORT, WA US","  236",",,W,2400",,,,,"   39",",,W","  -21",",,W","   24",",,W",,,,,,,"  -10","H,,S",,,"  200",",,W","  200",",,W","   81",",,W","  112",",,W","    1",",,W",,,,,,,,,,,,,,,,,,,,,,
"USW00094119","2018-12-12","47.9742","-117.4292","667.8","DEER PARK AIRPORT, WA US","    0",",,W,2400",,,,,"   33",",,W","  -16",",,W","   42",",,W",,,,,,,"   16","H,,S",,,"  220",",,W","  220",",,W","   76",",,W","   89",",,W",,,,,,,,,,,,,,,,,,,,,,,,
"USW00094119","2018-12-13","47.9742","-117.4292","667.8","DEER PARK AIRPORT, WA US","   28",",,W,2400",,,,,"   28",",,W","  -10",",,W","   26",",,W",,,,,,,"   13","H,,S",,,"  190",",,W","  190",",,W","  116",",,W","  148",",,W","    1",",,W",,,,,,,"    1",",,W",,,,,,,,,,,,,,
"USW00094119","2018-12-14","47.9742","-117.4292","667.8","DEER PARK AIRPORT, WA US","    0","T,,W,2400",,,,,"   44",",,W","  -66",",,W","   28",",,W",,,,,,,"    2","H,,S",,,"  210",",,W","  210",",,W","  112",",,W","  143",",,W","    1",",,W",,,,,,,,,,,,,,,,,,,,,,
"USW00094119","2018-12-15","47.9742","-117.4292","667.8","DEER PARK AIRPORT, WA US","    0",",,W,2400",,,,,"   39",",,W","  -27",",,W","   40",",,W",,,,,,,"   19","H,,S",,,"  210",",,W","  210",",,W","  112",",,W","  143",",,W",,,,,,,,,,,,,,,,,,,,,,,,
"USW00094119","2018-12-16","47.9742","-117.4292","667.8","DEER PARK AIRPORT, WA US","  160",",,W,2400",,,,,"   28",",,W","    6",",,W","   29",",,W",,,,,,,"   13","H,,S",,,"   20",",,W","   30",",,W","   63",",,W","   81",",,W","    1",",,W",,,,,,,,,,,,,,,,,,,,,,
"USW00094119","2018-12-17","47.9742","-117.4292","667.8","DEER PARK AIRPORT, WA US","   18",",,W,2400",,,,,"   56",",,W","  -10",",,W","   10",",,W",,,,,,,"   22","H,,S",,,"  160",",,W","  150",",,W","   36",",,W","   45",",,W","    1",",,W","    1",",,W",,,,,,,,,,,,,,,,,,,,
"USW00094119","2018-12-18","47.9742","-117.4292","667.8","DEER PARK AIRPORT, WA US","  305",",,W,2400",,,,,"   72",",,W","   22",",,W","   50",",,W",,,,,,,"   29","H,,S",,,"  230",",,W","  220",",,W","   98",",,W","  130",",,W","    1",",,W",,,,,,,,,,,,,,,,,,,,,,
"USW00094119","2018-12-19","47.9742","-117.4292","667.8","DEER PARK AIRPORT, WA US","    0",",,W,2400",,,,,"   39",",,W","   -5",",,W","   22",",,W",,,,,,,"   29","H,,S",,,"  220",",,W","  230",",,W","   72",",,W","   89",",,W",,,,,,,,,,,,,,,,,,,,,,,,
"USW00094119","2018-12-20","47.9742","-117.4292","667.8","DEER PARK AIRPORT, WA US","   36",",,W,2400",,,,,"   67",",,W","   17",",,W","   38",",,W",,,,,,,"   23","H,,S",,,"  210",",,W","  210",",,W","  112",",,W","  134",",,W","    1",",,W",,,,,,,,,,,,,,,,,,,,,,
"USW00094119","2018-12-21","47.9742","-117.4292","667.8","DEER PARK AIRPORT, WA US","    0",",,W,2400",,,,,"   33",",,W","  -49",",,W","   29",",,W",,,,,,,"   21","H,,S",,,"  210",",,W","  210",",,W","  107",",,W","  165",",,W",,,,,,,,,,,,,,,,,,,,,,,,
"USW00094119","2018-12-22","47.9742","-117.4292","667.8","DEER PARK AIRPORT, WA US","    0","T,,W,2400",,,,,"   11",",,W","  -99",",,W","   17",",,W",,,,,,,"  -39","H,,S",,,"   30",",,W","   40",",,W","   58",",,W","   81",",,W",,,,,,,,,,,,,,,,,,,,,,,,
"USW00094119","2018-12-23","47.9742","-117.4292","667.8","DEER PARK AIRPORT, WA US","   79",",,W,2400",,,,,"   11",",,W","  -16",",,W","   10",",,W",,,,,,,"   -6","H,,S",,,"   60",",,W","   40",",,W","   40",",,W","   49",",,W","    1",",,W","    1",",,W",,,,,,,,,,,,,,,,,,,,
"USW00094119","2018-12-24","47.9742","-117.4292","667.8","DEER PARK AIRPORT, WA US","    0","T,,W,2400",,,,,"   22",",,W","  -43",",,W","   17",",,W",,,,,,,"    8","H,,S",,,"   40",",,W","   40",",,W","   40",",,W","   49",",,W","    1",",,W",,,,,,,,,,,,,,,,,,,,,,
"USW00094119","2018-12-25","47.9742","-117.4292","667.8","DEER PARK AIRPORT, WA US","    0",",,W,2400",,,,,"  -10",",,W","  -99",",,W","   14",",,W",,,,,,,"  -33","H,,S",,,"  150",",,W","   20",",,W","   31",",,W","   45",",,W","    1",",,W","    1",",,W",,,,,,,,,,,,,,,,,,,,
"USW00094119","2018-12-26","47.9742","-117.4292","667.8","DEER PARK AIRPORT, WA US","   23",",,W,2400",,,,,"   -5",",,W","  -43",",,W","   19",",,W",,,,,,,"  -24","H,,S",,,"   20",",,W","   20",",,W","   40",",,W","   45",",,W","    1",",,W",,,,,,,,,,,,,,,,,,,,,,
"USW00094119","2018-12-27","47.9742","-117.4292","667.8","DEER PARK AIRPORT, WA US","    0",",,W,2400",,,,,"  -32",",,W"," -127",",,W","   13",",,W",,,,,,,"  -52","H,,S",,,"  170",",,W","  180",",,W","   31",",,W","   36",",,W","    1",",,W","    1",",,W",,,,,,,,,,,,,,,,,,,,
"USW00094119","2018-12-28","47.9742","-117.4292","667.8","DEER PARK AIRPORT, WA US","   71",",,W,2400",,,,,"  -16",",,W","  -49",",,W","   11",",,W",,,,,,,"  -41","H,,S",,,"  180",",,W","  170",",,W","   36",",,W","   45",",,W","    1",",,W",,,,,,,,,,,,,,,,,,,,,,
"USW00094119","2018-12-29","47.9742","-117.4292","667.8","DEER PARK AIRPORT, WA US","   56",",,W,2400",,,,,"   50",",,W","  -16",",,W","   45",",,W",,,,,,,"   -3","H,,S",,,"  220",",,W","  220",",,W","  116",",,W","  165",",,W","    1",",,W",,,,,,,,,,,,,,,,,,,,,,
"USW00094119","2018-12-30","47.9742","-117.4292","667.8","DEER PARK AIRPORT, WA US","    5",",,W,2400",,,,,"   39",",,W","  -77",",,W","   35",",,W",,,,,,,"   25","H,,S",,,"  330",",,W","  320",",,W","   98",",,W","  121",",,W","    1",",,W",,,,,,,,,,,,,,,,,,,,,,
"USW00094119","2018-12-31","47.9742","-117.4292","667.8","DEER PARK AIRPORT, WA US","    0",",,W,2400",,,,,"   -5",",,W","  -93",",,W","   13",",,W",,,,,,,"  -42","H,,S",,,"   10",",,W","   20",",,W","   40",",,W","   49",",,W",,,,,,,,,,,,,,,,,,,,,,,,
"USW00094119","2019-01-01","47.9742","-117.4292","667.8","DEER PARK AIRPORT, WA US","    0",",,W,2400",,,,,"  -10",",,W","  -88",",,W","   18",",,W",,,,,,,"  -37","H,,S",,,"  210",",,W","  210",",,W","   40",",,W","   49",",,W",,,,,,,,,,,,,,,,,,,,,,,,
"USW00094119","2019-01-02","47.9742","-117.4292","667.8","DEER PARK AIRPORT, WA US","    0",",,W,2400",,,,,"    0",",,W"," -110",",,W","    9",",,W",,,,,,,"  -52","H,,S",,,"   60",",,W","   60",",,W","   31",",,W","   36",",,W","    1",",,W",,,,,,,,,,,,,,,,,,,,,,
"USW00094119","2019-01-03","47.9742","-117.4292","667.8","DEER PARK AIRPORT, WA US","   25",",,W,2400",,,,,"   28",",,W","   -5",",,W","   10",",,W",,,,,,,"    2","H,,S",,,"  170",",,W","  180",",,W","   45",",,W","   58",",,W","    1",",,W",,,,,,,,,,,,,,,,,,,,,,
"USW00094119","2019-01-04","47.9742","-117.4292","667.8","DEER PARK AIRPORT, WA US","    0","T,,W,2400",,,,,"   61",",,W","  -16",",,W","   22",",,W",,,,,,,"   28","H,,S",,,"  210",",,W","  240",",,W","   76",",,W","  121",",,W",,,,,,,,,,,,,,,,,,,,,,,,
"USW00094119","2019-01-05","47.9742","-117.4292","667.8","DEER PARK AIRPORT, WA US","    0","T,,W,2400",,,,,"   50",",,W","    0",",,W","   35",",,W",,,,,,,"   23","H,,S",,,"   50",",,W","   50",",,W","   67",",,W","   94",",,W",,,,,,,,,,,,,,,,,,,,,,,,
"USW00094119","2019-01-06","47.9742","-117.4292","667.8","DEER PARK AIRPORT, WA US","   20",",,W,2400",,,,,"   56",",,W","  -38",",,W","   31",",,W",,,,,,,"   32","H,,S",,,"  160",",,W","  220",",,W","  103",",,W","  139",",,W","    1",",,W",,,,,,,,,,,,,,,,,,,,,,
"USW00094119","2019-01-07","47.9742","-117.4292","667.8","DEER PARK AIRPORT, WA US","    3",",,W,2400",,,,,"   33",",,W","  -99",",,W","   34",",,W",,,,,,,"   -2","H,,S",,,"  230",",,W","  230",",,W","   76",",,W","  103",",,W","    1",",,W",,,,,,,,,,,,,,,,,,,,,,
"USW00094119","2019-01-08","47.9742","-117.4292","667.8","DEER PARK AIRPORT, WA US","   76",",,W,2400",,,,,"   -5",",,W"," -110",",,W","   50",",,W",,,,,,,"  -49","H,,S",,,"   40",",,W","   20",",,W","   76",",,W","  103",",,W","    1",",,W",,,,,"    1",",,W",,,,,,,,,,,,,,,,
"USW00094119","2019-01-09","47.9742","-117.4292","667.8","DEER PARK AIRPORT, WA US","  104",",,W,2400",,,,,"   22",",,W","   -5",",,W","   31",",,W",,,,,,,"   -1","H,,S",,,"   30",",,W","   30",",,W","   72",",,W","   89",",,W","    1",",,W",,,,,"    1",",,W",,,,,,,,,,,,,,,,
"USW00094119","2019-01-10","47.9742","-117.4292","667.8","DEER PARK AIRPORT, WA US","    0",",,W,2400",,,,,"   50",",,W","  -21",",,W","    9",",,W",,,,,,,"   18","H,,S",,,"   20",",,W","   20",",,W","   31",",,W","   36",",,W","    1",",,W","    1",",,W",,,,,,,,,,,,,,,,,,,,
"USW00094119","2019-01-11","47.9742","-117.4292","667.8","DEER PARK AIRPORT, WA US","    0",",,W,2400",,,,,"   50",",,W","  -27",",,W","   25",",,W",,,,,,,"   14","H,,S",,,"   30",",,W","   30",",,W","   58",",,W","  112",",,W","    1",",,W","    1",",,W",,,,,,,,,,,,,,,,,,,,
"USW00094119","2019-01-12","47.9742","-117.4292","667.8","DEER PARK AIRPORT, WA US","    0",",,W,2400",,,,,"   39",",,W","  -38",",,W","   26",",,W",,,,,,,"   -2","H,,S",,,"   30",",,W","   20",",,W","   54",",,W","   63",",,W",,,,,,,,,,,,,,,,,,,,,,,,
"USW00094119","2019-01-13","47.9742","-117.4292","667.8","DEER PARK AIRPORT, WA US","    0",",,W,2400",,,,,"   17",",,W","  -60",",,W","   33",",,W",,,,,,,"  -21","H,,S",,,"  360",",,W","   10",",,W","   54",",,W","   72",",,W",,,,,,,,,,,,,,,,,,,,,,,,
"USW00094119","2019-01-14","47.9742","-117.4292","667.8","DEER PARK AIRPORT, WA US","    0",",,W,2400",,,,,"    6",",,W"," -116",",,W","   20",",,W",,,,,,,"  -52","H,,S",,,"   10",",,W","   10",",,W","   58",",,W","   72",",,W","    1",",,W","    1",",,W",,,,,,,,,,,,,,,,,,,,
"USW00094119","2019-01-15","47.9742","-117.4292","667.8","DEER PARK AIRPORT, WA US","    0",",,W,2400",,,,,"    0",",,W","  -77",",,W","   33",",,W",,,,,,,"  -47","H,,S",,,"   30",",,W","   20",",,W","   63",",,W","   76",",,W",,,,,,,,,,,,,,,,,,,,,,,,
"USW00094119","2019-01-16","47.9742","-117.4292","667.8","DEER PARK AIRPORT, WA US","    0",",,W,2400",,,,,"   17",",,W","  -38",",,W","   27",",,W",,,,,,,"  -25","H,,S",,,"   30",",,W","   20",",,W","   63",",,W","   81",",,W",,,,,,,,,,,,,,,,,,,,,,,,
"USW00094119","2019-01-17","47.9742","-117.4292","667.8","DEER PARK AIRPORT, WA US","   53",",,W,2400",,,,,"   17",",,W","    0",",,W","   32",",,W",,,,,,,"    7","H,,S",,,"   40",",,W","   40",",,W","   81",",,W","  107",",,W","    1",",,W","    1",",,W",,,"    1",",,W",,,,,,,,,,,,,,,,
"USW00094119","2019-01-18","47.9742","-117.4292","667.8","DEER PARK AIRPORT, WA US","    0","T,,W,2400",,,,,"   33",",,W","    6",",,W","   24",",,W",,,,,,,"   13","H,,S",,,"  200",",,W","  200",",,W","   54",",,W","   72",",,W","    1",",,W",,,,,,,,,,,,,,,,,,,,,,
"USW00094119","2019-01-19","47.9742","-117.4292","667.8","DEER PARK AIRPORT, WA US","   69",",,W,2400",,,,,"   39",",,W","  -10",",,W","   12",",,W",,,,,,,"   16","H,,S",,,"  190",",,W","  260",",,W","   58",",,W","   67",",,W","    1",",,W",,,,,,,,,,,,,,,,,,,,,,
"USW00094119","2019-01-20","47.9742","-117.4292","667.8","DEER PARK AIRPORT, WA US","    0",",,W,2400",,,,,"   28",",,W","  -27",",,W","   20",",,W",,,,,,,"   14","H,,S",,,"  310",",,W","   20",",,W","   58",",,W","   72",",,W","    1",",,W","    1",",,W",,,,,,,,,,,,,,,,,,,,
"USW00094119","2019-01-21","47.9742","-117.4292","667.8","DEER PARK AIRPORT, WA US","    0",",,W,2400",,,,,"   17",",,W","  -71",",,W","    6",",,W",,,,,,,"  -16","H,,S",,,"  160",",,W","  170",",,W","   31",",,W","   40",",,W","    1",",,W","    1",",,W",,,,,,,,,,,,,,,,,,,,
"USW00094119","2019-01-22","47.9742","-117.4292","667.8","DEER PARK AIRPORT, WA US","   89",",,W,2400",,,,,"   11",",,W","  -71",",,W","   22",",,W",,,,,,,"  -24","H,,S",,,"  180",",,W","  180",",,W","   63",",,W","   76",",,W","    1",",,W",,,,,,,,,,,,,,,,,,,,,,
"USW00094119","2019-01-23","47.9742","-117.4292","667.8","DEER PARK AIRPORT, WA US","   91",",,W,2400",,,,,"   33",",,W","  -82",",,W","   19",",,W",,,,,,,"    6","H,,S",,,"   10",",,W","   20",",,W","   63",",,W","   81",",,W","    1",",,W","    1",",,W",,,"    1",",,W",,,,,,,,,,,,,,,,
"USW00094119","2019-01-24","47.9742","-117.4292","667.8","DEER PARK AIRPORT, WA US","    0",",,W,2400",,,,,"  -10",",,W","  -77",",,W","    6",",,W",,,,,,,"  -42","H,,S",,,"  230",",,W","  210",",,W","   31",",,W","   36",",,W","    1",",,W","    1",",,W",,,,,,,,,,,,,,,,,,,,
"USW00094119","2019-01-25","47.9742","-117.4292","667.8","DEER PARK AIRPORT, WA US","    0",",,W,2400",,,,,"    0",",,W","  -16",",,W","   14",",,W",,,,,,,"  -11","H,,S",,,"  190",",,W","   60",",,W","   40",",,W","   72",",,W","    1",",,W",,,,,,,,,,,,,,,,,,,,,,
"USW00094119","2019-01-26","47.9742","-117.4292","667.8","DEER PARK AIRPORT, WA US","    0",",,W,2400",,,,,"   33",",,W","  -49",",,W","   11",",,W",,,,,,,"    8","H,,S",,,"  330",",,W","  340",",,W","   31",",,W","   36",",,W","    1",",,W","    1",",,W",,,,,,,,,,,,,,,,,,,,
"USW00094119","2019-01-27","47.9742","-117.4292","667.8","DEER PARK AIRPORT, WA US","    0",",,W,2400",,,,,"   -5",",,W","  -32",",,W","    9",",,W",,,,,,,"  -12","H,,S",,,"  180",",,W","  190",",,W","   36",",,W","   40",",,W","    1",",,W","    1",",,W",,,,,,,,,,,,,,,,,,,,
"USW00094119","2019-01-28","47.9742","-117.4292","667.8","DEER PARK AIRPORT, WA US","    0",",,W,2400",,,,,"    0",",,W"," -105",",,W","   12",",,W",,,,,,,"  -35","H,,S",,,"   30",",,W","   20",",,W","   58",",,W","   72",",,W","    1",",,W","    1",",,W",,,,,"    1",",,W",,,,,,,,,,,,,,
"USW00094119","2019-01-29","47.9742","-117.4292","667.8","DEER PARK AIRPORT, WA US","    0",",,W,2400",,,,,"   33",",,W"," -121",",,W","   23",",,W",,,,,,,"  -16","H,,S",,,"   20",",,W","   30",",,W","   63",",,W","   76",",,W","    1",",,W",,,,,,,,,,,,,,,,,,,,,,
"USW00094119","2019-01-30","47.9742","-117.4292","667.8","DEER PARK AIRPORT, WA US","    0",",,W,2400",,,,,"  -27",",,W"," -138",",,W","    3",",,W",,,,,,,"  -83","H,,S",,,"   70",",,W","  340",",,W","   27",",,W","   31",",,W","    1",",,W","    1",",,W",,,,,"    1",",,W",,,,,,,,,,,,,,
"USW00094119","2019-01-31","47.9742","-117.4292","667.8","DEER PARK AIRPORT, WA US","    0","T,,W,2400",,,,,"   11",",,W","  -55",",,W","    8",",,W",,,,,,,"  -27","H,,S",,,"  330",",,W","  320",",,W","   27",",,W","   31",",,W","    1",",,W",,,,,,,,,,,,,,,,,,,,,,
"USW00094119","2019-02-01","47.9742","-117.4292","667.8","DEER PARK AIRPORT, WA US","   64",",,W,2400",,,,,"   22",",,W","  -66",",,W","    5",",,W",,,,,,,"  -26","H,,S",,,"  270",",,W","  250",",,W","   27",",,W","   31",",,W","    1",",,W",,,,,,,,,,,,,,,,,,,,,,
"USW00094119","2019-02-02","47.9742","-117.4292","667.8","DEER PARK AIRPORT, WA US","    8",",,W,2400",,,,,"   39",",,W","    0",",,W","   24",",,W",,,,,,,"   18","H,,S",,,"  190",",,W","  200",",,W","   67",",,W","   85",",,W","    1",",,W","    1",",,W",,,,,,,,,,,,,,,,,,,,
"USW00094119","2019-02-03","47.9742","-117.4292","667.8","DEER PARK AIRPORT, WA US","   36",",,W,2400",,,,,"   17",",,W","  -49",",,W","   33",",,W",,,,,,,"   12","H,,S",,,"   50",",,W","   40",",,W","   89",",,W","  103",",,W","    1",",,W","    1",",,W",,,,,,,,,,,,,,,,,,,,
"USW00094119","2019-02-04","47.9742","-117.4292","667.8","DEER PARK AIRPORT, WA US","    0",",,W,2400",,,,,"  -38",",,W","  -77",",,W","   71",",,W",,,,,,,"  -47","H,,S",,,"   50",",,W","   50",",,W","  107",",,W","  139",",,W",,,,,,,,,,,,,,,,,,,,,,,,
"USW00094119","2019-02-05","47.9742","-117.4292","667.8","DEER PARK AIRPORT, WA US","    5",",,W,2400",,,,,"  -32",",,W","  -82",",,W","   26",",,W",,,,,,,"  -55","H,,S",,,"   60",",,W","   60",",,W","   58",",,W","   72",",,W","    1",",,W",,,,,,,,,,,,,,,,,,,,,,
"USW00094119","2019-02-06","47.9742","-117.4292","667.8","DEER PARK AIRPORT, WA US","    0",",,W,2400",,,,,"  -49",",,W"," -171",",,W","   21",",,W",,,,,,,"  -76","H,,S",,,"  310",",,W","  310",",,W","   58",",,W","   72",",,W",,,,,,,,,,,,,,,,,,,,,,,,
"USW00094119","2019-02-07","47.9742","-117.4292","667.8","DEER PARK AIRPORT, WA US","    0",",,W,2400",,,,,"  -55",",,W"," -193",",,W","    8",",,W",,,,,,," -128","H,,S",,,"   40",",,W","   40",",,W","   36",",,W","   45",",,W",,,,,,,,,,,,,,,,,,,,,,,,
"USW00094119","2019-02-08","47.9742","-117.4292","667.8","DEER PARK AIRPORT, WA US","   23",",,W,2400",,,,,"  -38",",,W","  -71",",,W","   22",",,W",,,,,,,"  -63","H,,S",,,"   60",",,W","   60",",,W","  107",",,W","  134",",,W","    1",",,W",,,,,,,,,,,,,,,,,,,,,,
"USW00094119","2019-02-09","47.9742","-117.4292","667.8","DEER PARK AIRPORT, WA US","    0","T,,W,2400",,,,,"  -66",",,W"," -121",",,W","  117",",,W",,,,,,,"  -82","H,,S",,,"   50",",,W","   30",",,W","  165",",,W","  224",",,W",,,,,,,,,"    1",",,W",,,,,,,,,,,,,,
"USW00094119","2019-02-10","47.9742","-117.4292","667.8","DEER PARK AIRPORT, WA US","    3",",,W,2400",,,,,"  -99",",,W"," -149",",,W","   35",",,W",,,,,,," -117","H,,S",,,"   40",",,W","   50",",,W","   94",",,W","  116",",,W","    1",",,W",,,,,,,,,,,,,,,,,,,,,,
"USW00094119","2019-02-11","47.9742","-117.4292","667.8","DEER PARK AIRPORT, WA US","   53",",,W,2400",,,,,"  -60",",,W"," -155",",,W","   33",",,W",,,,,,," -102","H,,S",,,"   30",",,W","   50",",,W","   72",",,W","   94",",,W","    1",",,W",,,,,,,"    1",",,W",,,,,,,,,,,,,,
"USW00094119","2019-02-12","47.9742","-117.4292","667.8","DEER PARK AIRPORT, WA US","   66",",,W,2400",,,,,"    0",",,W","  -60",",,W","   15",",,W",,,,,,,"  -48","H,,S",,,"  210",",,W","   30",",,W","   58",",,W","   67",",,W","    1",",,W",,,,,,,,,,,,,,,,,,,,,,
"USW00094119","2019-02-13","47.9742","-117.4292","667.8","DEER PARK AIRPORT, WA US","    0","T,,W,2400",,,,,"    6",",,W"," -127",",,W","   11",",,W",,,,,,,"  -20","H,,S",,,"   20",",,W","   10",",,W","   40",",,W","   45",",,W","    1",",,W","    1",",,W",,,,,,,,,,,,,,,,,,,,
"USW00094119","2019-02-14","47.9742","-117.4292","667.8","DEER PARK AIRPORT, WA US","   28",",,W,2400",,,,,"    0",",,W"," -105",",,W","   71",",,W",,,,,,,"  -54","H,,S",,,"   40",",,W","   40",",,W","  125",",,W","  152",",,W","    1",",,W",,,,,,,,,,,,,,,,,,,,,,
"USW00094119","2019-02-15","47.9742","-117.4292","667.8","DEER PARK AIRPORT, WA US","   33",",,W,2400",,,,,"    6",",,W","  -21",",,W","   25",",,W",,,,,,,"   -8","H,,S",,,"  210",",,W","  210",",,W","   58",",,W","   67",",,W","    1",",,W",,,,,,,,,,,,,,,,,,,,,,
"USW00094119","2019-02-16","47.9742","-117.4292","667.8","DEER PARK AIRPORT, WA US","    0","T,,W,2400",,,,,"    0",",,W","  -27",",,W","    2",",,W",,,,,,,"  -16","H,,S",,,"  310",",,W","  290",",,W","   27",",,W","   31",",,W","    1",",,W",,,,,,,,,,,,,,,,,,,,,,
"USW00094119","2019-02-17","47.9742","-117.4292","667.8","DEER PARK AIRPORT, WA US","    8",",,W,2400",,,,,"  -16",",,W"," -155",",,W","   38",",,W",,,,,,,"  -22","H,,S",,,"   50",",,W","   50",",,W","  112",",,W","  148",",,W","    1",",,W",,,,,,,"    1",",,W",,,,,,,,,,,,,,
"USW00094119","2019-02-18","47.9742","-117.4292","667.8","DEER PARK AIRPORT, WA US","    0",",,W,2400",,,,,"  -43",",,W"," -205",",,W","    8",",,W",,,,,,," -116","H,,S",,,"  330",",,W","  330",",,W","   40",",,W","   40",",,W",,,,,,,,,,,,,,,,,,,,,,,,
"USW00094119","2019-02-19","47.9742","-117.4292","667.8","DEER PARK AIRPORT, WA US","    8",",,W,2400",,,,,"  -49",",,W"," -155",",,W","    6",",,W",,,,,,," -109","H,,S",,,"   40",",,W","   50",",,W","   27",",,W","   31",",,W","    1",",,W",,,,,,,,,,,,,,,,,,,,,,
"USW00094119","2019-02-20","47.9742","-117.4292","667.8","DEER PARK AIRPORT, WA US","    0","T,,W,2400",,,,,"    0",",,W"," -116",",,W","   32",",,W",,,,,,,"  -49","H,,S",,,"   40",",,W","   50",",,W","   67",",,W","   76",",,W","    1",",,W","    1",",,W",,,,,"    1",",,W",,,,,,,,,,,,,,
"USW00094119","2019-02-21","47.9742","-117.4292","667.8","DEER PARK AIRPORT, WA US","    0",",,W,2400",,,,,"   22",",,W"," -166",",,W","   28",",,W",,,,,,,"  -62","H,,S",,,"   40",",,W","   40",",,W","   72",",,W","   81",",,W",,,,,,,,,,,,,,,,,,,,,,,,
"USW00094119","2019-02-22","47.9742","-117.4292","667.8","DEER PARK AIRPORT, WA US","   51",",,W,2400",,,,,"  -32",",,W"," -138",",,W","    9",",,W",,,,,,,"  -85","H,,S",,,"  160",",,W","  150",",,W","   45",",,W","   58",",,W","    1",",,W","    1",",,W",,,,,,,,,,,,,,,,,,,,
"USW00094119","2019-02-23","47.9742","-117.4292","667.8","DEER PARK AIRPORT, WA US","    0",",,W,2400",,,,,"  -10",",,W"," -127",",,W","   17",",,W",,,,,,,"  -47","H,,S",,,"   20",",,W","   20",",,W","   54",",,W","   63",",,W","    1",",,W","    1",",,W",,,,,,,,,,,,,,,,,,,,
"USW00094119","2019-02-24","47.9742","-117.4292","667.8","DEER PARK AIRPORT, WA US","    0",",,W,2400",,,,,"  -10",",,W"," -143",",,W","   52",",,W",,,,,,,"  -59","H,,S",,,"   50",",,W","   30",",,W","  103",",,W","  130",",,W",,,,,,,,,,,,,,,,,,,,,,,,
"USW00094119","2019-02-25","47.9742","-117.4292","667.8","DEER PARK AIRPORT, WA US","    0",",,W,2400",,,,,"  -49",",,W"," -171",",,W","   69",",,W",,,,,,,"  -77","H,,S",,,"   50",",,W","   70",",,W","  116",",,W","  157",",,W",,,,,,,,,,,,,,,,,,,,,,,,
"USW00094119","2019-02-26","47.9742","-117.4292","667.8","DEER PARK AIRPORT, WA US","    0",",,W,2400",,,,,"  -55",",,W"," -138",",,W","   57",",,W",,,,,,,"  -91","H,,S",,,"   40",",,W","   40",",,W","   94",",,W","  116",",,W",,,,,,,,,,,,,,,,,,,,,,,,
"USW00094119","2019-02-27","47.9742","-117.4292","667.8","DEER PARK AIRPORT, WA US","    0","T,,W,2400",,,,,"  -16",",,W","  -88",",,W","   68",",,W",,,,,,,"  -61","H,,S",,,"   50",",,W","   50",",,W","  125",",,W","  152",",,W",,,,,,,,,,,,,,,,,,,,,,,,
"USW00094119","2019-02-28","47.9742","-117.4292","667.8","DEER PARK AIRPORT, WA US","   36",",,W,2400",,,,,"  -27",",,W"," -138",",,W","   28",",,W",,,,,,,"  -39","H,,S",,,"  190",",,W","  190",",,W","   58",",,W","   67",",,W","    1",",,W","    1",",,W",,,,,,,,,,,,,,,,,,,,
"USW00094119","2019-03-01","47.9742","-117.4292","667.8","DEER PARK AIRPORT, WA US","    0",",,W,2400",,,,,"  -21",",,W"," -182",",,W","    7",",,W",,,,,,,"  -99","H,,S",,,"  190",",,W","  190",",,W","   36",",,W","   36",",,W","    1",",,W","    1",",,W",,,,,"    1",",,W",,,,,,,,,,,,,,
"USW00094119","2019-03-02","47.9742","-117.4292","667.8","DEER PARK AIRPORT, WA US","    0",",,W,2400",,,,,"  -49",",,W"," -160",",,W","   65",",,W",,,,,,,"  -88","H,,S",,,"   50",",,W","   40",",,W","  112",",,W","  139",",,W","    1",",,W",,,,,,,,,,,,,,,,,,,,,,
"USW00094119","2019-03-03","47.9742","-117.4292","667.8","DEER PARK AIRPORT, WA US","    0",",,W,2400",,,,,"  -49",",,W"," -155",",,W","   54",",,W",,,,,,,"  -96","H,,S",,,"   60",",,W","   30",",,W","   94",",,W","  121",",,W",,,,,,,,,,,,,,,,,,,,,,,,
"USW00094119","2019-03-04","47.9742","-117.4292","667.8","DEER PARK AIRPORT, WA US","    0",",,W,2400",,,,,"   -5",",,W"," -127",",,W","   56",",,W",,,,,,,"  -85","H,,S",,,"   30",",,W","   50",",,W","   94",",,W","  121",",,W",,,,,,,,,,,,,,,,,,,,,,,,
"USW00094119","2019-03-05","47.9742","-117.4292","667.8","DEER PARK AIRPORT, WA US","    0",",,W,2400",,,,,"   33",",,W","  -66",",,W","   64",",,W",,,,,,,"  -31","H,,S",,,"   40",",,W","   40",",,W","   94",",,W","  121",",,W",,,,,,,,,,,,,,,,,,,,,,,,
"USW00094119","2019-03-06","47.9742","-117.4292","667.8","DEER PARK AIRPORT, WA US","    8",",,W,2400",,,,,"   39",",,W","  -27",",,W","   64",",,W",,,,,,,"   16","H,,S",,,"   40",",,W","   50",",,W","  107",",,W","  134",",,W","    1",",,W",,,,,,,,,,,,,,,,,,,,,,
"USW00094119","2019-03-07","47.9742","-117.4292","667.8","DEER PARK AIRPORT, WA US","    0","T,,W,2400",,,,,"   11",",,W","  -99",",,W","   32",",,W",,,,,,,"  -12","H,,S",,,"  200",",,W","  240",",,W","   72",",,W","   85",",,W","    1",",,W",,,,,,,,,,,,,,,,,,,,,,
"USW00094119","2019-03-08","47.9742","-117.4292","667.8","DEER PARK AIRPORT, WA US","    0","T,,W,2400",,,,,"    6",",,W"," -116",",,W","   16",",,W",,,,,,,"  -46","H,,S",,,"  160",",,W","  160",",,W","   45",",,W","   58",",,W","    1",",,W","    1",",,W",,,,,"    1",",,W",,,,,,,,,,,,,,
"USW00094119","2019-03-09","47.9742","-117.4292","667.8","DEER PARK AIRPORT, WA US","    0",",,W,2400",,,,,"   11",",,W"," -110",",,W","   11",",,W",,,,,,,"  -28","H,,S",,,"  170",",,W","  180",",,W","   40",",,W","   58",",,W",,,,,,,,,,,,,,,,,,,,,,,,
"USW00094119","2019-03-10","47.9742","-117.4292","667.8","DEER PARK AIRPORT, WA US","    0",",,W,2400",,,,,"   17",",,W"," -166",",,W","   19",",,W",,,,,,,"  -71","H,,S",,,"  220",",,W","  220",",,W","   58",",,W","   63",",,W","    1",",,W",,,,,,,,,,,,,,,,,,,,,,
"USW00094119","2019-03-11","47.9742","-117.4292","667.8","DEER PARK AIRPORT, WA US","    0",",,W,2400",,,,,"   33",",,W","  -82",",,W","   11",",,W",,,,,,,"  -50","H,,S",,,"  200",",,W","  300",",,W","   45",",,W","   67",",,W","    1",",,W","    1",",,W",,,,,,,,,,,,,,,,,,,,
"USW00094119","2019-03-12","47.9742","-117.4292","667.8","DEER PARK AIRPORT, WA US","  114",",,W,2400",,,,,"    6",",,W","  -27",",,W","   30",",,W",,,,,,,"   -3","H,,S",,,"  160",",,W","  160",",,W","   63",",,W","   81",",,W","    1",",,W",,,,,,,,,,,,,,,,,,,,,,
"USW00094119","2019-03-13","47.9742","-117.4292","667.8","DEER PARK AIRPORT, WA US","    5",",,W,2400",,,,,"   22",",,W","  -88",",,W","   16",",,W",,,,,,,"  -19","H,,S",,,"  190",",,W","  190",",,W","   45",",,W","   54",",,W","    1",",,W","    1",",,W",,,,,,,,,,,,,,,,,,,,
"USW00094119","2019-03-14","47.9742","-117.4292","667.8","DEER PARK AIRPORT, WA US","    0",",,W,2400",,,,,"   39",",,W"," -116",",,W","   10",",,W",,,,,,,"  -38","H,,S",,,"  210",",,W","  210",",,W","   45",",,W","   54",",,W","    1",",,W","    1",",,W",,,,,,,,,,,,,,,,,,,,
"USW00094119","2019-03-15","47.9742","-117.4292","667.8","DEER PARK AIRPORT, WA US","    0",",,W,2400",,,,,"   78",",,W"," -121",",,W","    8",",,W",,,,,,,"  -29","H,,S",,,"  220",",,W","  220",",,W","   40",",,W","   49",",,W","    1",",,W","    1",",,W",,,,,,,,,,,,,,,,,,,,
"USW00094119","2019-03-16","47.9742","-117.4292","667.8","DEER PARK AIRPORT, WA US","    0",",,W,2400",,,,,"   89",",,W","  -82",",,W","   11",",,W",,,,,,,"    1","H,,S",,,"   50",",,W","   40",",,W","   36",",,W","   49",",,W",,,,,,,,,,,,,,,,,,,,,,,,
"USW00094119","2019-03-17","47.9742","-117.4292","667.8","DEER PARK AIRPORT, WA US","    0",",,W,2400",,,,,"  100",",,W","  -55",",,W","   11",",,W",,,,,,,"   13","H,,S",,,"  190",",,W","  290",",,W","   36",",,W","   76",",,W",,,,,,,,,,,,,,,,,,,,,,,,
"USW00094119","2019-03-18","47.9742","-117.4292","667.8","DEER PARK AIRPORT, WA US","    0",",,W,2400",,,,,"  150",",,W","  -55",",,W","   25",",,W",,,,,,,"   37","H,,S",,,"   50",",,W","   20",",,W","   58",",,W","   67",",,W",,,,,,,,,"    1",",,W",,,,,,,,,,,,,,
"USW00094119","2019-03-19","47.9742","-117.4292","667.8","DEER PARK AIRPORT, WA US","    0",",,W,2400",,,,,"  167",",,W","  -49",",,W","   17",",,W",,,,,,,"   52","H,,S",,,"   30",",,W","   30",",,W","   58",",,W","   67",",,W",,,,,,,,,,,,,,,,,,,,,,,,
"USW00094119","2019-03-20","47.9742","-117.4292","667.8","DEER PARK AIRPORT, WA US","    0",",,W,2400",,,,,"  189",",,W","  -16",",,W","   28",",,W",,,,,,,"   87","H,,S",,,"   20",",,W","  350",",,W","   76",",,W","  121",",,W",,,,,,,,,,,,,,,,,,,,,,,,
"USW00094119","2019-03-21","47.9742","-117.4292","667.8","DEER PARK AIRPORT, WA US","    0",",,W,2400",,,,,"  156",",,W","  -43",",,W","   18",",,W",,,,,"    0",",,W","   46","H,,S","    0",",,W","  180",",,W",,,"   36",",,W",,,,,,,,,,,,,,,,,,,,,,,,,,
"USW00094119","2019-03-22","47.9742","-117.4292","667.8","DEER PARK AIRPORT, WA US","    0",",,W,2400",,,,,"  122",",,W","  -43",",,W","    7",",,W",,,,,,,"   43","H,,S",,,"  230",",,W","  220",",,W","   40",",,W","   49",",,W","    1",",,W","    1",",,W",,,,,,,,,,,,,,,,,,,,
"USW00094119","2019-03-23","47.9742","-117.4292","667.8","DEER PARK AIRPORT, WA US","    0","T,,W,2400",,,,,"  139",",,W","  -16",",,W","    7",",,W",,,,,,,"   54","H,,S",,,"  220",",,W","  220",",,W","   40",",,W","   49",",,W","    1",",,W",,,,,,,,,,,,,,,,,,,,,,
"USW00094119","2019-03-24","47.9742","-117.4292","667.8","DEER PARK AIRPORT, WA US","    5",",,W,2400",,,,,"   83",",,W","  -16",",,W","   26",",,W",,,,,,,"   42","H,,S",,,"  210",",,W","   30",",,W","   58",",,W","   63",",,W","    1",",,W",,,,,,,,,,,,,,,,,,,,,,
"USW00094119","2019-03-25","47.9742","-117.4292","667.8","DEER PARK AIRPORT, WA US","    8",",,W,2400",,,,,"  133",",,W","   -5",",,W","   17",",,W",,,,,,,"   63","H,,S",,,"  190",",,W","  280",",,W","   67",",,W","  112",",,W","    1",",,W",,,,,,,,,,,,,,,,,,,,,,
"USW00094119","2019-03-26","47.9742","-117.4292","667.8","DEER PARK AIRPORT, WA US","    0",",,W,2400",,,,,"  122",",,W","  -27",",,W","   35",",,W",,,,,,,"   69","H,,S",,,"  240",",,W","  190",",,W","   81",",,W","  107",",,W","    1",",,W",,,,,,,,,,,,,,,,,,,,,,
"USW00094119","2019-03-27","47.9742","-117.4292","667.8","DEER PARK AIRPORT, WA US","    0","T,,W,2400",,,,,"  117",",,W","  -27",",,W","   47",",,W",,,,,,,"   45","H,,S",,,"   70",",,W","   50",",,W","   94",",,W","  116",",,W",,,,,,,,,,,,,,,,,,,,,,,,
"USW00094119","2019-03-28","47.9742","-117.4292","667.8","DEER PARK AIRPORT, WA US","   10",",,W,2400",,,,,"  106",",,W","    0",",,W","   27",",,W",,,,,,,"   76","H,,S",,,"   70",",,W","   70",",,W","   67",",,W","   89",",,W",,,,,,,,,,,,,,,,,,,,,,,,
"USW00094119","2019-03-29","47.9742","-117.4292","667.8","DEER PARK AIRPORT, WA US","    0",",,W,2400",,,,,"  144",",,W","  -27",",,W","   10",",,W",,,,,,,"   53","H,,S",,,"   50",",,W","   80",",,W","   54",",,W","   67",",,W","    1",",,W",,,,,,,,,,,,,,,,,,,,,,
"USW00094119","2019-03-30","47.9742","-117.4292","667.8","DEER PARK AIRPORT, WA US","    0",",,W,2400",,,,,"  156",",,W","  -38",",,W","   14",",,W",,,,,,,"   44","H,,S",,,"  180",",,W","  210",",,W","   54",",,W","   63",",,W",,,,,,,,,,,,,,,,,,,,,,,,
"USW00094119","2019-03-31","47.9742","-117.4292","667.8","DEER PARK AIRPORT, WA US","   53",",,W,2400",,,,,"  133",",,W","  -10",",,W","   18",",,W",,,,,,,"   64","H,,S",,,"  300",",,W","  310",",,W","   81",",,W","   98",",,W","    1",",,W",,,,,,,,,,,,,,,,,,,,,,
"USW00094119","2019-04-01","47.9742","-117.4292","667.8","DEER PARK AIRPORT, WA US","    0",",,W,2400",,,,,"  161",",,W","  -27",",,W","   21",",,W",,,,,,,"   54","H,,S",,,"   50",",,W","   60",",,W","   58",",,W","   72",",,W","    1",",,W",,,,,,,,,,,,,,,,,,,,,,
"USW00094119","2019-04-02","47.9742","-117.4292","667.8","DEER PARK AIRPORT, WA US","    0",",,W,2400",,,,,"  178",",,W","    6",",,W","   40",",,W",,,,,,,"   82","H,,S",,,"   50",",,W","   50",",,W","   98",",,W","  116",",,W",,,,,,,,,,,,,,,,,,,,,,,,
"USW00094119","2019-04-03","47.9742","-117.4292","667.8","DEER PARK AIRPORT, WA US","   30",",,W,2400",,,,,"  106",",,W","   28",",,W","   23",",,W",,,,,,,"   71","H,,S",,,"  180",",,W","  210",",,W","   54",",,W","   67",",,W","    1",",,W",,,"    1",",,W",,,,,,,,,,,,,,,,,,
"USW00094119","2019-04-04","47.9742","-117.4292","667.8","DEER PARK AIRPORT, WA US","    0",",,W,2400",,,,,"  139",",,W","    0",",,W","   14",",,W",,,,,,,"   73","H,,S",,,"  180",",,W","  180",",,W","   58",",,W","   72",",,W",,,,,,,,,,,,,,,,,,,,,,,,
"USW00094119","2019-04-05","47.9742","-117.4292","667.8","DEER PARK AIRPORT, WA US","  119",",,W,2400",,,,,"  122",",,W","   56",",,W","   31",",,W",,,,,,,"   79","H,,S",,,"  210",",,W","  200",",,W","  107",",,W","  143",",,W","    1",",,W",,,"    1",",,W",,,,,,,,,,,,,,,,,,
"USW00094119","2019-04-06","47.9742","-117.4292","667.8","DEER PARK AIRPORT, WA US","   28",",,W,2400",,,,,"  100",",,W","    6",",,W","   23",",,W",,,,,,,"   58","H,,S",,,"  180",",,W","  180",",,W","   76",",,W","  103",",,W","    1",",,W",,,,,,,,,,,,,,,,,,,,,,
"USW00094119","2019-04-07","47.9742","-117.4292","667.8","DEER PARK AIRPORT, WA US","   66",",,W,2400",,,,,"  117",",,W","   22",",,W","   27",",,W",,,,,,,"   61","H,,S",,,"  240",",,W","  250",",,W","   63",",,W","   85",",,W","    1",",,W",,,,,,,,,,,,,,,,,,,,,,
"USW00094119","2019-04-08","47.9742","-117.4292","667.8","DEER PARK AIRPORT, WA US","   30",",,W,2400",,,,,"  106",",,W","   50",",,W","   16",",,W",,,,,,,"   73","H,,S",,,"   70",",,W","   60",",,W","   40",",,W","   54",",,W","    1",",,W",,,,,,,"    1",",,W",,,,,,,,,,,,,,
"USW00094119","2019-04-09","47.9742","-117.4292","667.8","DEER PARK AIRPORT, WA US","   94",",,W,2400",,,,,"  106",",,W","   11",",,W","   20",",,W",,,,,,,"   76","H,,S",,,"  310",",,W","  330",",,W","   63",",,W","   72",",,W","    1",",,W",,,,,,,,,,,,,,,,,,,,,,
"USW00094119","2019-04-10","47.9742","-117.4292","667.8","DEER PARK AIRPORT, WA US","    0",",,W,2400",,,,,"  139",",,W","  -21",",,W","   32",",,W",,,,,,,"   61","H,,S",,,"  220",",,W","  210",",,W","  107",",,W","  134",",,W","    1",",,W","    1",",,W",,,,,,,,,,,,,,,,,,,,
"USW00094119","2019-04-11","47.9742","-117.4292","667.8","DEER PARK AIRPORT, WA US","    0","T,,W,2400",,,,,"  117",",,W","  -21",",,W","   13",",,W",,,,,,,"   55","H,,S",,,"  240",",,W","  240",",,W","   58",",,W","   67",",,W","    1",",,W","    1",",,W",,,,,,,,,,,,,,,,,,,,
"USW00094119","2019-04-12","47.9742","-117.4292","667.8","DEER PARK AIRPORT, WA US","    5",",,W,2400",,,,,"  117",",,W","  -32",",,W","   13",",,W",,,,,,,"   44","H,,S",,,"  210",",,W","  210",",,W","   67",",,W","   81",",,W",,,,,,,,,,,,,,,,,,,,,,,,
"USW00094119","2019-04-13","47.9742","-117.4292","667.8","DEER PARK AIRPORT, WA US","   91",",,W,2400",,,,,"   72",",,W","   11",",,W","   35",",,W",,,,,,,"   47","H,,S",,,"  210",",,W","  220",",,W","  103",",,W","  116",",,W","    1",",,W",,,,,,,,,,,,,,,,,,,,,,
"USW00094119","2019-04-14","47.9742","-117.4292","667.8","DEER PARK AIRPORT, WA US","    3",",,W,2400",,,,,"  106",",,W","   17",",,W","   51",",,W",,,,,,,"   53","H,,S",,,"  200",",,W","  200",",,W","  107",",,W","  134",",,W",,,,,,,,,,,,,,,,,,,,,,,,
"USW00094119","2019-04-15","47.9742","-117.4292","667.8","DEER PARK AIRPORT, WA US","    0",",,W,2400",,,,,"  106",",,W","    6",",,W","   29",",,W",,,,,,,"   53","H,,S",,,"  170",",,W","  160",",,W","   67",",,W","   85",",,W",,,,,,,,,,,,,,,,,,,,,,,,
"USW00094119","2019-04-16","47.9742","-117.4292","667.8","DEER PARK AIRPORT, WA US","    0",",,W,2400",,,,,"  139",",,W","  -27",",,W","   30",",,W",,,,,,,"   56","H,,S",,,"  230",",,W","  220",",,W","   81",",,W","  103",",,W",,,,,,,,,,,,,,,,,,,,,,,,
"USW00094119","2019-04-17","47.9742","-117.4292","667.8","DEER PARK AIRPORT, WA US","    0","T,,W,2400",,,,,"  178",",,W","   56",",,W","   54",",,W",,,,,,,"  106","H,,S",,,"  200",",,W","  200",",,W","  103",",,W","  125",",,W",,,,,,,,,,,,,,,,,,,,,,,,
"USW00094119","2019-04-18","47.9742","-117.4292","667.8","DEER PARK AIRPORT, WA US","    0","T,,W,2400",,,,,"  183",",,W","   61",",,W","   12",",,W",,,,,,,"  111","H,,S",,,"  180",",,W","  180",",,W","   45",",,W","   54",",,W",,,,,,,,,,,,,,,,,,,,,,,,
"USW00094119","2019-04-19","47.9742","-117.4292","667.8","DEER PARK AIRPORT, WA US","    3",",,W,2400",,,,,"  172",",,W","   89",",,W","   26",",,W",,,,,,,"  131","H,,S",,,"  240",",,W","  240",",,W","   94",",,W","  125",",,W",,,,,,,,,,,,,,,,,,,,,,,,
"USW00094119","2019-04-20","47.9742","-117.4292","667.8","DEER PARK AIRPORT, WA US","   13",",,W,2400",,,,,"  183",",,W","   11",",,W","   17",",,W",,,,,,,"  124","H,,S",,,"  320",",,W","  260",",,W","   72",",,W","   89",",,W",,,,,,,,,"    1",",,W",,,,,,,,,,,,,,
"USW00094119","2019-04-21","47.9742","-117.4292","667.8","DEER PARK AIRPORT, WA US","    0",",,W,2400",,,,,"  189",",,W","  -10",",,W","   19",",,W",,,,,,,"   94","H,,S",,,"   30",",,W","   20",",,W","   58",",,W","   72",",,W",,,,,,,,,,,,,,,,,,,,,,,,
"USW00094119","2019-04-22","47.9742","-117.4292","667.8","DEER PARK AIRPORT, WA US","    3",",,W,2400",,,,,"  189",",,W","   -5",",,W","   34",",,W",,,,,,,"  101","H,,S",,,"  220",",,W","  230",",,W","   94",",,W","  130",",,W",,,,,,,,,,,,,,,,,,,,,,,,
"USW00094119","2019-04-23","47.9742","-117.4292","667.8","DEER PARK AIRPORT, WA US","    0",",,W,2400",,,,,"  200",",,W","   72",",,W","   55",",,W",,,,,,,"  142","H,,S",,,"  210",",,W","  210",",,W","  107",",,W","  139",",,W",,,,,,,,,,,,,,,,,,,,,,,,
"USW00094119","2019-04-24","47.9742","-117.4292","667.8","DEER PARK AIRPORT, WA US","    0",",,W,2400",,,,,"  183",",,W","    0",",,W","   19",",,W",,,,,,,"  111","H,,S",,,"  300",",,W","  280",",,W","   67",",,W","   98",",,W",,,,,,,,,,,,,,,,,,,,,,,,
"USW00094119","2019-04-25","47.9742","-117.4292","667.8","DEER PARK AIRPORT, WA US","    0",",,W,2400",,,,,"  172",",,W","  -27",",,W","   18",",,W",,,,,,,"   92","H,,S",,,"   60",",,W","   20",",,W","   54",",,W","   72",",,W",,,,,,,,,,,,,,,,,,,,,,,,
"USW00094119","2019-04-26","47.9742","-117.4292","667.8","DEER PARK AIRPORT, WA US","    0","T,,W,2400",,,,,"  172",",,W","   56",",,W","   35",",,W",,,,,,,"  108","H,,S",,,"  260",",,W","  250",",,W","   89",",,W","  112",",,W",,,,,,,,,,,,,,,,,,,,,,,,
"USW00094119","2019-04-27","47.9742","-117.4292","667.8","DEER PARK AIRPORT, WA US","    0","T,,W,2400",,,,,"  117",",,W","   -5",",,W","   51",",,W",,,,,,,"  101","H,,S",,,"  210",",,W","  320",",,W","  116",",,W","  152",",,W",,,,,,,,,,,,,,,,,,,,,,,,
"USW00094119","2019-04-28","47.9742","-117.4292","667.8","DEER PARK AIRPORT, WA US","    0",",,W,2400",,,,,"  117",",,W","  -32",",,W","   40",",,W",,,,,,,"   55","H,,S",,,"   90",",,W","   60",",,W","   89",",,W","  130",",,W",,,,,,,,,,,,,,,,,,,,,,,,
"USW00094119","2019-04-29","47.9742","-117.4292","667.8","DEER PARK AIRPORT, WA US","    0",",,W,2400",,,,,"  144",",,W","  -43",",,W","   42",",,W",,,,,,,"   57","H,,S",,,"   40",",,W","   30",",,W","   89",",,W","  116",",,W",,,,,,,,,,,,,,,,,,,,,,,,
"USW00094119","2019-04-30","47.9742","-117.4292","667.8","DEER PARK AIRPORT, WA US","    0",",,W,2400",,,,,"  144",",,W","  -55",",,W","   18",",,W",,,,,,,"   58","H,,S",,,"  290",",,W","  290",",,W","   72",",,W","   89",",,W",,,,,,,,,,,,,,,,,,,,,,,,
"USW00094119","2019-05-01","47.9742","-117.4292","667.8","DEER PARK AIRPORT, WA US","    0",",,W,2400",,,,,"  156",",,W","  -27",",,W","   32",",,W",,,,,,,"   64","H,,S",,,"  230",",,W","  240",",,W","  103",",,W","  152",",,W",,,,,,,,,,,,,,,,,,,,,,,,
"USW00094119","2019-05-02","47.9742","-117.4292","667.8","DEER PARK AIRPORT, WA US","    0",",,W,2400",,,,,"  167",",,W","  -16",",,W","   33",",,W",,,,,,,"   75","H,,S",,,"  210",",,W","  200",",,W","   76",",,W","   98",",,W",,,,,,,,,,,,,,,,,,,,,,,,
"USW00094119","2019-05-03","47.9742","-117.4292","667.8","DEER PARK AIRPORT, WA US","    0",",,W,2400",,,,,"  178",",,W","    6",",,W","   23",",,W",,,,,,,"  102","H,,S",,,"  170",",,W","  190",",,W","   63",",,W","   76",",,W",,,,,,,,,,,,,,,,,,,,,,,,
"USW00094119","2019-05-04","47.9742","-117.4292","667.8","DEER PARK AIRPORT, WA US","    0",",,W,2400",,,,,"  217",",,W","   -5",",,W","   23",",,W",,,,,,,"  106","H,,S",,,"  230",",,W","  230",",,W","   72",",,W","   94",",,W",,,,,,,,,,,,,,,,,,,,,,,,
"USW00094119","2019-05-05","47.9742","-117.4292","667.8","DEER PARK AIRPORT, WA US","    0",",,W,2400",,,,,"  222",",,W","   33",",,W","   30",",,W",,,,,,,"  159","H,,S",,,"  340",",,W","  310",",,W","   67",",,W","   89",",,W",,,,,,,,,,,,,,,,,,,,,,,,
"USW00094119","2019-05-06","47.9742","-117.4292","667.8","DEER PARK AIRPORT, WA US","    0",",,W,2400",,,,,"  233",",,W","   11",",,W","   26",",,W",,,,,,,"  129","H,,S",,,"  310",",,W","  290",",,W","   81",",,W","  107",",,W",,,,,,,,,,,,,,,,,,,,,,,,
"USW00094119","2019-05-07","47.9742","-117.4292","667.8","DEER PARK AIRPORT, WA US","    0",",,W,2400",,,,,"  239",",,W","   56",",,W","   36",",,W",,,,,,,"  159","H,,S",,,"  300",",,W","  330",",,W","   89",",,W","  143",",,W",,,,,,,,,,,,,,,,,,,,,,,,
"USW00094119","2019-05-08","47.9742","-117.4292","667.8","DEER PARK AIRPORT, WA US","    0",",,W,2400",,,,,"  228",",,W","   61",",,W","   32",",,W",,,,,,,"  153","H,,S",,,"   30",",,W","   30",",,W","   72",",,W","   94",",,W",,,,,,,,,,,,,,,,,,,,,,,,
"USW00094119","2019-05-09","47.9742","-117.4292","667.8","DEER PARK AIRPORT, WA US","    0",",,W,2400",,,,,"  228",",,W","   22",",,W","   22",",,W",,,,,,,"  154","H,,S",,,"   40",",,W","   30",",,W","   76",",,W","   94",",,W",,,,,,,,,"    1",",,W",,,,,,,,,,,,,,
"USW00094119","2019-05-10","47.9742","-117.4292","667.8","DEER PARK AIRPORT, WA US","    0",",,W,2400",,,,,"  256",",,W","   22",",,W","   14",",,W",,,,,,,"  135","H,,S",,,"  220",",,W","  210",",,W","   63",",,W","   85",",,W",,,,,,,,,,,,,,,,,,,,,,,,
"USW00094119","2019-05-11","47.9742","-117.4292","667.8","DEER PARK AIRPORT, WA US","    0",",,W,2400",,,,,"  278",",,W","   44",",,W","   13",",,W",,,,,,,"  164","H,,S",,,"  210",",,W","  200",",,W","   76",",,W","   94",",,W",,,,,,,,,,,,,,,,,,,,,,,,
"USW00094119","2019-05-12","47.9742","-117.4292","667.8","DEER PARK AIRPORT, WA US","    0",",,W,2400",,,,,"  267",",,W","   56",",,W","   36",",,W",,,,,,,"  173","H,,S",,,"  200",",,W","  210",",,W","   98",",,W","  134",",,W",,,,,,,,,,,,,,,,,,,,,,,,
"USW00094119","2019-05-13","47.9742","-117.4292","667.8","DEER PARK AIRPORT, WA US","    0",",,W,2400",,,,,"  228",",,W","   56",",,W","   31",",,W",,,,,,,"  164","H,,S",,,"  200",",,W","  160",",,W","   72",",,W","   98",",,W",,,,,,,,,,,,,,,,,,,,,,,,
"USW00094119","2019-05-14","47.9742","-117.4292","667.8","DEER PARK AIRPORT, WA US","    0","T,,W,2400",,,,,"  217",",,W","   22",",,W","   33",",,W",,,,,,,"  135","H,,S",,,"  210",",,W","  260",",,W","   81",",,W","  103",",,W",,,,,,,,,,,,,,,,,,,,,,,,
"USW00094119","2019-05-15","47.9742","-117.4292","667.8","DEER PARK AIRPORT, WA US","    0","T,,W,2400",,,,,"  222",",,W","   89",",,W","   26",",,W",,,,,,,"  142","H,,S",,,"   60",",,W","   60",",,W","   63",",,W","   81",",,W",,,,,,,,,,,,,,,,,,,,,,,,
"USW00094119","2019-05-16","47.9742","-117.4292","667.8","DEER PARK AIRPORT, WA US","  104",",,W,2400",,,,,"  206",",,W","  117",",,W","   51",",,W",,,,,,,"  153","H,,S",,,"   20",",,W","   20",",,W","   76",",,W","  107",",,W","    1",",,W",,,"    1",",,W",,,,,,,,,,,,,,,,,,
"USW00094119","2019-05-17","47.9742","-117.4292","667.8","DEER PARK AIRPORT, WA US","  307",",,W,2400",,,,,"  117",",,W","   94",",,W","   30",",,W",,,,,,,"  116","H,,S",,,"   60",",,W","   60",",,W","   58",",,W","   67",",,W","    1",",,W",,,,,,,,,,,,,,,,,,,,,,
"USW00094119","2019-05-18","47.9742","-117.4292","667.8","DEER PARK AIRPORT, WA US","   58",",,W,2400",,,,,"  133",",,W","   67",",,W","   34",",,W",,,,,,,"   96","H,,S",,,"   40",",,W","   40",",,W","   72",",,W","   85",",,W","    1",",,W",,,,,,,,,,,,,,,,,,,,,,
"USW00094119","2019-05-19","47.9742","-117.4292","667.8","DEER PARK AIRPORT, WA US","    0",",,W,2400",,,,,"  183",",,W","   78",",,W","   72",",,W",,,,,,,"  121","H,,S",,,"   60",",,W","   50",",,W","  125",",,W","  170",",,W",,,,,,,,,,,,,,,,,,,,,,,,
"USW00094119","2019-05-20","47.9742","-117.4292","667.8","DEER PARK AIRPORT, WA US","    0",",,W,2400",,,,,"  189",",,W","   67",",,W","   54",",,W",,,,,,,"  125","H,,S",,,"   50",",,W","   40",",,W","   94",",,W","  130",",,W",,,,,,,,,,,,,,,,,,,,,,,,
"USW00094119","2019-05-21","47.9742","-117.4292","667.8","DEER PARK AIRPORT, WA US","    0",",,W,2400",,,,,"  211",",,W","   67",",,W","   47",",,W",,,,,,,"  128","H,,S",,,"   50",",,W","   20",",,W","   81",",,W","  116",",,W",,,,,,,,,,,,,,,,,,,,,,,,
"USW00094119","2019-05-22","47.9742","-117.4292","667.8","DEER PARK AIRPORT, WA US","    0",",,W,2400",,,,,"  222",",,W","   67",",,W","   43",",,W",,,,,,,"  163","H,,S",,,"   70",",,W","   50",",,W","   98",",,W","  134",",,W",,,,,,,,,,,,,,,,,,,,,,,,
"USW00094119","2019-05-23","47.9742","-117.4292","667.8","DEER PARK AIRPORT, WA US","    0",",,W,2400",,,,,"  244",",,W","   56",",,W","   22",",,W",,,,,,,"  150","H,,S",,,"  360",",,W","  310",",,W","   58",",,W","   72",",,W",,,,,,,,,,,,,,,,,,,,,,,,
"USW00094119","2019-05-24","47.9742","-117.4292","667.8","DEER PARK AIRPORT, WA US","  112",",,W,2400",,,,,"  172",",,W","   50",",,W","   22",",,W",,,,,,,"  123","H,,S",,,"  150",",,W","  160",",,W","   98",",,W","  125",",,W","    1",",,W",,,"    1",",,W",,,,,,,,,,,,,,,,,,
"USW00094119","2019-05-25","47.9742","-117.4292","667.8","DEER PARK AIRPORT, WA US","   15",",,W,2400",,,,,"  183",",,W","   89",",,W","   26",",,W",,,,,,,"  117","H,,S",,,"   50",",,W","   40",",,W","   58",",,W","   72",",,W",,,,,,,,,,,,,,,,,,,,,,,,
"USW00094119","2019-05-26","47.9742","-117.4292","667.8","DEER PARK AIRPORT, WA US","   23",",,W,2400",,,,,"  194",",,W","  106",",,W","   60",",,W",,,,,,,"  145","H,,S",,,"   50",",,W","   40",",,W","  125",",,W","  161",",,W",,,,,,,,,,,,,,,,,,,,,,,,
"USW00094119","2019-05-27","47.9742","-117.4292","667.8","DEER PARK AIRPORT, WA US","    0",",,W,2400",,,,,"  256",",,W","   67",",,W","   27",",,W",,,,,,,"  167","H,,S",,,"   30",",,W","   50",",,W","   76",",,W","   98",",,W",,,,,,,,,,,,,,,,,,,,,,,,
"USW00094119","2019-05-28","47.9742","-117.4292","667.8","DEER PARK AIRPORT, WA US","    0",",,W,2400",,,,,"  267",",,W","   67",",,W","   15",",,W",,,,,,,"  166","H,,S",,,"  270",",,W","  310",",,W","   45",",,W","   58",",,W",,,,,,,,,,,,,,,,,,,,,,,,
"USW00094119","2019-05-29","47.9742","-117.4292","667.8","DEER PARK AIRPORT, WA US","    0",",,W,2400",,,,,"  272",",,W","   72",",,W","   21",",,W",,,,,,,"  176","H,,S",,,"  200",",,W","  160",",,W","   58",",,W","   81",",,W",,,,,,,,,,,,,,,,,,,,,,,,
"USW00094119","2019-05-30","47.9742","-117.4292","667.8","DEER PARK AIRPORT, WA US","   20",",,W,2400",,,,,"  278",",,W","   94",",,W","   13",",,W",,,,,,,"  187","H,,S",,,"   30",",,W","   40",",,W","   94",",,W","  112",",,W",,,,,"    1",",,W",,,,,,,,,,,,,,,,,,
"USW00094119","2019-05-31","47.9742","-117.4292","667.8","DEER PARK AIRPORT, WA US","    0",",,W,2400",,,,,"  278",",,W","   94",",,W","   17",",,W",,,,,,,"  180","H,,S",,,"   20",",,W","   20",",,W","   89",",,W","  112",",,W","    1",",,W",,,"    1",",,W",,,,,,,,,,,,,,,,,,
"USW00094119","2019-06-01","47.9742","-117.4292","667.8","DEER PARK AIRPORT, WA US","    0",",,W,2400",,,,,"  289",",,W","   94",",,W","   16",",,W",,,,,,,"  193","H,,S",,,"  210",",,W","  230",",,W","   63",",,W","   98",",,W",,,,,,,,,,,,,,,,,,,,,,,,
"USW00094119","2019-06-02","47.9742","-117.4292","667.8","DEER PARK AIRPORT, WA US","    0",",,W,2400",,,,,"  294",",,W","   94",",,W","   26",",,W",,,,,,,"  198","H,,S",,,"  190",",,W","  180",",,W","   72",",,W","  103",",,W",,,,,,,,,,,,,,,,,,,,,,,,
"USW00094119","2019-06-03","47.9742","-117.4292","667.8","DEER PARK AIRPORT, WA US","    0",",,W,2400",,,,,"  250",",,W","  117",",,W","   38",",,W",,,,,,,"  182","H,,S",,,"  190",",,W","  190",",,W","   67",",,W","   94",",,W",,,,,,,,,,,,,,,,,,,,,,,,
"USW00094119","2019-06-07","47.9742","-117.4292","667.8","DEER PARK AIRPORT, WA US",,,,,,,,,,,,,,,,,,,,,,,,,,,,,,,,,,,"    1",",,W",,,,,,,,,,,,,,,,,,
"USW00094119","2019-06-08","47.9742","-117.4292","667.8","DEER PARK AIRPORT, WA US",,,,,,,,,,,,,,,,,,,,,,,,,,,,,,,,,,,"    1",",,W",,,,,,,,,,,,,,,,,,
"USW00094119","2019-06-13","47.9742","-117.4292","667.8","DEER PARK AIRPORT, WA US","    0",",,W,2400",,,,,"  328",",,W","  100",",,W","   32",",,W",,,,,,,"  213","H,,S",,,"  240",",,W","  230",",,W","   89",",,W","  107",",,W",,,,,,,,,,,,,,,,,,,,,,,,
"USW00094119","2019-06-14","47.9742","-117.4292","667.8","DEER PARK AIRPORT, WA US","    0",",,W,2400",,,,,"  289",",,W","  117",",,W","   35",",,W",,,,,,,"  212","H,,S",,,"  200",",,W","  200",",,W","   81",",,W","   98",",,W",,,,,,,,,,,,,,,,,,,,,,,,
"USW00094119","2019-06-15","47.9742","-117.4292","667.8","DEER PARK AIRPORT, WA US","    0",",,W,2400",,,,,"  283",",,W","  106",",,W","   19",",,W",,,,,,,"  201","H,,S",,,"  190",",,W","  190",",,W","   54",",,W","   72",",,W",,,,,,,,,,,,,,,,,,,,,,,,
"USW00094119","2019-06-16","47.9742","-117.4292","667.8","DEER PARK AIRPORT, WA US","    0",",,W,2400",,,,,"  306",",,W","  100",",,W","   14",",,W",,,,,,,"  207","H,,S",,,"  280",",,W","  260",",,W","   45",",,W","   67",",,W",,,,,,,,,,,,,,,,,,,,,,,,
"USW00094119","2019-06-17","47.9742","-117.4292","667.8","DEER PARK AIRPORT, WA US","    0",",,W,2400",,,,,"  289",",,W","  100",",,W","   16",",,W",,,,,,,"  206","H,,S",,,"  210",",,W","  240",",,W","   58",",,W","   72",",,W",,,,,,,,,,,,,,,,,,,,,,,,
"USW00094119","2019-06-18","47.9742","-117.4292","667.8","DEER PARK AIRPORT, WA US","    0",",,W,2400",,,,,"  289",",,W","  100",",,W","   41",",,W",,,,,,,"  201","H,,S",,,"  220",",,W","  230",",,W","   94",",,W","  116",",,W","    1",",,W",,,,,,,,,,,,,,,,,,,,,,
"USW00094119","2019-06-19","47.9742","-117.4292","667.8","DEER PARK AIRPORT, WA US","    0","T,,W,2400",,,,,"  211",",,W","   56",",,W","   37",",,W",,,,,,,"  183","H,,S",,,"  330",",,W","  330",",,W","  103",",,W","  125",",,W",,,,,,,,,"    1",",,W",,,,,,,,,,,,,,
"USW00094119","2019-06-20","47.9742","-117.4292","667.8","DEER PARK AIRPORT, WA US","    3",",,W,2400",,,,,"  183",",,W","   28",",,W","   31",",,W",,,,,,,"  119","H,,S",,,"  330",",,W","  310",",,W","  107",",,W","  143",",,W",,,,,,,,,"    1",",,W",,,,,,,,,,,,,,
"USW00094119","2019-06-21","47.9742","-117.4292","667.8","DEER PARK AIRPORT, WA US","    0",",,W,2400",,,,,"  194",",,W","   22",",,W","   14",",,W",,,,,,,"   99","H,,S",,,"  160",",,W","  120",",,W","   40",",,W","   54",",,W",,,,,,,,,,,,,,,,,,,,,,,,
"USW00094119","2019-06-22","47.9742","-117.4292","667.8","DEER PARK AIRPORT, WA US","    0",",,W,2400",,,,,"  244",",,W","   78",",,W","   43",",,W",,,,,,,"  159","H,,S",,,"  210",",,W","  220",",,W","   94",",,W","  116",",,W",,,,,,,,,,,,,,,,,,,,,,,,
"USW00094119","2019-06-23","47.9742","-117.4292","667.8","DEER PARK AIRPORT, WA US","    0","T,,W,2400",,,,,"  217",",,W","   94",",,W","   37",",,W",,,,,,,"  158","H,,S",,,"  190",",,W","  210",",,W","   98",",,W","  130",",,W",,,,,,,,,,,,,,,,,,,,,,,,
"USW00094119","2019-06-24","47.9742","-117.4292","667.8","DEER PARK AIRPORT, WA US","    0",",,W,2400",,,,,"  222",",,W","   56",",,W","   31",",,W",,,,,,,"  146","H,,S",,,"  170",",,W","  170",",,W","   89",",,W","  103",",,W",,,,,,,,,,,,,,,,,,,,,,,,
"USW00094119","2019-06-25","47.9742","-117.4292","667.8","DEER PARK AIRPORT, WA US","    0",",,W,2400",,,,,"  244",",,W","   61",",,W","   18",",,W",,,,,,,"  151","H,,S",,,"  240",",,W","  260",",,W","   54",",,W","   76",",,W",,,,,,,,,,,,,,,,,,,,,,,,
"USW00094119","2019-06-26","47.9742","-117.4292","667.8","DEER PARK AIRPORT, WA US","    3",",,W,2400",,,,,"  267",",,W","   72",",,W","   22",",,W",,,,,,,"  169","H,,S",,,"  230",",,W","  230",",,W","  107",",,W","  157",",,W",,,,,,,,,,,,,,,,,,,,,,,,
"USW00094119","2019-06-27","47.9742","-117.4292","667.8","DEER PARK AIRPORT, WA US","   15",",,W,2400",,,,,"  183",",,W","   44",",,W","   29",",,W",,,,,,,"  147","H,,S",,,"  220",",,W","  220",",,W","   81",",,W","   98",",,W","    1",",,W",,,"    1",",,W",,,,,,,,,,,,,,,,,,
"USW00094119","2019-06-28","47.9742","-117.4292","667.8","DEER PARK AIRPORT, WA US","    0",",,W,2400",,,,,"  222",",,W","   22",",,W","   25",",,W",,,,,,,"  126","H,,S",,,"  250",",,W","  230",",,W","   72",",,W","   85",",,W",,,,,,,,,,,,,,,,,,,,,,,,
"USW00094119","2019-06-29","47.9742","-117.4292","667.8","DEER PARK AIRPORT, WA US","    0",",,W,2400",,,,,"  250",",,W","   33",",,W","   19",",,W",,,,,,,"  148","H,,S",,,"  210",",,W","  170",",,W","   58",",,W","   94",",,W",,,,,,,,,,,,,,,,,,,,,,,,
"USW00094119","2019-06-30","47.9742","-117.4292","667.8","DEER PARK AIRPORT, WA US","    0",",,W,2400",,,,,"  283",",,W","   61",",,W","   20",",,W",,,,,,,"  179","H,,S",,,"   30",",,W","   10",",,W","   58",",,W","   72",",,W",,,,,,,,,,,,,,,,,,,,,,,,
"USW00094119","2019-07-01","47.9742","-117.4292","667.8","DEER PARK AIRPORT, WA US","    0",",,W,2400",,,,,"  294",",,W","   72",",,W","   23",",,W",,,,,,,"  192","H,,S",,,"  220",",,W","  160",",,W","   76",",,W","   98",",,W",,,,,,,,,,,,,,,,,,,,,,,,
"USW00094119","2019-07-02","47.9742","-117.4292","667.8","DEER PARK AIRPORT, WA US","    5",",,W,2400",,,,,"  256",",,W","  117",",,W","   36",",,W",,,,,,,"  201","H,,S",,,"   30",",,W","   40",",,W","   89",",,W","   98",",,W",,,,,"    1",",,W",,,,,,,,,,,,,,,,,,
"USW00094119","2019-07-03","47.9742","-117.4292","667.8","DEER PARK AIRPORT, WA US","   28",",,W,2400",,,,,"  233",",,W","  100",",,W","   18",",,W",,,,,,,"  161","H,,S",,,"  280",",,W","  270",",,W","   45",",,W","   67",",,W","    1",",,W",,,,,,,,,,,,,,,,,,,,,,
"USW00094119","2019-07-04","47.9742","-117.4292","667.8","DEER PARK AIRPORT, WA US","    0",",,W,2400",,,,,"  256",",,W","   72",",,W","   17",",,W",,,,,,,"  163","H,,S",,,"  250",",,W","  150",",,W","   54",",,W","   67",",,W","    1",",,W",,,,,,,,,,,,,,,,,,,,,,
"USW00094119","2019-07-05","47.9742","-117.4292","667.8","DEER PARK AIRPORT, WA US","    0","T,,W,2400",,,,,"  289",",,W","  128",",,W","   26",",,W",,,,,,,"  200","H,,S",,,"  200",",,W","  210",",,W","   67",",,W","   98",",,W",,,,,,,,,,,,,,,,,,,,,,,,
"USW00094119","2019-07-06","47.9742","-117.4292","667.8","DEER PARK AIRPORT, WA US","    0",",,W,2400",,,,,"  283",",,W","   94",",,W","   32",",,W",,,,,,,"  202","H,,S",,,"  200",",,W","  190",",,W","   89",",,W","  112",",,W",,,,,,,,,,,,,,,,,,,,,,,,
"USW00094119","2019-07-07","47.9742","-117.4292","667.8","DEER PARK AIRPORT, WA US","    0",",,W,2400",,,,,"  244",",,W","   83",",,W","   30",",,W",,,,,,,"  178","H,,S",,,"  210",",,W","  210",",,W","   67",",,W","  107",",,W",,,,,,,,,,,,,,,,,,,,,,,,
"USW00094119","2019-07-08","47.9742","-117.4292","667.8","DEER PARK AIRPORT, WA US","    0",",,W,2400",,,,,"  256",",,W","   72",",,W","   23",",,W",,,,,,,"  168","H,,S",,,"  250",",,W","  260",",,W","   63",",,W","   81",",,W",,,,,,,,,,,,,,,,,,,,,,,,
"USW00094119","2019-07-09","47.9742","-117.4292","667.8","DEER PARK AIRPORT, WA US","    0",",,W,2400",,,,,"  278",",,W","   56",",,W","   14",",,W",,,,,,,"  177","H,,S",,,"  180",",,W","  180",",,W","   45",",,W","   63",",,W","    1",",,W",,,,,,,,,,,,,,,,,,,,,,
"USW00094119","2019-07-10","47.9742","-117.4292","667.8","DEER PARK AIRPORT, WA US","    3",",,W,2400",,,,,"  250",",,W","  139",",,W","   14",",,W",,,,,,,"  201","H,,S",,,"   90",",,W","   80",",,W","   40",",,W","   63",",,W",,,,,,,,,,,,,,,,,,,,,,,,
"USW00094119","2019-07-11","47.9742","-117.4292","667.8","DEER PARK AIRPORT, WA US","    0",",,W,2400",,,,,"  272",",,W","  122",",,W","   23",",,W",,,,,,,"  196","H,,S",,,"  200",",,W","  210",",,W","   72",",,W","   89",",,W",,,,,,,,,,,,,,,,,,,,,,,,
"USW00094119","2019-07-12","47.9742","-117.4292","667.8","DEER PARK AIRPORT, WA US","    0",",,W,2400",,,,,"  300",",,W","   89",",,W","   17",",,W",,,,,,,"  197","H,,S",,,"  230",",,W","  260",",,W","   72",",,W","  121",",,W",,,,,,,,,,,,,,,,,,,,,,,,
"USW00094119","2019-07-13","47.9742","-117.4292","667.8","DEER PARK AIRPORT, WA US","    0",",,W,2400",,,,,"  306",",,W","  100",",,W","   17",",,W",,,,,,,"  206","H,,S",,,"  250",",,W","  260",",,W","   72",",,W","  134",",,W",,,,,,,,,,,,,,,,,,,,,,,,
"USW00094119","2019-07-14","47.9742","-117.4292","667.8","DEER PARK AIRPORT, WA US","    0",",,W,2400",,,,,"  278",",,W","  100",",,W","   40",",,W",,,,,,,"  203","H,,S",,,"  220",",,W","  220",",,W","   81",",,W","  134",",,W",,,,,,,,,"    1",",,W",,,,,,,,,,,,,,
"USW00094119","2019-07-15","47.9742","-117.4292","667.8","DEER PARK AIRPORT, WA US","    0","T,,W,2400",,,,,"  211",",,W","   72",",,W","    9",",,W",,,,,,,"  172","H,,S",,,"  180",",,W","  190",",,W","   45",",,W","   63",",,W",,,,,,,,,,,,,,,,,,,,,,,,
"USW00094119","2019-07-16","47.9742","-117.4292","667.8","DEER PARK AIRPORT, WA US","   18",",,W,2400",,,,,"  244",",,W","  117",",,W","   26",",,W",,,,,,,"  169","H,,S",,,"  300",",,W","  300",",,W","   72",",,W","   89",",,W","    1",",,W",,,"    1",",,W",,,,,,,,,,,,,,,,,,
"USW00094119","2019-07-17","47.9742","-117.4292","667.8","DEER PARK AIRPORT, WA US","    3",",,W,2400",,,,,"  206",",,W","  100",",,W","   30",",,W",,,,,,,"  164","H,,S",,,"  200",",,W","  210",",,W","   89",",,W","  112",",,W",,,,,,,,,,,,,,,,,,,,,,,,
"USW00094119","2019-07-18","47.9742","-117.4292","667.8","DEER PARK AIRPORT, WA US","    0",",,W,2400",,,,,"  256",",,W","   72",",,W","   60",",,W",,,,,,,"  185","H,,S",,,"  220",",,W","  250",",,W","  107",",,W","  143",",,W",,,,,,,,,,,,,,,,,,,,,,,,
"USW00094119","2019-07-19","47.9742","-117.4292","667.8","DEER PARK AIRPORT, WA US","    0",",,W,2400",,,,,"  233",",,W","   44",",,W","   27",",,W",,,,,,,"  154","H,,S",,,"  280",",,W","  200",",,W","   63",",,W","   89",",,W",,,,,,,,,,,,,,,,,,,,,,,,
"USW00094119","2019-07-20","47.9742","-117.4292","667.8","DEER PARK AIRPORT, WA US","    0",",,W,2400",,,,,"  256",",,W","   33",",,W","   22",",,W",,,,,,,"  156","H,,S",,,"  330",",,W","  350",",,W","   67",",,W","   85",",,W",,,,,,,,,,,,,,,,,,,,,,,,
"USW00094119","2019-07-21","47.9742","-117.4292","667.8","DEER PARK AIRPORT, WA US","    0",",,W,2400",,,,,"  306",",,W","   89",",,W","   34",",,W",,,,,,,"  193","H,,S",,,"   50",",,W","   60",",,W","   89",",,W","  107",",,W",,,,,,,,,,,,,,,,,,,,,,,,
"USW00094119","2019-07-22","47.9742","-117.4292","667.8","DEER PARK AIRPORT, WA US","    0","T,,W,2400",,,,,"  333",",,W","  156",",,W","   38",",,W",,,,,,,"  226","H,,S",,,"   50",",,W","   40",",,W","   94",",,W","  112",",,W",,,,,,,,,,,,,,,,,,,,,,,,
"USW00094119","2019-07-23","47.9742","-117.4292","667.8","DEER PARK AIRPORT, WA US","   15",",,W,2400",,,,,"  356",",,W","  122",",,W","   25",",,W",,,,,,,"  243","H,,S",,,"  220",",,W","  230",",,W","  170",",,W","  201",",,W",,,,,"    1",",,W",,,,,,,,,,,,,,,,,,
"USW00094119","2019-07-24","47.9742","-117.4292","667.8","DEER PARK AIRPORT, WA US","   38",",,W,2400",,,,,"  250",",,W","   89",",,W","   43",",,W",,,,,,,"  204","H,,S",,,"  200",",,W","  210",",,W","  103",",,W","  130",",,W","    1",",,W",,,,,,,,,,,,,,,,,,,,,,
"USW00094119","2019-07-25","47.9742","-117.4292","667.8","DEER PARK AIRPORT, WA US","    0",",,W,2400",,,,,"  294",",,W","   50",",,W","   13",",,W",,,,,,,"  173","H,,S",,,"  270",",,W","  260",",,W","   58",",,W","   76",",,W",,,,,,,,,,,,,,,,,,,,,,,,
"USW00094119","2019-07-26","47.9742","-117.4292","667.8","DEER PARK AIRPORT, WA US","    0",",,W,2400",,,,,"  328",",,W","   61",",,W","   13",",,W",,,,,,,"  202","H,,S",,,"  190",",,W","  210",",,W","   58",",,W","   72",",,W",,,,,,,,,,,,,,,,,,,,,,,,
"USW00094119","2019-07-27","47.9742","-117.4292","667.8","DEER PARK AIRPORT, WA US","    0",",,W,2400",,,,,"  300",",,W","  111",",,W","   54",",,W",,,,,,,"  227","H,,S",,,"  250",",,W","  210",",,W","  103",",,W","  139",",,W",,,,,,,,,,,,,,,,,,,,,,,,
"USW00094119","2019-07-28","47.9742","-117.4292","667.8","DEER PARK AIRPORT, WA US","    0",",,W,2400",,,,,"  283",",,W","   72",",,W","   16",",,W",,,,,,,"  193","H,,S",,,"  230",",,W","  230",",,W","   45",",,W","   72",",,W",,,,,,,,,,,,,,,,,,,,,,,,
"USW00094119","2019-07-29","47.9742","-117.4292","667.8","DEER PARK AIRPORT, WA US","    0",",,W,2400",,,,,"  311",",,W","   61",",,W","   13",",,W",,,,,,,"  192","H,,S",,,"  240",",,W","  280",",,W","   54",",,W","   76",",,W",,,,,,,,,,,,,,,,,,,,,,,,
"USW00094119","2019-07-30","47.9742","-117.4292","667.8","DEER PARK AIRPORT, WA US","    0",",,W,2400",,,,,"  306",",,W","   72",",,W","   27",",,W",,,,,,,"  198","H,,S",,,"  220",",,W","  220",",,W","   72",",,W","  103",",,W",,,,,,,,,,,,,,,,,,,,,,,,
"USW00094119","2019-07-31","47.9742","-117.4292","667.8","DEER PARK AIRPORT, WA US","    0",",,W,2400",,,,,"  317",",,W","   72",",,W","   18",",,W",,,,,,,"  200","H,,S",,,"  230",",,W","  190",",,W","   67",",,W","   89",",,W",,,,,,,,,"    1",",,W",,,,,,,,,,,,,,
"USW00094119","2019-08-01","47.9742","-117.4292","667.8","DEER PARK AIRPORT, WA US","    0",",,W,2400",,,,,"  328",",,W","   89",",,W","   19",",,W",,,,,,,"  211","H,,S",,,"  220",",,W","  250",",,W","   81",",,W","  107",",,W",,,,,,,,,"    1",",,W",,,,,,,,,,,,,,
"USW00094119","2019-08-02","47.9742","-117.4292","667.8","DEER PARK AIRPORT, WA US","    0",",,W,2400",,,,,"  322",",,W","  100",",,W","   31",",,W",,,,,,,"  217","H,,S",,,"  220",",,W","  200",",,W","   98",",,W","  121",",,W",,,,,"    1",",,W",,,,,,,,,,,,,,,,,,
"USW00094119","2019-08-03","47.9742","-117.4292","667.8","DEER PARK AIRPORT, WA US","    0",",,W,2400",,,,,"  294",",,W","   67",",,W","   16",",,W",,,,,,,"  206","H,,S",,,"  260",",,W","  210",",,W","   54",",,W","   67",",,W",,,,,,,,,"    1",",,W",,,,,,,,,,,,,,
"USW00094119","2019-08-04","47.9742","-117.4292","667.8","DEER PARK AIRPORT, WA US","    0",",,W,2400",,,,,"  322",",,W","   67",",,W","   25",",,W",,,,,"    0",",,W","  201","H,,S","    0",",,W","   20",",,W",,,"   54",",,W",,,,,,,,,,,,,,,,,,,,,,,,,,
"USW00094119","2019-08-05","47.9742","-117.4292","667.8","DEER PARK AIRPORT, WA US","    0",",,W,2400",,,,,"  339",",,W","   83",",,W","   14",",,W",,,,,,,"  213","H,,S",,,"  220",",,W","  230",",,W","   63",",,W","   85",",,W",,,,,,,,,"    1",",,W",,,,,,,,,,,,,,
"USW00094119","2019-08-06","47.9742","-117.4292","667.8","DEER PARK AIRPORT, WA US","    0",",,W,2400",,,,,"  367",",,W","   89",",,W","   13",",,W",,,,,,,"  223","H,,S",,,"  230",",,W","  240",",,W","   72",",,W","   89",",,W",,,,,,,,,"    1",",,W",,,,,,,,,,,,,,
"USW00094119","2019-08-07","47.9742","-117.4292","667.8","DEER PARK AIRPORT, WA US","    0",",,W,2400",,,,,"  356",",,W","   89",",,W","   14",",,W",,,,,"    0",",,W","  233","H,,S","    0",",,W","  280",",,W",,,"   40",",,W",,,,,,,,,,,,,,,,,,,,,,,,,,
"USW00094119","2019-08-08","47.9742","-117.4292","667.8","DEER PARK AIRPORT, WA US","    0",",,W,2400",,,,,"  356",",,W","  122",",,W","   17",",,W",,,,,,,"  231","H,,S",,,"  250",",,W","  250",",,W","   58",",,W","   72",",,W",,,,,,,,,"    1",",,W",,,,,,,,,,,,,,
"USW00094119","2019-08-09","47.9742","-117.4292","667.8","DEER PARK AIRPORT, WA US","    0","T,,W,2400",,,,,"  233",",,W","  133",",,W","   30",",,W",,,,,,,"  222","H,,S",,,"  190",",,W","  190",",,W","   72",",,W","   94",",,W",,,,,,,,,,,,,,,,,,,,,,,,
"USW00094119","2019-08-10","47.9742","-117.4292","667.8","DEER PARK AIRPORT, WA US","  277",",,W,2400",,,,,"  289",",,W","  111",",,W","   25",",,W",,,,,,,"  195","H,,S",,,"  200",",,W","  190",",,W","   89",",,W","  103",",,W","    1",",,W",,,"    1",",,W",,,,,,,,,,,,,,,,,,
"USW00094119","2019-08-11","47.9742","-117.4292","667.8","DEER PARK AIRPORT, WA US","   66",",,W,2400",,,,,"  200",",,W","  133",",,W","   20",",,W",,,,,,,"  172","H,,S",,,"  200",",,W","  280",",,W","   67",",,W","   81",",,W","    1",",,W",,,"    1",",,W",,,,,,,,,,,,,,,,,,
"USW00094119","2019-08-12","47.9742","-117.4292","667.8","DEER PARK AIRPORT, WA US","    0",",,W,2400",,,,,"  239",",,W","  100",",,W","   15",",,W",,,,,,,"  157","H,,S",,,"  180",",,W","  200",",,W","   45",",,W","   58",",,W","    1",",,W",,,,,,,,,,,,,,,,,,,,,,
"USW00094119","2019-08-13","47.9742","-117.4292","667.8","DEER PARK AIRPORT, WA US","    0",",,W,2400",,,,,"  278",",,W","   94",",,W","   16",",,W",,,,,,,"  180","H,,S",,,"  190",",,W","   30",",,W","   40",",,W","   54",",,W",,,,,,,,,,,,,,,,,,,,,,,,
"USW00094119","2019-08-14","47.9742","-117.4292","667.8","DEER PARK AIRPORT, WA US","    0",",,W,2400",,,,,"  300",",,W","  100",",,W","   13",",,W",,,,,,,"  193","H,,S",,,"  220",",,W","  240",",,W","   76",",,W","   94",",,W",,,,,,,,,,,,,,,,,,,,,,,,
"USW00094119","2019-08-15","47.9742","-117.4292","667.8","DEER PARK AIRPORT, WA US","    0",",,W,2400",,,,,"  283",",,W","  117",",,W","   14",",,W",,,,,,,"  203","H,,S",,,"  180",",,W","  190",",,W","   58",",,W","   76",",,W",,,,,,,,,,,,,,,,,,,,,,,,
"USW00094119","2019-08-16","47.9742","-117.4292","667.8","DEER PARK AIRPORT, WA US","    0","T,,W,2400",,,,,"  272",",,W","  100",",,W","   23",",,W",,,,,,,"  188","H,,S",,,"  190",",,W","  270",",,W","   54",",,W","   67",",,W",,,,,,,,,,,,,,,,,,,,,,,,
"USW00094119","2019-08-17","47.9742","-117.4292","667.8","DEER PARK AIRPORT, WA US","    0",",,W,2400",,,,,"  267",",,W","  128",",,W","   22",",,W",,,,,,,"  194","H,,S",,,"  210",",,W","  250",",,W","   67",",,W","   85",",,W",,,,,,,,,,,,,,,,,,,,,,,,
"USW00094119","2019-08-18","47.9742","-117.4292","667.8","DEER PARK AIRPORT, WA US","    0",",,W,2400",,,,,"  283",",,W","  106",",,W","   21",",,W",,,,,,,"  193","H,,S",,,"  210",",,W","  160",",,W","   63",",,W","   89",",,W",,,,,,,,,,,,,,,,,,,,,,,,
"USW00094119","2019-08-19","47.9742","-117.4292","667.8","DEER PARK AIRPORT, WA US","    0",",,W,2400",,,,,"  300",",,W","   78",",,W","   21",",,W",,,,,,,"  187","H,,S",,,"  210",",,W","  220",",,W","   58",",,W","   81",",,W",,,,,,,,,,,,,,,,,,,,,,,,
"USW00094119","2019-08-20","47.9742","-117.4292","667.8","DEER PARK AIRPORT, WA US","    0",",,W,2400",,,,,"  322",",,W","   83",",,W","   14",",,W",,,,,,,"  201","H,,S",,,"   40",",,W","   50",",,W","   40",",,W","   54",",,W",,,,,,,,,,,,,,,,,,,,,,,,
"USW00094119","2019-08-21","47.9742","-117.4292","667.8","DEER PARK AIRPORT, WA US","    0","T,,W,2400",,,,,"  317",",,W","  100",",,W","   27",",,W",,,,,,,"  211","H,,S",,,"  240",",,W","  230",",,W","   94",",,W","  107",",,W",,,,,,,,,,,,,,,,,,,,,,,,
"USW00094119","2019-08-22","47.9742","-117.4292","667.8","DEER PARK AIRPORT, WA US","    3",",,W,2400",,,,,"  250",",,W","  111",",,W","   20",",,W",,,,,,,"  198","H,,S",,,"  160",",,W","  170",",,W","   63",",,W","   89",",,W",,,,,,,,,,,,,,,,,,,,,,,,
"USW00094119","2019-08-23","47.9742","-117.4292","667.8","DEER PARK AIRPORT, WA US","    0","T,,W,2400",,,,,"  272",",,W","   78",",,W","   12",",,W",,,,,,,"  177","H,,S",,,"  360",",,W","  160",",,W","   45",",,W","   67",",,W",,,,,,,,,,,,,,,,,,,,,,,,
"USW00094119","2019-08-24","47.9742","-117.4292","667.8","DEER PARK AIRPORT, WA US","    0",",,W,2400",,,,,"  278",",,W","   94",",,W","   24",",,W",,,,,,,"  202","H,,S",,,"  230",",,W","  210",",,W","   81",",,W","  107",",,W",,,,,,,,,,,,,,,,,,,,,,,,
"USW00094119","2019-08-25","47.9742","-117.4292","667.8","DEER PARK AIRPORT, WA US","    0",",,W,2400",,,,,"  256",",,W","   89",",,W","   29",",,W",,,,,,,"  178","H,,S",,,"  320",",,W","  230",",,W","   72",",,W","   98",",,W",,,,,,,,,,,,,,,,,,,,,,,,
"USW00094119","2019-08-26","47.9742","-117.4292","667.8","DEER PARK AIRPORT, WA US","    0",",,W,2400",,,,,"  267",",,W","   61",",,W","   17",",,W",,,,,,,"  167","H,,S",,,"  330",",,W","  330",",,W","   81",",,W","  103",",,W",,,,,,,,,,,,,,,,,,,,,,,,
"USW00094119","2019-08-27","47.9742","-117.4292","667.8","DEER PARK AIRPORT, WA US","    0",",,W,2400",,,,,"  283",",,W","   39",",,W","   13",",,W",,,,,,,"  166","H,,S",,,"   50",",,W","   40",",,W","   45",",,W","   58",",,W",,,,,,,,,,,,,,,,,,,,,,,,
"USW00094119","2019-08-28","47.9742","-117.4292","667.8","DEER PARK AIRPORT, WA US","    0",",,W,2400",,,,,"  322",",,W","   56",",,W","    8",",,W",,,,,,,"  185","H,,S",,,"  200",",,W","  200",",,W","   54",",,W","   63",",,W",,,,,,,,,,,,,,,,,,,,,,,,
"USW00094119","2019-08-29","47.9742","-117.4292","667.8","DEER PARK AIRPORT, WA US","    0",",,W,2400",,,,,"  272",",,W","   67",",,W","   21",",,W",,,,,,,"  181","H,,S",,,"  200",",,W","  210",",,W","   89",",,W","  107",",,W",,,,,,,,,,,,,,,,,,,,,,,,
"USW00094119","2019-08-30","47.9742","-117.4292","667.8","DEER PARK AIRPORT, WA US","   25",",,W,2400",,,,,"  250",",,W","  106",",,W","   19",",,W",,,,,,,"  167","H,,S",,,"   30",",,W","   30",",,W","   54",",,W","   72",",,W","    1",",,W",,,"    1",",,W",,,,,,,,,,,,,,,,,,
"USW00094119","2019-08-31","47.9742","-117.4292","667.8","DEER PARK AIRPORT, WA US","    0",",,W,2400",,,,,"  306",",,W","  122",",,W","   17",",,W",,,,,,,"  213","H,,S",,,"   30",",,W","   40",",,W","   58",",,W","   72",",,W",,,,,,,,,,,,,,,,,,,,,,,,
"USW00094119","2019-09-01","47.9742","-117.4292","667.8","DEER PARK AIRPORT, WA US","    0",",,W,2400",,,,,"  306",",,W","   83",",,W","   21",",,W",,,,,,,"  198","H,,S",,,"  230",",,W","  220",",,W","   76",",,W","   98",",,W",,,,,,,,,,,,,,,,,,,,,,,,
"USW00094119","2019-09-02","47.9742","-117.4292","667.8","DEER PARK AIRPORT, WA US","    0",",,W,2400",,,,,"  283",",,W","   89",",,W","   13",",,W",,,,,,,"  191","H,,S",,,"  190",",,W","  190",",,W","   58",",,W","   72",",,W",,,,,,,,,,,,,,,,,,,,,,,,
"USW00094119","2019-09-03","47.9742","-117.4292","667.8","DEER PARK AIRPORT, WA US","    0",",,W,2400",,,,,"  317",",,W","   61",",,W","   18",",,W",,,,,,,"  183","H,,S",,,"  180",",,W","   50",",,W","   45",",,W","   58",",,W",,,,,,,,,,,,,,,,,,,,,,,,
"USW00094119","2019-09-04","47.9742","-117.4292","667.8","DEER PARK AIRPORT, WA US","    0",",,W,2400",,,,,"  278",",,W","   78",",,W","   16",",,W",,,,,,,"  189","H,,S",,,"  170",",,W","  170",",,W","   45",",,W","   63",",,W",,,,,,,,,,,,,,,,,,,,,,,,
"USW00094119","2019-09-05","47.9742","-117.4292","667.8","DEER PARK AIRPORT, WA US","    0",",,W,2400",,,,,"  306",",,W","   50",",,W","   19",",,W",,,,,,,"  178","H,,S",,,"   40",",,W","   70",",,W","   67",",,W","   81",",,W",,,,,,,,,"    1",",,W",,,,,,,,,,,,,,
"USW00094119","2019-09-06","47.9742","-117.4292","667.8","DEER PARK AIRPORT, WA US","   28",",,W,2400",,,,,"  217",",,W","   94",",,W","   12",",,W",,,,,,,"  173","H,,S",,,"   50",",,W","   40",",,W","   45",",,W","   54",",,W","    1",",,W",,,,,,,,,,,,,,,,,,,,,,
"USW00094119","2019-09-07","47.9742","-117.4292","667.8","DEER PARK AIRPORT, WA US","    0",",,W,2400",,,,,"  272",",,W","   61",",,W","   18",",,W",,,,,,,"  158","H,,S",,,"   40",",,W","   50",",,W","   54",",,W","   67",",,W","    1",",,W",,,,,,,,,,,,,,,,,,,,,,
"USW00094119","2019-09-08","47.9742","-117.4292","667.8","DEER PARK AIRPORT, WA US","  119",",,W,2400",,,,,"  189",",,W","  128",",,W","   23",",,W",,,,,,,"  167","H,,S",,,"  200",",,W","  240",",,W","   58",",,W","  103",",,W","    1",",,W",,,"    1",",,W",,,,,,,,,,,,,,,,,,
"USW00094119","2019-09-09","47.9742","-117.4292","667.8","DEER PARK AIRPORT, WA US","   91",",,W,2400",,,,,"  167",",,W","  106",",,W","   19",",,W",,,,,,,"  133","H,,S",,,"  160",",,W","  150",",,W","   58",",,W","   63",",,W","    1",",,W","    1",",,W",,,,,,,,,,,,,,,,,,,,
"USW00094119","2019-09-10","47.9742","-117.4292","667.8","DEER PARK AIRPORT, WA US","    8",",,W,2400",,,,,"  211",",,W","   67",",,W","   12",",,W",,,,,,,"  142","H,,S",,,"  160",",,W","  160",",,W","   58",",,W","   72",",,W","    1",",,W","    1",",,W","    1",",,W",,,,,,,,,,,,,,,,,,
"USW00094119","2019-09-11","47.9742","-117.4292","667.8","DEER PARK AIRPORT, WA US","    0","T,,W,2400",,,,,"  228",",,W","   78",",,W","   16",",,W",,,,,,,"  144","H,,S",,,"  280",",,W","  270",",,W","   67",",,W","   85",",,W",,,,,,,,,,,,,,,,,,,,,,,,
"USW00094119","2019-09-12","47.9742","-117.4292","667.8","DEER PARK AIRPORT, WA US","    0",",,W,2400",,,,,"  239",",,W","   44",",,W","   11",",,W",,,,,,,"  139","H,,S",,,"  190",",,W",,,"   45",",,W",,,"    1",",,W",,,,,,,,,,,,,,,,,,,,,,
"USW00094119","2019-09-13","47.9742","-117.4292","667.8","DEER PARK AIRPORT, WA US","    3",",,W,2400",,,,,"  228",",,W","   78",",,W","   29",",,W",,,,,,,"  152","H,,S",,,"  230",",,W","  230",",,W","   94",",,W","  112",",,W",,,,,,,,,,,,,,,,,,,,,,,,
"USW00094119","2019-09-14","47.9742","-117.4292","667.8","DEER PARK AIRPORT, WA US","    0","T,,W,2400",,,,,"  217",",,W","  106",",,W","   16",",,W",,,,,,,"  163","H,,S",,,"   50",",,W","   40",",,W","   45",",,W","   58",",,W",,,,,,,,,,,,,,,,,,,,,,,,
"USW00094119","2019-09-15","47.9742","-117.4292","667.8","DEER PARK AIRPORT, WA US","    0",",,W,2400",,,,,"  244",",,W","   56",",,W","   30",",,W",,,,,,,"  152","H,,S",,,"  210",",,W","  200",",,W","   94",",,W","  125",",,W","    1",",,W","    1",",,W",,,,,,,,,,,,,,,,,,,,
"USW00094119","2019-09-16","47.9742","-117.4292","667.8","DEER PARK AIRPORT, WA US","   18",",,W,2400",,,,,"  144",",,W","  100",",,W","   21",",,W",,,,,,,"  140","H,,S",,,"  220",",,W","  260",",,W","   40",",,W","   54",",,W","    1",",,W",,,,,,,,,,,,,,,,,,,,,,
"USW00094119","2019-09-17","47.9742","-117.4292","667.8","DEER PARK AIRPORT, WA US","    0","T,,W,2400",,,,,"  183",",,W","   94",",,W","   28",",,W",,,,,,,"  122","H,,S",,,"  200",",,W",,,"   54",",,W",,,,,,,,,,,,,,,,,,,,,,,,,,
"USW00094119","2019-09-18","47.9742","-117.4292","667.8","DEER PARK AIRPORT, WA US","   23",",,W,2400",,,,,"  150",",,W","   39",",,W","   23",",,W",,,,,,,"  121","H,,S",,,"   40",",,W","   30",",,W","   67",",,W","   81",",,W","    1",",,W","    1",",,W","    1",",,W",,,,,,,,,,,,,,,,,,
"USW00094119","2019-09-19","47.9742","-117.4292","667.8","DEER PARK AIRPORT, WA US","    0",",,W,2400",,,,,"  167",",,W","   33",",,W","    9",",,W",,,,,,,"   96","H,,S",,,"  160",",,W","  170",",,W","   40",",,W","   58",",,W","    1",",,W","    1",",,W",,,,,,,,,,,,,,,,,,,,
"USW00094119","2019-09-20","47.9742","-117.4292","667.8","DEER PARK AIRPORT, WA US","   10",",,W,2400",,,,,"  183",",,W","   44",",,W","   10",",,W",,,,,,,"  106","H,,S",,,"  160",",,W","  140",",,W","   45",",,W","   67",",,W","    1",",,W","    1",",,W",,,,,,,,,,,,,,,,,,,,
"USW00094119","2019-09-21","47.9742","-117.4292","667.8","DEER PARK AIRPORT, WA US","    0",",,W,2400",,,,,"  206",",,W","   28",",,W","   11",",,W",,,,,,,"  109","H,,S",,,"  180",",,W","  180",",,W","   58",",,W","   81",",,W","    1",",,W","    1",",,W",,,,,,,,,,,,,,,,,,,,
"USW00094119","2019-09-22","47.9742","-117.4292","667.8","DEER PARK AIRPORT, WA US","    0",",,W,2400",,,,,"  228",",,W","   33",",,W","   24",",,W",,,,,,,"  124","H,,S",,,"  230",",,W","  230",",,W","   81",",,W","  107",",,W",,,,,,,,,,,,,,,,,,,,,,,,
"USW00094119","2019-09-23","47.9742","-117.4292","667.8","DEER PARK AIRPORT, WA US","   15",",,W,2400",,,,,"  167",",,W","   78",",,W","   33",",,W",,,,,,,"  146","H,,S",,,"  210",",,W","  210",",,W","   76",",,W","  103",",,W",,,,,,,,,,,,,,,,,,,,,,,,
"USW00094119","2019-09-24","47.9742","-117.4292","667.8","DEER PARK AIRPORT, WA US","    0","T,,W,2400",,,,,"  222",",,W","   61",",,W","   23",",,W",,,,,,,"  112","H,,S",,,"  260",",,W","  270",",,W","   76",",,W","  116",",,W",,,,,,,,,"    1",",,W",,,,,,,,,,,,,,
"USW00094119","2019-09-25","47.9742","-117.4292","667.8","DEER PARK AIRPORT, WA US","    0",",,W,2400",,,,,"  200",",,W","   11",",,W","   29",",,W",,,,,,,"  113","H,,S",,,"  210",",,W","  220",",,W","   72",",,W","   98",",,W",,,,,,,,,,,,,,,,,,,,,,,,
"USW00094119","2019-09-26","47.9742","-117.4292","667.8","DEER PARK AIRPORT, WA US","   79",",,W,2400",,,,,"  194",",,W","   22",",,W","   32",",,W",,,,,,,"  138","H,,S",,,"  340",",,W","  320",",,W","  125",",,W","  165",",,W",,,,,,,,,,,,,,,,,,,,,,,,
"USW00094119","2019-09-27","47.9742","-117.4292","667.8","DEER PARK AIRPORT, WA US","   43",",,W,2400",,,,,"  139",",,W","  -10",",,W","   24",",,W",,,,,,,"   62","H,,S",,,"   40",",,W","   40",",,W","   72",",,W","   94",",,W","    1",",,W",,,,,,,,,,,,,,,,,,,,,,
"USW00094119","2019-09-28","47.9742","-117.4292","667.8","DEER PARK AIRPORT, WA US","  150",",,W,2400",,,,,"   67",",,W","    6",",,W","   63",",,W",,,,,,,"   44","H,,S",,,"   30",",,W","   30",",,W","   98",",,W","  148",",,W","    1",",,W",,,,,,,,,,,,,,,,,,,,,,
"USW00094119","2019-09-29","47.9742","-117.4292","667.8","DEER PARK AIRPORT, WA US","   10",",,W,2400",,,,,"   33",",,W","    6",",,W","   43",",,W",,,,,,,"   14","H,,S",,,"   40",",,W","   30",",,W","   67",",,W","   98",",,W","    1",",,W",,,,,,,,,,,,,,,,,,,,,,
"USW00094119","2019-09-30","47.9742","-117.4292","667.8","DEER PARK AIRPORT, WA US","    0",",,W,2400",,,,,"   72",",,W","   -5",",,W","   26",",,W",,,,,,,"   39","H,,S",,,"   30",",,W","   40",",,W","   63",",,W","   81",",,W",,,,,,,,,,,,,,,,,,,,,,,,
"USW00094119","2019-10-01","47.9742","-117.4292","667.8","DEER PARK AIRPORT, WA US","    0",",,W,2400",,,,,"  122",",,W","  -49",",,W","   14",",,W",,,,,,,"   31","H,,S",,,"   40",",,W","   20",",,W","   40",",,W","   49",",,W",,,,,,,,,,,,,,,,,,,,,,,,
"USW00094119","2019-10-02","47.9742","-117.4292","667.8","DEER PARK AIRPORT, WA US","    0",",,W,2400",,,,,"  122",",,W","  -66",",,W","   14",",,W",,,,,,,"   17","H,,S",,,"   30",",,W","   30",",,W","   45",",,W","   58",",,W","    1",",,W",,,,,,,,,,,,,,,,,,,,,,
"USW00094119","2019-10-03","47.9742","-117.4292","667.8","DEER PARK AIRPORT, WA US","    0","T,,W,2400",,,,,"   94",",,W","   -5",",,W","   17",",,W",,,,,,,"   70","H,,S",,,"   30",",,W","  360",",,W","   40",",,W","   67",",,W","    1",",,W",,,,,,,,,,,,,,,,,,,,,,
"USW00094119","2019-10-04","47.9742","-117.4292","667.8","DEER PARK AIRPORT, WA US","    8",",,W,2400",,,,,"  106",",,W","  -21",",,W","    7",",,W",,,,,,,"   36","H,,S",,,"  200",",,W","  340",",,W","   36",",,W","   76",",,W","    1",",,W","    1",",,W",,,,,,,,,,,,,,,,,,,,
"USW00094119","2019-10-05","47.9742","-117.4292","667.8","DEER PARK AIRPORT, WA US","    0",",,W,2400",,,,,"  144",",,W","  -16",",,W","   20",",,W",,,,,,,"   73","H,,S",,,"  240",",,W","  240",",,W","   72",",,W","   85",",,W","    1",",,W","    1",",,W",,,,,,,,,,,,,,,,,,,,
"USW00094119","2019-10-06","47.9742","-117.4292","667.8","DEER PARK AIRPORT, WA US","    0",",,W,2400",,,,,"  156",",,W","  -43",",,W","   12",",,W",,,,,,,"   45","H,,S",,,"  200",",,W","  130",",,W","   40",",,W","   58",",,W","    1",",,W",,,,,,,,,,,,,,,,,,,,,,
"USW00094119","2019-10-07","47.9742","-117.4292","667.8","DEER PARK AIRPORT, WA US","    0","T,,W,2400",,,,,"  178",",,W","   11",",,W","   34",",,W",,,,,,,"   77","H,,S",,,"  210",",,W","  220",",,W","  103",",,W","  139",",,W",,,,,,,,,,,,,,,,,,,,,,,,
"USW00094119","2019-10-08","47.9742","-117.4292","667.8","DEER PARK AIRPORT, WA US","   61",",,W,2400",,,,,"  139",",,W","    6",",,W","   45",",,W",,,,,,,"  126","H,,S",,,"  300",",,W","  310",",,W","  107",",,W","  134",",,W","    1",",,W",,,,,,,"    1",",,W",,,,,,,,,,,,,,
"USW00094119","2019-10-09","47.9742","-117.4292","667.8","DEER PARK AIRPORT, WA US","    0",",,W,2400",,,,,"   67",",,W","  -66",",,W","   32",",,W",,,,,,,"   32","H,,S",,,"   40",",,W","   50",",,W","   89",",,W","  116",",,W",,,,,,,,,,,,,,,,,,,,,,,,
"USW00094119","2019-10-10","47.9742","-117.4292","667.8","DEER PARK AIRPORT, WA US","    0",",,W,2400",,,,,"   83",",,W","  -93",",,W","    9",",,W",,,,,,,"  -16","H,,S",,,"  220",",,W","  210",",,W","   45",",,W","   63",",,W",,,,,,,,,,,,,,,,,,,,,,,,
"USW00094119","2019-10-11","47.9742","-117.4292","667.8","DEER PARK AIRPORT, WA US","    0",",,W,2400",,,,,"  122",",,W","  -66",",,W","   13",",,W",,,,,,,"   11","H,,S",,,"   60",",,W","   30",",,W","   45",",,W","   58",",,W",,,,,,,,,,,,,,,,,,,,,,,,
"USW00094119","2019-10-12","47.9742","-117.4292","667.8","DEER PARK AIRPORT, WA US","    0",",,W,2400",,,,,"  117",",,W","  -49",",,W","    8",",,W",,,,,,,"   33","H,,S",,,"   40",",,W","   90",",,W","   36",",,W","   49",",,W",,,,,,,,,,,,,,,,,,,,,,,,
"USW00094119","2019-10-13","47.9742","-117.4292","667.8","DEER PARK AIRPORT, WA US","    0",",,W,2400",,,,,"  100",",,W","   22",",,W","    7",",,W",,,,,,,"   54","H,,S",,,"   70",",,W","   70",",,W","   31",",,W","   36",",,W",,,,,,,,,,,,,,,,,,,,,,,,
"USW00094119","2019-10-14","47.9742","-117.4292","667.8","DEER PARK AIRPORT, WA US","    0",",,W,2400",,,,,"  139",",,W","  -10",",,W","    6",",,W",,,,,,,"   56","H,,S",,,"  240",",,W",,,"   31",",,W",,,"    1",",,W",,,,,,,,,,,,,,,,,,,,,,
"USW00094119","2019-10-15","47.9742","-117.4292","667.8","DEER PARK AIRPORT, WA US","    0",",,W,2400",,,,,"  139",",,W","  -21",",,W","   18",",,W",,,,,,,"   52","H,,S",,,"  260",",,W","   40",",,W","   54",",,W","   58",",,W",,,,,,,,,,,,,,,,,,,,,,,,
"USW00094119","2019-10-16","47.9742","-117.4292","667.8","DEER PARK AIRPORT, WA US","   10",",,W,2400",,,,,"  167",",,W","   44",",,W","   16",",,W",,,,,,,"   97","H,,S",,,"  230",",,W","  240",",,W","   67",",,W","   85",",,W",,,,,,,,,,,,,,,,,,,,,,,,
"USW00094119","2019-10-17","47.9742","-117.4292","667.8","DEER PARK AIRPORT, WA US","   33",",,W,2400",,,,,"  144",",,W","   61",",,W","   43",",,W",,,,,,,"  102","H,,S",,,"  220",",,W","  220",",,W","  112",",,W","  139",",,W","    1",",,W",,,,,,,,,,,,,,,,,,,,,,
"USW00094119","2019-10-18","47.9742","-117.4292","667.8","DEER PARK AIRPORT, WA US","   66",",,W,2400",,,,,"  106",",,W","   44",",,W","   47",",,W",,,,,,,"   77","H,,S",,,"  220",",,W","  210",",,W","   94",",,W","  121",",,W","    1",",,W",,,,,,,,,,,,,,,,,,,,,,
"USW00094119","2019-10-19","47.9742","-117.4292","667.8","DEER PARK AIRPORT, WA US","  137",",,W,2400",,,,,"   61",",,W","    6",",,W","   14",",,W",,,,,,,"   59","H,,S",,,"   30",",,W","  230",",,W","   40",",,W","   76",",,W","    1",",,W","    1",",,W",,,,,,,,,,,,,,,,,,,,
"USW00094119","2019-10-20","47.9742","-117.4292","667.8","DEER PARK AIRPORT, WA US","   46",",,W,2400",,,,,"   78",",,W","   33",",,W","   27",",,W",,,,,,,"   41","H,,S",,,"  220",",,W","  230",",,W","   76",",,W","  103",",,W","    1",",,W",,,,,,,,,,,,,,,,,,,,,,
"USW00094119","2019-10-21","47.9742","-117.4292","667.8","DEER PARK AIRPORT, WA US","  132",",,W,2400",,,,,"   78",",,W","   11",",,W","   16",",,W",,,,,,,"   44","H,,S",,,"  210",",,W","  210",",,W","   40",",,W","   49",",,W","    1",",,W","    1",",,W",,,,,,,,,,,,,,,,,,,,
"USW00094119","2019-10-22","47.9742","-117.4292","667.8","DEER PARK AIRPORT, WA US","   25",",,W,2400",,,,,"  167",",,W","   28",",,W","   41",",,W",,,,,,,"  102","H,,S",,,"  280",",,W","  280",",,W","   98",",,W","  134",",,W","    1",",,W",,,,,,,,,,,,,,,,,,,,,,
"USW00094119","2019-10-23","47.9742","-117.4292","667.8","DEER PARK AIRPORT, WA US","    0",",,W,2400",,,,,"  128",",,W","  -32",",,W","   24",",,W",,,,,,,"   68","H,,S",,,"  310",",,W","  300",",,W","   76",",,W","   94",",,W",,,,,,,,,,,,,,,,,,,,,,,,
"USW00094119","2019-10-24","47.9742","-117.4292","667.8","DEER PARK AIRPORT, WA US","    0",",,W,2400",,,,,"  128",",,W","  -21",",,W","   15",",,W",,,,,,,"   34","H,,S",,,"  150",",,W","  160",",,W","   40",",,W","   58",",,W",,,,,,,,,,,,,,,,,,,,,,,,
"USW00094119","2019-10-25","47.9742","-117.4292","667.8","DEER PARK AIRPORT, WA US","    0",",,W,2400",,,,,"  178",",,W","  -27",",,W","   34",",,W",,,,,,,"   56","H,,S",,,"  230",",,W","  230",",,W","  116",",,W","  161",",,W",,,,,,,,,,,,,,,,,,,,,,,,
"USW00094119","2019-10-26","47.9742","-117.4292","667.8","DEER PARK AIRPORT, WA US","    0","T,,W,2400",,,,,"  100",",,W","  -60",",,W","   27",",,W",,,,,,,"   58","H,,S",,,"   60",",,W","   60",",,W","   76",",,W","   94",",,W",,,,,,,,,,,,,,,,,,,,,,,,
"USW00094119","2019-10-27","47.9742","-117.4292","667.8","DEER PARK AIRPORT, WA US","    0",",,W,2400",,,,,"   78",",,W","  -82",",,W","   17",",,W",,,,,,,"   -9","H,,S",,,"  230",",,W","  260",",,W","   58",",,W","   72",",,W",,,,,,,,,,,,,,,,,,,,,,,,
"USW00094119","2019-10-28","47.9742","-117.4292","667.8","DEER PARK AIRPORT, WA US","    0","T,,W,2400",,,,,"   83",",,W","  -66",",,W","   49",",,W",,,,,,,"    9","H,,S",,,"   50",",,W","   40",",,W","  139",",,W","  192",",,W",,,,,,,,,,,,,,,,,,,,,,,,
"USW00094119","2019-10-29","47.9742","-117.4292","667.8","DEER PARK AIRPORT, WA US","    0",",,W,2400",,,,,"    6",",,W"," -143",",,W","   13",",,W",,,,,,,"  -48","H,,S",,,"   40",",,W","   40",",,W","   81",",,W","  107",",,W",,,,,,,,,,,,,,,,,,,,,,,,
"USW00094119","2019-10-30","47.9742","-117.4292","667.8","DEER PARK AIRPORT, WA US","    0",",,W,2400",,,,,"   28",",,W"," -132",",,W","    9",",,W",,,,,,,"  -72","H,,S",,,"  330",",,W","  170",",,W","   31",",,W","   40",",,W",,,,,,,,,"    1",",,W",,,,,,,,,,,,,,
"USW00094119","2019-10-31","47.9742","-117.4292","667.8","DEER PARK AIRPORT, WA US","    0",",,W,2400",,,,,"   61",",,W","  -88",",,W","   10",",,W",,,,,,,"  -19","H,,S",,,"  180",",,W","  300",",,W","   31",",,W","   40",",,W",,,,,,,,,,,,,,,,,,,,,,,,
"USW00094119","2019-11-01","47.9742","-117.4292","667.8","DEER PARK AIRPORT, WA US","    0",",,W,2400",,,,,"   67",",,W"," -110",",,W","    5",",,W",,,,,,,"  -38","H,,S",,,"  330",",,W","  170",",,W","   27",",,W","   36",",,W",,,,,,,,,,,,,,,,,,,,,,,,
"USW00094119","2019-11-02","47.9742","-117.4292","667.8","DEER PARK AIRPORT, WA US","    0",",,W,2400",,,,,"  100",",,W","  -49",",,W","    5",",,W",,,,,,,"   -2","H,,S",,,"  330",",,W","  190",",,W","   31",",,W","   36",",,W",,,,,,,,,,,,,,,,,,,,,,,,
"USW00094119","2019-11-03","47.9742","-117.4292","667.8","DEER PARK AIRPORT, WA US","    0",",,W,2400",,,,,"   94",",,W","  -55",",,W","    9",",,W",,,,,,,"    1","H,,S",,,"  180",",,W","  210",",,W","   36",",,W","   40",",,W",,,,,,,,,,,,,,,,,,,,,,,,
"USW00094119","2019-11-04","47.9742","-117.4292","667.8","DEER PARK AIRPORT, WA US","    0",",,W,2400",,,,,"  117",",,W","  -38",",,W","    9",",,W",,,,,,,"   41","H,,S",,,"  200",",,W","  170",",,W","   45",",,W","   54",",,W",,,,,,,,,,,,,,,,,,,,,,,,
"USW00094119","2019-11-05","47.9742","-117.4292","667.8","DEER PARK AIRPORT, WA US","    0",",,W,2400",,,,,"  122",",,W","  -55",",,W","    5",",,W",,,,,,,"   14","H,,S",,,"  150",",,W","  140",",,W","   31",",,W","   36",",,W","    1",",,W",,,,,,,,,,,,,,,,,,,,,,
"USW00094119","2019-11-06","47.9742","-117.4292","667.8","DEER PARK AIRPORT, WA US","    0",",,W,2400",,,,,"  117",",,W","  -49",",,W","   31",",,W",,,,,,,"   26","H,,S",,,"   60",",,W","   70",",,W","   67",",,W","   85",",,W",,,,,,,,,,,,,,,,,,,,,,,,
"USW00094119","2019-11-07","47.9742","-117.4292","667.8","DEER PARK AIRPORT, WA US","    0",",,W,2400",,,,,"   83",",,W","  -55",",,W","    8",",,W",,,,,,,"   14","H,,S",,,"   30",",,W","   30",",,W","   36",",,W","   45",",,W",,,,,,,,,,,,,,,,,,,,,,,,
"USW00094119","2019-11-08","47.9742","-117.4292","667.8","DEER PARK AIRPORT, WA US","    0",",,W,2400",,,,,"   94",",,W","  -49",",,W","    2",",,W",,,,,,,"    6","H,,S",,,"   30",",,W","  210",",,W","   27",",,W","   31",",,W",,,,,,,,,,,,,,,,,,,,,,,,
"USW00094119","2019-11-09","47.9742","-117.4292","667.8","DEER PARK AIRPORT, WA US","    0","T,,W,2400",,,,,"   78",",,W","  -16",",,W","    9",",,W",,,,,,,"   20","H,,S",,,"  150",",,W","  150",",,W","   40",",,W","   49",",,W","    1",",,W","    1",",,W",,,,,"    1",",,W",,,,,,,,,,,,,,
"USW00094119","2019-11-10","47.9742","-117.4292","667.8","DEER PARK AIRPORT, WA US","    0",",,W,2400",,,,,"   78",",,W","  -32",",,W","   13",",,W",,,,,,,"   27","H,,S",,,"   30",",,W","   40",",,W","   63",",,W","   85",",,W","    1",",,W","    1",",,W",,,,,"    1",",,W",,,,,,,,,,,,,,
"USW00094119","2019-11-11","47.9742","-117.4292","667.8","DEER PARK AIRPORT, WA US","    0",",,W,2400",,,,,"   78",",,W","  -27",",,W","   29",",,W",,,,,,,"   17","H,,S",,,"   50",",,W","   60",",,W","   67",",,W","   85",",,W",,,,,,,,,,,,,,,,,,,,,,,,
"USW00094119","2019-11-12","47.9742","-117.4292","667.8","DEER PARK AIRPORT, WA US","   28",",,W,2400",,,,,"   28",",,W","    6",",,W","   10",",,W",,,,,,,"   14","H,,S",,,"  340",",,W","  360",",,W","   54",",,W","   63",",,W","    1",",,W",,,,,,,,,,,,,,,,,,,,,,
"USW00094119","2019-11-13","47.9742","-117.4292","667.8","DEER PARK AIRPORT, WA US","    0",",,W,2400",,,,,"   44",",,W","    6",",,W","   32",",,W",,,,,,,"   22","H,,S",,,"   30",",,W","  350",",,W","   58",",,W","   85",",,W","    1",",,W",,,,,,,,,,,,,,,,,,,,,,
"USW00094119","2019-11-14","47.9742","-117.4292","667.8","DEER PARK AIRPORT, WA US","    0",",,W,2400",,,,,"   89",",,W","    0",",,W","   30",",,W",,,,,,,"   29","H,,S",,,"   30",",,W","   20",",,W","   63",",,W","   76",",,W",,,,,,,,,,,,,,,,,,,,,,,,
"USW00094119","2019-11-15","47.9742","-117.4292","667.8","DEER PARK AIRPORT, WA US","   18",",,W,2400",,,,,"   33",",,W","  -16",",,W","   14",",,W",,,,,,,"   21","H,,S",,,"  190",",,W","  200",",,W","   40",",,W","   54",",,W","    1",",,W","    1",",,W",,,,,,,,,,,,,,,,,,,,
"USW00094119","2019-11-16","47.9742","-117.4292","667.8","DEER PARK AIRPORT, WA US","    3",",,W,2400",,,,,"   56",",,W","   28",",,W","    6",",,W",,,,,,,"   38","H,,S",,,"   60",",,W","   60",",,W","   36",",,W","   40",",,W","    1",",,W","    1",",,W",,,,,,,,,,,,,,,,,,,,
"USW00094119","2019-11-17","47.9742","-117.4292","667.8","DEER PARK AIRPORT, WA US","  112",",,W,2400",,,,,"   94",",,W","  -10",",,W","   13",",,W",,,,,,,"   49","H,,S",,,"  200",",,W","  190",",,W","   54",",,W","   63",",,W","    1",",,W","    1",",,W",,,,,,,,,,,,,,,,,,,,
"USW00094119","2019-11-18","47.9742","-117.4292","667.8","DEER PARK AIRPORT, WA US","    5",",,W,2400",,,,,"   89",",,W","  -10",",,W","   24",",,W",,,,,,,"   46","H,,S",,,"   30",",,W","   30",",,W","   76",",,W","  107",",,W","    1",",,W","    1",",,W",,,,,,,,,,,,,,,,,,,,
"USW00094119","2019-11-19","47.9742","-117.4292","667.8","DEER PARK AIRPORT, WA US","   69",",,W,2400",,,,,"   67",",,W","   33",",,W","   26",",,W",,,,,,,"   62","H,,S",,,"  200",",,W","  210",",,W","   67",",,W","   81",",,W","    1",",,W",,,,,,,,,,,,,,,,,,,,,,
"USW00094119","2019-11-20","47.9742","-117.4292","667.8","DEER PARK AIRPORT, WA US","    0",",,W,2400",,,,,"   83",",,W","  -43",",,W","   30",",,W",,,,,,,"   40","H,,S",,,"   30",",,W","   40",",,W","   81",",,W","  107",",,W","    1",",,W",,,,,,,,,,,,,,,,,,,,,,
"USW00094119","2019-11-21","47.9742","-117.4292","667.8","DEER PARK AIRPORT, WA US","    0",",,W,2400",,,,,"   61",",,W","  -60",",,W","   23",",,W",,,,,,,"    3","H,,S",,,"   20",",,W","   10",",,W","   58",",,W","   76",",,W","    1",",,W",,,,,,,,,,,,,,,,,,,,,,
"USW00094119","2019-11-22","47.9742","-117.4292","667.8","DEER PARK AIRPORT, WA US","    0",",,W,2400",,,,,"   33",",,W","  -88",",,W","    5",",,W",,,,,,,"  -32","H,,S",,,"  340",",,W","  170",",,W","   31",",,W","   45",",,W","    1",",,W","    1",",,W",,,,,,,,,,,,,,,,,,,,
"USW00094119","2019-11-23","47.9742","-117.4292","667.8","DEER PARK AIRPORT, WA US","    0",",,W,2400",,,,,"   22",",,W","  -32",",,W","    5",",,W",,,,,,,"  -17","H,,S",,,"  160",",,W","  160",",,W","   36",",,W","   40",",,W","    1",",,W","    1",",,W",,,,,,,,,,,,,,,,,,,,
"USW00094119","2019-11-24","47.9742","-117.4292","667.8","DEER PARK AIRPORT, WA US","    0",",,W,2400",,,,,"   56",",,W","  -55",",,W","   22",",,W",,,,,,,"    4","H,,S",,,"  200",",,W","  200",",,W","   72",",,W","   89",",,W","    1",",,W",,,,,,,,,,,,,,,,,,,,,,
"USW00094119","2019-11-25","47.9742","-117.4292","667.8","DEER PARK AIRPORT, WA US","    0",",,W,2400",,,,,"   17",",,W","  -93",",,W","    6",",,W",,,,,,,"  -36","H,,S",,,"  230",",,W","  100",",,W","   27",",,W","   31",",,W","    1",",,W","    1",",,W",,,,,,,,,,,,,,,,,,,,
"USW00094119","2019-11-26","47.9742","-117.4292","667.8","DEER PARK AIRPORT, WA US","    0","T,,W,2400",,,,,"  -10",",,W","  -49",",,W","   31",",,W",,,,,,,"  -43","H,,S",,,"   30",",,W","   30",",,W","   81",",,W","  107",",,W","    1",",,W","    1",",,W",,,,,,,,,,,,,,,,,,,,
"USW00094119","2019-11-27","47.9742","-117.4292","667.8","DEER PARK AIRPORT, WA US","    0",",,W,2400",,,,,"   11",",,W","  -32",",,W","  110",",,W",,,,,,,"   -7","H,,S",,,"   40",",,W","   40",",,W","  157",",,W","  210",",,W",,,,,,,,,,,,,,,,,,,,,,,,
"USW00094119","2019-11-28","47.9742","-117.4292","667.8","DEER PARK AIRPORT, WA US","    0",",,W,2400",,,,,"   11",",,W","  -71",",,W","   57",",,W",,,,,,,"  -22","H,,S",,,"   50",",,W","   60",",,W","  125",",,W","  161",",,W",,,,,,,,,,,,,,,,,,,,,,,,
"USW00094119","2019-11-29","47.9742","-117.4292","667.8","DEER PARK AIRPORT, WA US","    0",",,W,2400",,,,,"   -5",",,W","  -99",",,W","   29",",,W",,,,,,,"  -52","H,,S",,,"   30",",,W","   30",",,W","   67",",,W","   85",",,W",,,,,,,,,,,,,,,,,,,,,,,,
"USW00094119","2019-11-30","47.9742","-117.4292","667.8","DEER PARK AIRPORT, WA US","    0",",,W,2400",,,,,"   -5",",,W"," -110",",,W","   10",",,W",,,,,,,"  -44","H,,S",,,"   20",",,W","   20",",,W","   45",",,W","   63",",,W",,,,,,,,,,,,,,,,,,,,,,,,
"USW00094119","2019-12-01","47.9742","-117.4292","667.8","DEER PARK AIRPORT, WA US","   20",",,W,2400",,,,,"  -10",",,W","  -60",",,W","   31",",,W",,,,,,,"  -53","H,,S",,,"   30",",,W","   30",",,W","   67",",,W","   85",",,W","    1",",,W",,,,,,,,,,,,,,,,,,,,,,
"USW00094119","2019-12-02","47.9742","-117.4292","667.8","DEER PARK AIRPORT, WA US","    3",",,W,2400",,,,,"   17",",,W","  -32",",,W","    9",",,W",,,,,,,"  -20","H,,S",,,"  240",",,W","  230",",,W","   45",",,W","   49",",,W","    1",",,W",,,,,,,,,,,,,,,,,,,,,,
"USW00094119","2019-12-03","47.9742","-117.4292","667.8","DEER PARK AIRPORT, WA US","    0",",,W,2400",,,,,"   39",",,W","  -16",",,W","    5",",,W",,,,,,,"   -3","H,,S",,,"  330",",,W","  350",",,W","   27",",,W","   31",",,W","    1",",,W",,,,,,,,,,,,,,,,,,,,,,
"USW00094119","2019-12-04","47.9742","-117.4292","667.8","DEER PARK AIRPORT, WA US","    0",",,W,2400",,,,,"   61",",,W","   -5",",,W","    4",",,W",,,,,,,"   22","H,,S",,,"  310",",,W","  320",",,W","   27",",,W","   27",",,W","    1",",,W",,,,,,,,,,,,,,,,,,,,,,
"USW00094119","2019-12-05","47.9742","-117.4292","667.8","DEER PARK AIRPORT, WA US","    5",",,W,2400",,,,,"   50",",,W","   17",",,W","    5",",,W",,,,,,,"   33","H,,S",,,"   70",",,W","   40",",,W","   27",",,W","   27",",,W","    1",",,W",,,,,,,,,,,,,,,,,,,,,,
"USW00094119","2019-12-06","47.9742","-117.4292","667.8","DEER PARK AIRPORT, WA US","    0",",,W,2400",,,,,"   39",",,W","    0",",,W","    8",",,W",,,,,,,"   20","H,,S",,,"  340",",,W","   50",",,W","   22",",,W","   27",",,W","    1",",,W","    1",",,W",,,,,,,,,,,,,,,,,,,,
"USW00094119","2019-12-07","47.9742","-117.4292","667.8","DEER PARK AIRPORT, WA US","  155",",,W,2400",,,,,"   56",",,W","   17",",,W","    5",",,W",,,,,,,"   30","H,,S",,,"  260",",,W","  260",",,W","   27",",,W","   40",",,W","    1",",,W","    1",",,W",,,,,,,,,,,,,,,,,,,,
"USW00094119","2019-12-08","47.9742","-117.4292","667.8","DEER PARK AIRPORT, WA US","    0",",,W,2400",,,,,"   50",",,W","  -32",",,W","   30",",,W",,,,,,,"   28","H,,S",,,"  300",",,W","  310",",,W","   76",",,W","   94",",,W","    1",",,W",,,,,,,,,,,,,,,,,,,,,,
"USW00094119","2019-12-09","47.9742","-117.4292","667.8","DEER PARK AIRPORT, WA US","    0",",,W,2400",,,,,"  -16",",,W","  -43",",,W","    7",",,W",,,,,,,"  -23","H,,S",,,"   40",",,W","   40",",,W","   31",",,W","   45",",,W","    1",",,W","    1",",,W",,,,,,,,,,,,,,,,,,,,
"USW00094119","2019-12-10","47.9742","-117.4292","667.8","DEER PARK AIRPORT, WA US","    5",",,W,2400",,,,,"   33",",,W","  -38",",,W","   18",",,W",,,,,,,"   -7","H,,S",,,"   60",",,W","   50",",,W","   40",",,W","   49",",,W","    1",",,W",,,,,,,,,,,,,,,,,,,,,,
"USW00094119","2019-12-11","47.9742","-117.4292","667.8","DEER PARK AIRPORT, WA US","   46",",,W,2400",,,,,"    6",",,W","  -16",",,W","   13",",,W",,,,,,,"  -16","H,,S",,,"  190",",,W","  200",",,W","   36",",,W","   45",",,W","    1",",,W",,,,,,,,,,,,,,,,,,,,,,
"USW00094119","2019-12-12","47.9742","-117.4292","667.8","DEER PARK AIRPORT, WA US","  102",",,W,2400",,,,,"   22",",,W","    0",",,W","   23",",,W",,,,,,,"    7","H,,S",,,"  220",",,W","  100",",,W","   67",",,W","  107",",,W","    1",",,W",,,,,,,,,,,,,,,,,,,,,,
"USW00094119","2019-12-13","47.9742","-117.4292","667.8","DEER PARK AIRPORT, WA US","    0",",,W,2400",,,,,"   22",",,W","    0",",,W","   18",",,W",,,,,,,"   12","H,,S",,,"  110",",,W","  100",",,W","  103",",,W","  157",",,W",,,,,,,,,,,,,,,,,,,,,,,,
"USW00094119","2019-12-14","47.9742","-117.4292","667.8","DEER PARK AIRPORT, WA US","    0","T,,W,2400",,,,,"    6",",,W","  -10",",,W","   11",",,W",,,,,,,"    3","H,,S",,,"  200",",,W","  240",",,W","   36",",,W","   45",",,W","    1",",,W",,,,,,,,,,,,,,,,,,,,,,
"USW00094119","2019-12-15","47.9742","-117.4292","667.8","DEER PARK AIRPORT, WA US","    0","T,,W,2400",,,,,"    0",",,W","  -32",",,W","   21",",,W",,,,,,,"   -8","H,,S",,,"  200",",,W","  220",",,W","   54",",,W","   67",",,W",,,,,,,,,,,,,,,,,,,,,,,,
"USW00094119","2019-12-16","47.9742","-117.4292","667.8","DEER PARK AIRPORT, WA US","    0",",,W,2400",,,,,"    0",",,W","  -38",",,W","   11",",,W",,,,,,,"  -23","H,,S",,,"  190",",,W","  210",",,W","   40",",,W","   54",",,W",,,,,,,,,,,,,,,,,,,,,,,,
"USW00094119","2019-12-17","47.9742","-117.4292","667.8","DEER PARK AIRPORT, WA US","    0",",,W,2400",,,,,"    6",",,W","  -55",",,W","    9",",,W",,,,,,,"  -15","H,,S",,,"   30",",,W","   40",",,W","   27",",,W","   36",",,W",,,,,,,,,,,,,,,,,,,,,,,,
"USW00094119","2019-12-18","47.9742","-117.4292","667.8","DEER PARK AIRPORT, WA US","    0",",,W,2400",,,,,"   22",",,W","  -77",",,W","   17",",,W",,,,,,,"   -3","H,,S",,,"   30",",,W","   20",",,W","   54",",,W","   67",",,W",,,,,,,,,,,,,,,,,,,,,,,,
"USW00094119","2019-12-19","47.9742","-117.4292","667.8","DEER PARK AIRPORT, WA US","  163",",,W,2400",,,,,"   33",",,W","  -55",",,W","   13",",,W",,,,,,,"  -27","H,,S",,,"  160",",,W","  150",",,W","   36",",,W","   45",",,W","    1",",,W",,,,,,,,,,,,,,,,,,,,,,
"USW00094119","2019-12-20","47.9742","-117.4292","667.8","DEER PARK AIRPORT, WA US","   20",",,W,2400",,,,,"   83",",,W","   11",",,W","   35",",,W",,,,,,,"   39","H,,S",,,"  190",",,W","  190",",,W","   89",",,W","  107",",,W",,,,,,,,,,,,,,,,,,,,,,,,
"USW00094119","2019-12-21","47.9742","-117.4292","667.8","DEER PARK AIRPORT, WA US","    8",",,W,2400",,,,,"  117",",,W","   33",",,W","   33",",,W",,,,,,,"   71","H,,S",,,"  210",",,W","  210",",,W","  130",",,W","  161",",,W",,,,,,,,,,,,,,,,,,,,,,,,
"USW00094119","2019-12-22","47.9742","-117.4292","667.8","DEER PARK AIRPORT, WA US","    5",",,W,2400",,,,,"   67",",,W","    0",",,W","   29",",,W",,,,,,,"   49","H,,S",,,"   30",",,W","   30",",,W","   72",",,W","   89",",,W","    1",",,W",,,,,,,,,,,,,,,,,,,,,,
"USW00094119","2019-12-23","47.9742","-117.4292","667.8","DEER PARK AIRPORT, WA US","    0",",,W,2400",,,,,"   28",",,W","  -10",",,W","   10",",,W",,,,,,,"   21","H,,S",,,"  170",",,W","  180",",,W","   40",",,W","   49",",,W","    1",",,W","    1",",,W",,,,,,,,,,,,,,,,,,,,
"USW00094119","2019-12-24","47.9742","-117.4292","667.8","DEER PARK AIRPORT, WA US","   10",",,W,2400",,,,,"   44",",,W","   -5",",,W","    9",",,W",,,,,,,"   17","H,,S",,,"  230",",,W","  220",",,W","   36",",,W","   49",",,W","    1",",,W",,,,,,,,,,,,,,,,,,,,,,
"USW00094119","2019-12-25","47.9742","-117.4292","667.8","DEER PARK AIRPORT, WA US","   18",",,W,2400",,,,,"   17",",,W","  -43",",,W","    3",",,W",,,,,,,"    2","H,,S",,,"  250",",,W","  260",",,W","   27",",,W","   27",",,W","    1",",,W",,,,,,,,,,,,,,,,,,,,,,
"USW00094119","2019-12-26","47.9742","-117.4292","667.8","DEER PARK AIRPORT, WA US","    0",",,W,2400",,,,,"    0",",,W","  -43",",,W","    6",",,W",,,,,,,"  -12","H,,S",,,"   20",",,W","   20",",,W","   45",",,W","   58",",,W","    1",",,W",,,,,,,,,,,,,,,,,,,,,,
"USW00094119","2019-12-27","47.9742","-117.4292","667.8","DEER PARK AIRPORT, WA US","    8",",,W,2400",,,,,"   -5",",,W","  -77",",,W","   13",",,W",,,,,,,"  -17","H,,S",,,"  210",",,W","  210",",,W","   40",",,W","   49",",,W","    1",",,W",,,,,,,,,,,,,,,,,,,,,,
"USW00094119","2019-12-28","47.9742","-117.4292","667.8","DEER PARK AIRPORT, WA US","    0",",,W,2400",,,,,"  -10",",,W","  -32",",,W","    9",",,W",,,,,,,"  -27","H,,S",,,"   10",",,W","   50",",,W","   27",",,W","   36",",,W",,,,,,,,,,,,,,,,,,,,,,,,
"USW00094119","2019-12-29","47.9742","-117.4292","667.8","DEER PARK AIRPORT, WA US","    0",",,W,2400",,,,,"   22",",,W","  -60",",,W","   22",",,W",,,,,,,"  -12","H,,S",,,"   20",",,W","   20",",,W","   45",",,W","   54",",,W",,,,,,,,,,,,,,,,,,,,,,,,
"USW00094119","2019-12-30","47.9742","-117.4292","667.8","DEER PARK AIRPORT, WA US","    3",",,W,2400",,,,,"  -10",",,W","  -93",",,W","    6",",,W",,,,,,,"  -42","H,,S",,,"   30",",,W","   30",",,W","   36",",,W","   40",",,W","    1",",,W",,,,,,,,,,,,,,,,,,,,,,
"USW00094119","2019-12-31","47.9742","-117.4292","667.8","DEER PARK AIRPORT, WA US","  163",",,W,2400",,,,,"   44",",,W","  -10",",,W","   30",",,W",,,,,,,"   -5","H,,S",,,"  210",",,W","  200",",,W","   76",",,W","   98",",,W","    1",",,W",,,,,,,,,,,,,,,,,,,,,,
"USW00094119","2020-01-01","47.9742","-117.4292","667.8","DEER PARK AIRPORT, WA US","    0",",,W,2400",,,,,"   61",",,W","    6",",,W","   35",",,W",,,,,,,,,,,"  200",",,W","  110",",,W","   67",",,W","  112",",,W",,,,,,,,,,,,,,,,,,,,,,,,
"USW00094119","2020-01-02","47.9742","-117.4292","667.8","DEER PARK AIRPORT, WA US","   18",",,W,2400",,,,,"   44",",,W","  -49",",,W","   26",",,W",,,,,,,"   11","H,,S",,,"  220",",,W","  210",",,W","   67",",,W","   89",",,W","    1",",,W",,,,,,,,,,,,,,,,,,,,,,
"USW00094119","2020-01-03","47.9742","-117.4292","667.8","DEER PARK AIRPORT, WA US","   30",",,W,2400",,,,,"   61",",,W","  -16",",,W","    8",",,W",,,,,,,"   16","H,,S",,,"  180",",,W","  180",",,W","   40",",,W","   49",",,W","    1",",,W",,,,,,,,,,,,,,,,,,,,,,
"USW00094119","2020-01-04","47.9742","-117.4292","667.8","DEER PARK AIRPORT, WA US","    0",",,W,2400",,,,,"   67",",,W","  -38",",,W","   52",",,W",,,,,,,"   26","H,,S",,,"  230",",,W","  230",",,W","  116",",,W","  152",",,W",,,,,,,,,,,,,,,,,,,,,,,,
"USW00094119","2020-01-05","47.9742","-117.4292","667.8","DEER PARK AIRPORT, WA US","   20",",,W,2400",,,,,"   33",",,W","  -32",",,W","   22",",,W",,,,,,,"    0","H,,S",,,"  240",",,W","  240",",,W","   94",",,W","  125",",,W","    1",",,W",,,,,,,,,,,,,,,,,,,,,,
"USW00094119","2020-01-06","47.9742","-117.4292","667.8","DEER PARK AIRPORT, WA US","   86",",,W,2400",,,,,"   56",",,W","  -16",",,W","   32",",,W",,,,,,,"    3","H,,S",,,"  220",",,W","  230",",,W","   58",",,W","   81",",,W","    1",",,W",,,,,,,,,,,,,,,,,,,,,,
"USW00094119","2020-01-07","47.9742","-117.4292","667.8","DEER PARK AIRPORT, WA US","   23",",,W,2400",,,,,"   61",",,W","   17",",,W","   39",",,W",,,,,,,"   49","H,,S",,,"  220",",,W","  180",",,W","   89",",,W","  121",",,W",,,,,,,,,,,,,,,,,,,,,,,,
"USW00094119","2020-01-08","47.9742","-117.4292","667.8","DEER PARK AIRPORT, WA US","   10",",,W,2400",,,,,"   61",",,W","  -27",",,W","   43",",,W",,,,,,,"   37","H,,S",,,"  210",",,W","  210",",,W","  107",",,W","  130",",,W","    1",",,W",,,,,,,,,,,,,,,,,,,,,,
"USW00094119","2020-01-09","47.9742","-117.4292","667.8","DEER PARK AIRPORT, WA US","    0",",,W,2400",,,,,"    6",",,W"," -110",",,W","   10",",,W",,,,,,,"  -24","H,,S",,,"  350",",,W","  340",",,W","   40",",,W","   45",",,W","    1",",,W",,,,,,,,,,,,,,,,,,,,,,
"USW00094119","2020-01-10","47.9742","-117.4292","667.8","DEER PARK AIRPORT, WA US","  211",",,W,2400",,,,,"  -16",",,W"," -110",",,W","   13",",,W",,,,,,,"  -64","H,,S",,,"  140",",,W","  140",",,W","   40",",,W","   54",",,W","    1",",,W","    1",",,W",,,,,,,,,,,,,,,,,,,,
"USW00094119","2020-01-11","47.9742","-117.4292","667.8","DEER PARK AIRPORT, WA US","   89",",,W,2400",,,,,"   17",",,W","  -16",",,W","   31",",,W",,,,,,,"   -7","H,,S",,,"  190",",,W","  200",",,W","   67",",,W","   85",",,W","    1",",,W",,,,,,,,,,,,,,,,,,,,,,
"USW00094119","2020-01-12","47.9742","-117.4292","667.8","DEER PARK AIRPORT, WA US","   91",",,W,2400",,,,,"   11",",,W","  -27",",,W","   48",",,W",,,,,,,"    0","H,,S",,,"  190",",,W","  180",",,W","   98",",,W","  116",",,W","    1",",,W","    1",",,W",,,,,,,,,,,,,,,,,,,,
"USW00094119","2020-01-13","47.9742","-117.4292","667.8","DEER PARK AIRPORT, WA US","    0","T,,W,2400",,,,,"  -21",",,W","  -93",",,W","   30",",,W",,,,,,,"  -39","H,,S",,,"  200",",,W","  190",",,W","   98",",,W","  121",",,W","    1",",,W",,,,,,,"    1",",,W",,,,,,,,,,,,,,
"USW00094119","2020-01-14","47.9742","-117.4292","667.8","DEER PARK AIRPORT, WA US","    0",",,W,2400",,,,,"  -88",",,W"," -132",",,W","   30",",,W",,,,,,,"  -95","H,,S",,,"  210",",,W","  210",",,W","   89",",,W","  103",",,W","    1",",,W",,,,,,,"    1",",,W",,,,,,,,,,,,,,
"USW00094119","2020-01-15","47.9742","-117.4292","667.8","DEER PARK AIRPORT, WA US","   18",",,W,2400",,,,,"  -27",",,W"," -132",",,W","   30",",,W",,,,,,,"  -99","H,,S",,,"   30",",,W","   30",",,W","   67",",,W","   85",",,W","    1",",,W",,,,,,,,,,,,,,,,,,,,,,
"USW00094119","2020-01-16","47.9742","-117.4292","667.8","DEER PARK AIRPORT, WA US","   20",",,W,2400",,,,,"    6",",,W","  -32",",,W","   28",",,W",,,,,,,"  -20","H,,S",,,"   40",",,W","   30",",,W","   67",",,W","   85",",,W","    1",",,W",,,,,,,,,,,,,,,,,,,,,,
"USW00094119","2020-01-17","47.9742","-117.4292","667.8","DEER PARK AIRPORT, WA US","    0",",,W,2400",,,,,"  -16",",,W","  -77",",,W","   24",",,W",,,,,,,"  -29","H,,S",,,"  200",",,W","  180",",,W","   72",",,W","   81",",,W",,,,,,,,,,,,,,,,,,,,,,,,
"USW00094119","2020-01-18","47.9742","-117.4292","667.8","DEER PARK AIRPORT, WA US","   25",",,W,2400",,,,,"    0",",,W","  -49",",,W","   23",",,W",,,,,,,"  -32","H,,S",,,"   30",",,W","   30",",,W","   40",",,W","   49",",,W","    1",",,W",,,,,,,,,,,,,,,,,,,,,,
"USW00094119","2020-01-19","47.9742","-117.4292","667.8","DEER PARK AIRPORT, WA US","    0","T,,W,2400",,,,,"   28",",,W","   -5",",,W","   37",",,W",,,,,,,"    3","H,,S",,,"   30",",,W","   30",",,W","   72",",,W","   89",",,W","    1",",,W",,,,,,,,,,,,,,,,,,,,,,
"USW00094119","2020-01-20","47.9742","-117.4292","667.8","DEER PARK AIRPORT, WA US","    0",",,W,2400",,,,,"   39",",,W","  -55",",,W","   17",",,W",,,,,,,"    8","H,,S",,,"   30",",,W","   30",",,W","   72",",,W","   81",",,W","    1",",,W","    1",",,W",,,,,,,,,,,,,,,,,,,,
"USW00094119","2020-01-21","47.9742","-117.4292","667.8","DEER PARK AIRPORT, WA US","   25",",,W,2400",,,,,"   17",",,W","  -60",",,W","   17",",,W",,,,,,,"   -9","H,,S",,,"   30",",,W","   30",",,W","   63",",,W","   72",",,W","    1",",,W",,,,,,,,,,,,,,,,,,,,,,
"USW00094119","2020-01-22","47.9742","-117.4292","667.8","DEER PARK AIRPORT, WA US","   46",",,W,2400",,,,,"   33",",,W","  -32",",,W","   17",",,W",,,,,,,"    9","H,,S",,,"  190",",,W","  180",",,W","   54",",,W","   63",",,W","    1",",,W",,,,,,,,,,,,,,,,,,,,,,
"USW00094119","2020-01-23","47.9742","-117.4292","667.8","DEER PARK AIRPORT, WA US","  183",",,W,2400",,,,,"   33",",,W","    6",",,W","    6",",,W",,,,,,,"   14","H,,S",,,"  360",",,W","   40",",,W","   27",",,W","   27",",,W","    1",",,W","    1",",,W",,,,,,,,,,,,,,,,,,,,
"USW00094119","2020-01-24","47.9742","-117.4292","667.8","DEER PARK AIRPORT, WA US","   56",",,W,2400",,,,,"   44",",,W","    6",",,W","   19",",,W",,,,,,,"   27","H,,S",,,"  190",",,W","  170",",,W","   54",",,W","   72",",,W","    1",",,W","    1",",,W",,,,,,,,,,,,,,,,,,,,
"USW00094119","2020-01-25","47.9742","-117.4292","667.8","DEER PARK AIRPORT, WA US","   10",",,W,2400",,,,,"   39",",,W","  -16",",,W","   10",",,W",,,,,,,"   14","H,,S",,,"   30",",,W","   40",",,W","   45",",,W","   54",",,W","    1",",,W","    1",",,W",,,,,,,,,,,,,,,,,,,,
"USW00094119","2020-01-26","47.9742","-117.4292","667.8","DEER PARK AIRPORT, WA US","   23",",,W,2400",,,,,"   33",",,W","    6",",,W","   23",",,W",,,,,,,"   24","H,,S",,,"   30",",,W","   30",",,W","   58",",,W","   72",",,W","    1",",,W","    1",",,W",,,,,,,,,,,,,,,,,,,,
"USW00094119","2020-01-27","47.9742","-117.4292","667.8","DEER PARK AIRPORT, WA US","   20",",,W,2400",,,,,"   50",",,W","   -5",",,W","   16",",,W",,,,,,,"   21","H,,S",,,"  200",",,W","  200",",,W","   58",",,W","   67",",,W","    1",",,W",,,,,,,,,,,,,,,,,,,,,,
"USW00094119","2020-01-28","47.9742","-117.4292","667.8","DEER PARK AIRPORT, WA US","  152",",,W,2400",,,,,"   28",",,W","    6",",,W","   16",",,W",,,,,,,"   11","H,,S",,,"   20",",,W","  350",",,W","   54",",,W","   85",",,W","    1",",,W",,,,,,,,,,,,,,,,,,,,,,
"USW00094119","2020-01-29","47.9742","-117.4292","667.8","DEER PARK AIRPORT, WA US","   53",",,W,2400",,,,,"   33",",,W","  -10",",,W","   19",",,W",,,,,,,"   16","H,,S",,,"  210",",,W","  200",",,W","   58",",,W","   67",",,W","    1",",,W","    1",",,W",,,,,,,,,,,,,,,,,,,,
"USW00094119","2020-01-30","47.9742","-117.4292","667.8","DEER PARK AIRPORT, WA US","   10",",,W,2400",,,,,"   39",",,W","  -16",",,W","    9",",,W",,,,,,,"   16","H,,S",,,"   60",",,W","  110",",,W","   40",",,W","   72",",,W","    1",",,W","    1",",,W",,,,,,,,,,,,,,,,,,,,
"USW00094119","2020-01-31","47.9742","-117.4292","667.8","DEER PARK AIRPORT, WA US","   23",",,W,2400",,,,,"   94",",,W","   11",",,W","   43",",,W",,,,,,,"   26","H,,S",,,"  200",",,W","  210",",,W","  107",",,W","  157",",,W","    1",",,W","    1",",,W",,,,,,,,,,,,,,,,,,,,
"USW00094119","2020-02-01","47.9742","-117.4292","667.8","DEER PARK AIRPORT, WA US","    5",",,W,2400",,,,,"  117",",,W","   11",",,W","   80",",,W",,,,,,,"   89","H,,S",,,"  240",",,W","  210",",,W","  143",",,W","  197",",,W",,,,,,,,,,,,,,,,,,,,,,,,
"USW00094119","2020-02-02","47.9742","-117.4292","667.8","DEER PARK AIRPORT, WA US","    0",",,W,2400",,,,,"   33",",,W"," -105",",,W","    7",",,W",,,,,,,"    4","H,,S",,,"  240",",,W","  230",",,W","   40",",,W","   45",",,W",,,,,,,,,,,,,,,,,,,,,,,,
"USW00094119","2020-02-03","47.9742","-117.4292","667.8","DEER PARK AIRPORT, WA US","    0",",,W,2400",,,,,"   28",",,W"," -121",",,W","   12",",,W",,,,,,,"  -64","H,,S",,,"  330",",,W","  310",",,W","   54",",,W","   67",",,W",,,,,,,,,,,,,,,,,,,,,,,,
"USW00094119","2020-02-04","47.9742","-117.4292","667.8","DEER PARK AIRPORT, WA US","    3",",,W,2400",,,,,"  -21",",,W"," -138",",,W","   12",",,W",,,,,,,"  -72","H,,S",,,"  210",",,W",,,"   58",",,W",,,"    1",",,W",,,,,,,,,,,,,,,,,,,,,,
"USW00094119","2020-02-05","47.9742","-117.4292","667.8","DEER PARK AIRPORT, WA US","   66",",,W,2400",,,,,"    6",",,W","  -27",",,W","    9",",,W",,,,,,,"  -21","H,,S",,,"  180",",,W","  170",",,W","   54",",,W","   58",",,W","    1",",,W","    1",",,W",,,,,,,,,,,,,,,,,,,,
"USW00094119","2020-02-06","47.9742","-117.4292","667.8","DEER PARK AIRPORT, WA US","   48",",,W,2400",,,,,"    6",",,W","  -38",",,W","    5",",,W",,,,,,,"   -6","H,,S",,,"  260",",,W","  270",",,W","   31",",,W","   31",",,W","    1",",,W","    1",",,W",,,,,,,,,,,,,,,,,,,,
"USW00094119","2020-02-07","47.9742","-117.4292","667.8","DEER PARK AIRPORT, WA US","   13",",,W,2400",,,,,"   28",",,W","   -5",",,W","    8",",,W",,,,,,,"    3","H,,S",,,"  220",",,W","  220",",,W","   89",",,W","  103",",,W","    1",",,W","    1",",,W",,,,,,,,,,,,,,,,,,,,
"USW00094119","2020-02-08","47.9742","-117.4292","667.8","DEER PARK AIRPORT, WA US","    3",",,W,2400",,,,,"   56",",,W","  -38",",,W","   32",",,W",,,,,,,"   18","H,,S",,,"  210",",,W","  200",",,W","   76",",,W","   98",",,W","    1",",,W","    1",",,W",,,,,,,,,,,,,,,,,,,,
"USW00094119","2020-02-09","47.9742","-117.4292","667.8","DEER PARK AIRPORT, WA US","    0",",,W,2400",,,,,"   17",",,W","  -82",",,W","   26",",,W",,,,,,,"  -21","H,,S",,,"  200",",,W","  120",",,W","   63",",,W","  116",",,W","    1",",,W","    1",",,W",,,,,,,,,,,,,,,,,,,,
"USW00094119","2020-02-10","47.9742","-117.4292","667.8","DEER PARK AIRPORT, WA US","    0",",,W,2400",,,,,"   50",",,W","  -82",",,W","    9",",,W",,,,,,,"   -8","H,,S",,,"  160",",,W",,,"   36",",,W",,,"    1",",,W",,,,,,,,,,,,,,,,,,,,,,
"USW00094119","2020-02-11","47.9742","-117.4292","667.8","DEER PARK AIRPORT, WA US","    0",",,W,2400",,,,,"   78",",,W","  -60",",,W","   19",",,W",,,,,,,"   -4","H,,S",,,"  200",",,W","  210",",,W","   63",",,W","   76",",,W",,,,,,,,,,,,,,,,,,,,,,,,
"USW00094119","2020-02-12","47.9742","-117.4292","667.8","DEER PARK AIRPORT, WA US","    0",",,W,2400",,,,,"   72",",,W","  -82",",,W","   12",",,W",,,,,,,"   -9","H,,S",,,"  210",",,W","  200",",,W","   45",",,W","   54",",,W",,,,,,,,,,,,,,,,,,,,,,,,
"USW00094119","2020-02-13","47.9742","-117.4292","667.8","DEER PARK AIRPORT, WA US","    3",",,W,2400",,,,,"   61",",,W","  -71",",,W","   21",",,W",,,,,,,"   -8","H,,S",,,"  210",",,W","  210",",,W","   72",",,W","   89",",,W",,,,,,,,,,,,,,,,,,,,,,,,
"USW00094119","2020-02-14","47.9742","-117.4292","667.8","DEER PARK AIRPORT, WA US","    0","T,,W,2400",,,,,"   72",",,W","  -38",",,W","   31",",,W",,,,,,,"   18","H,,S",,,"  290",",,W","  290",",,W","   72",",,W","   85",",,W","    1",",,W",,,,,,,,,,,,,,,,,,,,,,
"USW00094119","2020-02-15","47.9742","-117.4292","667.8","DEER PARK AIRPORT, WA US","   10",",,W,2400",,,,,"   44",",,W","  -10",",,W","   40",",,W",,,,,,,"    6","H,,S",,,"  200",",,W","  200",",,W","   81",",,W","  103",",,W","    1",",,W",,,,,,,,,,,,,,,,,,,,,,
"USW00094119","2020-02-16","47.9742","-117.4292","667.8","DEER PARK AIRPORT, WA US","   15",",,W,2400",,,,,"   50",",,W","  -38",",,W","   23",",,W",,,,,,,"   14","H,,S",,,"  350",",,W","  360",",,W","   81",",,W","  107",",,W","    1",",,W",,,,,,,,,,,,,,,,,,,,,,
"USW00094119","2020-02-17","47.9742","-117.4292","667.8","DEER PARK AIRPORT, WA US","    0",",,W,2400",,,,,"   56",",,W","  -66",",,W","   15",",,W",,,,,,,"   -7","H,,S",,,"  320",",,W","  320",",,W","   89",",,W","  112",",,W",,,,,,,,,,,,,,,,,,,,,,,,
"USW00094119","2020-02-18","47.9742","-117.4292","667.8","DEER PARK AIRPORT, WA US","    0",",,W,2400",,,,,"   50",",,W","  -82",",,W","   13",",,W",,,,,,,"  -19","H,,S",,,"  320",",,W","  320",",,W","   72",",,W","   89",",,W",,,,,,,,,,,,,,,,,,,,,,,,
"USW00094119","2020-02-19","47.9742","-117.4292","667.8","DEER PARK AIRPORT, WA US","    0",",,W,2400",,,,,"   39",",,W","  -99",",,W","    9",",,W",,,,,,,"  -35","H,,S",,,"   20",",,W","   10",",,W","   36",",,W","   49",",,W",,,,,,,,,,,,,,,,,,,,,,,,
"USW00094119","2020-02-20","47.9742","-117.4292","667.8","DEER PARK AIRPORT, WA US","    0",",,W,2400",,,,,"   61",",,W","  -66",",,W","   17",",,W",,,,,,,"  -12","H,,S",,,"   30",",,W","   20",",,W","   45",",,W","   58",",,W",,,,,,,,,,,,,,,,,,,,,,,,
"USW00094119","2020-02-21","47.9742","-117.4292","667.8","DEER PARK AIRPORT, WA US","    0",",,W,2400",,,,,"   78",",,W","  -93",",,W","    8",",,W",,,,,,,"  -19","H,,S",,,"  180",",,W","  300",",,W","   31",",,W","   63",",,W",,,,,,,,,,,,,,,,,,,,,,,,
"USW00094119","2020-02-22","47.9742","-117.4292","667.8","DEER PARK AIRPORT, WA US","    0",",,W,2400",,,,,"   94",",,W","  -55",",,W","   14",",,W",,,,,,,"    0","H,,S",,,"  220",",,W","  220",",,W","   72",",,W","   94",",,W",,,,,,,,,,,,,,,,,,,,,,,,
"USW00094119","2020-02-23","47.9742","-117.4292","667.8","DEER PARK AIRPORT, WA US","   43",",,W,2400",,,,,"   56",",,W","  -27",",,W","   34",",,W",,,,,,,"   11","H,,S",,,"  260",",,W","  190",",,W","   98",",,W","  125",",,W","    1",",,W",,,,,,,,,,,,,,,,,,,,,,
"USW00094119","2020-02-24","47.9742","-117.4292","667.8","DEER PARK AIRPORT, WA US","    0",",,W,2400",,,,,"   61",",,W","  -43",",,W","   30",",,W",,,,,,,"   21","H,,S",,,"  180",",,W","  200",",,W","   67",",,W","   85",",,W",,,,,,,,,,,,,,,,,,,,,,,,
"USW00094119","2020-02-25","47.9742","-117.4292","667.8","DEER PARK AIRPORT, WA US","    0",",,W,2400",,,,,"   44",",,W","  -71",",,W","    9",",,W",,,,,,,"  -12","H,,S",,,"   20",",,W","  170",",,W","   36",",,W","   54",",,W",,,,,,,,,,,,,,,,,,,,,,,,
"USW00094119","2020-02-26","47.9742","-117.4292","667.8","DEER PARK AIRPORT, WA US","    0",",,W,2400",,,,,"   89",",,W","  -32",",,W","    8",",,W",,,,,,,"   25","H,,S",,,"  230",",,W","  190",",,W","   54",",,W","   76",",,W",,,,,,,,,,,,,,,,,,,,,,,,
"USW00094119","2020-02-27","47.9742","-117.4292","667.8","DEER PARK AIRPORT, WA US","    0",",,W,2400",,,,,"   78",",,W","  -32",",,W","   13",",,W",,,,,"    0",",,W","   11","H,,S","    0",",,W","  220",",,W",,,"   36",",,W",,,,,,,,,,,,,,,,,,,,,,,,,,
"USW00094119","2020-02-28","47.9742","-117.4292","667.8","DEER PARK AIRPORT, WA US","    0",",,W,2400",,,,,"  156",",,W","  -38",",,W","   39",",,W",,,,,,,"   33","H,,S",,,"  200",",,W","  200",",,W","  112",",,W","  152",",,W",,,,,,,,,,,,,,,,,,,,,,,,
"USW00094119","2020-02-29","47.9742","-117.4292","667.8","DEER PARK AIRPORT, WA US","    0",",,W,2400",,,,,"   89",",,W","  -49",",,W","   44",",,W",,,,,,,"   57","H,,S",,,"  220",",,W","  220",",,W","   98",",,W","  130",",,W",,,,,,,,,,,,,,,,,,,,,,,,
"USW00094119","2020-03-01","47.9742","-117.4292","667.8","DEER PARK AIRPORT, WA US","    0",",,W,2400",,,,,"   78",",,W","  -77",",,W","   31",",,W",,,,,,,"   -8","H,,S",,,"  240",",,W","  240",",,W","   81",",,W","   98",",,W",,,,,,,,,,,,,,,,,,,,,,,,
"USW00094119","2020-03-02","47.9742","-117.4292","667.8","DEER PARK AIRPORT, WA US","    0",",,W,2400",,,,,"  111",",,W","  -16",",,W","   49",",,W",,,,,,,"   31","H,,S",,,"  210",",,W","  210",",,W","   98",",,W","  116",",,W",,,,,,,,,,,,,,,,,,,,,,,,
"USW00094119","2020-03-03","47.9742","-117.4292","667.8","DEER PARK AIRPORT, WA US","    0",",,W,2400",,,,,"  144",",,W","   17",",,W","   63",",,W",,,,,,,"   68","H,,S",,,"  200",",,W","  190",",,W","  112",",,W","  152",",,W",,,,,,,,,,,,,,,,,,,,,,,,
"USW00094119","2020-03-04","47.9742","-117.4292","667.8","DEER PARK AIRPORT, WA US","    0",",,W,2400",,,,,"  100",",,W","  -55",",,W","   51",",,W",,,,,,,"   69","H,,S",,,"  250",",,W","  220",",,W","  107",",,W","  148",",,W",,,,,,,,,,,,,,,,,,,,,,,,
"USW00094119","2020-03-05","47.9742","-117.4292","667.8","DEER PARK AIRPORT, WA US","    0",",,W,2400",,,,,"  100",",,W","  -38",",,W","   21",",,W",,,,,,,"   23","H,,S",,,"   40",",,W","   30",",,W","   54",",,W","   67",",,W",,,,,,,,,,,,,,,,,,,,,,,,
"USW00094119","2020-03-06","47.9742","-117.4292","667.8","DEER PARK AIRPORT, WA US","   46",",,W,2400",,,,,"  117",",,W","  -10",",,W","   14",",,W",,,,,,,"   33","H,,S",,,"  230",",,W","  240",",,W","   54",",,W","   58",",,W","    1",",,W",,,,,,,,,,,,,,,,,,,,,,
"USW00094119","2020-03-07","47.9742","-117.4292","667.8","DEER PARK AIRPORT, WA US","   38",",,W,2400",,,,,"   44",",,W","  -16",",,W","   26",",,W",,,,,,,"   43","H,,S",,,"  210",",,W","  220",",,W","   67",",,W","   81",",,W","    1",",,W",,,,,,,,,,,,,,,,,,,,,,
"USW00094119","2020-03-08","47.9742","-117.4292","667.8","DEER PARK AIRPORT, WA US","    0","T,,W,2400",,,,,"   78",",,W","  -38",",,W","   21",",,W",,,,,,,"   18","H,,S",,,"  220",",,W","  240",",,W","   76",",,W","   98",",,W","    1",",,W",,,,,,,,,,,,,,,,,,,,,,
"USW00094119","2020-03-09","47.9742","-117.4292","667.8","DEER PARK AIRPORT, WA US","    0",",,W,2400",,,,,"   67",",,W","  -60",",,W","   17",",,W",,,,,,,"    6","H,,S",,,"  360",",,W","  200",",,W","   45",",,W","   63",",,W",,,,,,,,,,,,,,,,,,,,,,,,
"USW00094119","2020-03-10","47.9742","-117.4292","667.8","DEER PARK AIRPORT, WA US","    0",",,W,2400",,,,,"   83",",,W","  -71",",,W","   17",",,W",,,,,,,"   -4","H,,S",,,"  210",",,W","  220",",,W","   81",",,W","  103",",,W",,,,,,,,,,,,,,,,,,,,,,,,
"USW00094119","2020-03-11","47.9742","-117.4292","667.8","DEER PARK AIRPORT, WA US","    0",",,W,2400",,,,,"  111",",,W","  -43",",,W","   47",",,W",,,,,,,"   57","H,,S",,,"  310",",,W","  310",",,W","  130",",,W","  152",",,W",,,,,,,,,,,,,,,,,,,,,,,,
"USW00094119","2020-03-12","47.9742","-117.4292","667.8","DEER PARK AIRPORT, WA US","    0",",,W,2400",,,,,"   83",",,W","  -55",",,W","   15",",,W",,,,,,,"   11","H,,S",,,"  180",",,W","  190",",,W","   58",",,W","   76",",,W",,,,,,,,,,,,,,,,,,,,,,,,
"USW00094119","2020-03-13","47.9742","-117.4292","667.8","DEER PARK AIRPORT, WA US","    5",",,W,2400",,,,,"   39",",,W","  -66",",,W","   77",",,W",,,,,,,"   -4","H,,S",,,"   50",",,W","   50",",,W","  139",",,W","  188",",,W","    1",",,W",,,,,,,,,,,,,,,,,,,,,,
"USW00094119","2020-03-14","47.9742","-117.4292","667.8","DEER PARK AIRPORT, WA US","    8",",,W,2400",,,,,"  -55",",,W","  -82",",,W","   78",",,W",,,,,,,"  -63","H,,S",,,"   40",",,W","   40",",,W","  116",",,W","  161",",,W",,,,,,,,,,,,,,,,,,,,,,,,
"USW00094119","2020-03-15","47.9742","-117.4292","667.8","DEER PARK AIRPORT, WA US","    0",",,W,2400",,,,,"   28",",,W","  -82",",,W","   47",",,W",,,,,,,"  -46","H,,S",,,"   40",",,W","   50",",,W","   94",",,W","  121",",,W",,,,,,,,,,,,,,,,,,,,,,,,
"USW00094119","2020-03-16","47.9742","-117.4292","667.8","DEER PARK AIRPORT, WA US","    0",",,W,2400",,,,,"  106",",,W","  -55",",,W","   39",",,W",,,,,,,"    9","H,,S",,,"   50",",,W","   30",",,W","   76",",,W","  103",",,W",,,,,,,,,,,,,,,,,,,,,,,,
"USW00094119","2020-03-17","47.9742","-117.4292","667.8","DEER PARK AIRPORT, WA US","    0",",,W,2400",,,,,"  133",",,W","  -71",",,W","   21",",,W",,,,,,,"   19","H,,S",,,"   30",",,W","   30",",,W","   58",",,W","   67",",,W",,,,,,,,,,,,,,,,,,,,,,,,
"USW00094119","2020-03-18","47.9742","-117.4292","667.8","DEER PARK AIRPORT, WA US","    0",",,W,2400",,,,,"  133",",,W","  -32",",,W","   26",",,W",,,,,,,"   58","H,,S",,,"   40",",,W","   40",",,W","   63",",,W","   85",",,W",,,,,,,,,,,,,,,,,,,,,,,,
"USW00094119","2020-03-19","47.9742","-117.4292","667.8","DEER PARK AIRPORT, WA US","    0",",,W,2400",,,,,"  144",",,W","  -60",",,W","   22",",,W",,,,,,,"   38","H,,S",,,"   40",",,W","   30",",,W","   58",",,W","   76",",,W",,,,,,,,,,,,,,,,,,,,,,,,
"USW00094119","2020-03-20","47.9742","-117.4292","667.8","DEER PARK AIRPORT, WA US","    0",",,W,2400",,,,,"  156",",,W","  -43",",,W","   13",",,W",,,,,,,"   55","H,,S",,,"  220",",,W","  210",",,W","   72",",,W","   89",",,W",,,,,,,,,"    1",",,W",,,,,,,,,,,,,,
"USW00094119","2020-03-21","47.9742","-117.4292","667.8","DEER PARK AIRPORT, WA US","    0",",,W,2400",,,,,"  156",",,W","  -55",",,W","   27",",,W",,,,,,,"   44","H,,S",,,"  330",",,W","  330",",,W","   76",",,W","  103",",,W",,,,,,,,,,,,,,,,,,,,,,,,
"USW00094119","2020-03-22","47.9742","-117.4292","667.8","DEER PARK AIRPORT, WA US","    0",",,W,2400",,,,,"  139",",,W","  -60",",,W","   22",",,W",,,,,,,"   51","H,,S",,,"  190",",,W","  220",",,W","   81",",,W","  107",",,W",,,,,,,,,,,,,,,,,,,,,,,,
"USW00094119","2020-03-23","47.9742","-117.4292","667.8","DEER PARK AIRPORT, WA US","    0",",,W,2400",,,,,"  117",",,W","  -10",",,W","   46",",,W",,,,,,,"   66","H,,S",,,"  210",",,W","  220",",,W","  112",",,W","  143",",,W",,,,,,,,,,,,,,,,,,,,,,,,
"USW00094119","2020-03-24","47.9742","-117.4292","667.8","DEER PARK AIRPORT, WA US","    0","T,,W,2400",,,,,"   78",",,W","  -32",",,W","   20",",,W",,,,,,,"   23","H,,S",,,"  180",",,W","  180",",,W","   63",",,W","   81",",,W",,,,,,,,,,,,,,,,,,,,,,,,
"USW00094119","2020-03-25","47.9742","-117.4292","667.8","DEER PARK AIRPORT, WA US","    5",",,W,2400",,,,,"   67",",,W","  -38",",,W","   18",",,W",,,,,,,"    9","H,,S",,,"  180",",,W","  250",",,W","   58",",,W","   89",",,W","    1",",,W",,,,,,,,,,,,,,,,,,,,,,
"USW00094119","2020-03-26","47.9742","-117.4292","667.8","DEER PARK AIRPORT, WA US","    0",",,W,2400",,,,,"   72",",,W","  -38",",,W","   25",",,W",,,,,,,"   10","H,,S",,,"  210",",,W","  220",",,W","   67",",,W","   94",",,W","    1",",,W",,,,,,,,,,,,,,,,,,,,,,
"USW00094119","2020-03-27","47.9742","-117.4292","667.8","DEER PARK AIRPORT, WA US","    0",",,W,2400",,,,,"   78",",,W","  -55",",,W","   33",",,W",,,,,,,"   19","H,,S",,,"  160",",,W","  190",",,W","   67",",,W","   85",",,W",,,,,,,,,,,,,,,,,,,,,,,,
"USW00094119","2020-03-28","47.9742","-117.4292","667.8","DEER PARK AIRPORT, WA US","    3",",,W,2400",,,,,"  100",",,W","   11",",,W","   34",",,W",,,,,,,"   52","H,,S",,,"  190",",,W","  200",",,W","   89",",,W","  107",",,W",,,,,,,,,,,,,,,,,,,,,,,,
"USW00094119","2020-03-29","47.9742","-117.4292","667.8","DEER PARK AIRPORT, WA US","    8",",,W,2400",,,,,"  128",",,W","    6",",,W","   41",",,W",,,,,,,"   76","H,,S",,,"  210",",,W","  210",",,W","  130",",,W","  161",",,W",,,,,,,,,,,,,,,,,,,,,,,,
"USW00094119","2020-03-30","47.9742","-117.4292","667.8","DEER PARK AIRPORT, WA US","   30",",,W,2400",,,,,"  111",",,W","   11",",,W","   66",",,W",,,,,,,"   58","H,,S",,,"  220",",,W","  210",",,W","  161",",,W","  201",",,W",,,,,"    1",",,W",,,,,,,,,,,,,,,,,,
"USW00094119","2020-03-31","47.9742","-117.4292","667.8","DEER PARK AIRPORT, WA US","   38",",,W,2400",,,,,"   72",",,W","  -21",",,W","   20",",,W",,,,,,,"   29","H,,S",,,"  300",",,W","  300",",,W","  112",",,W","  134",",,W","    1",",,W",,,"    1",",,W",,,,,,,,,,,,,,,,,,
"USW00094119","2020-04-01","47.9742","-117.4292","667.8","DEER PARK AIRPORT, WA US","   25",",,D,2400",,,,,"   56",",,D","  -50",",,D","   17",",,W",,,,,,,"    5","H,,S",,,"  250",",,W","  270",",,W","   63",",,W","   72",",,W","    1",",,W","    1",",,W",,,,,,,,,,,,,,,,,,,,
"USW00094119","2020-04-02","47.9742","-117.4292","667.8","DEER PARK AIRPORT, WA US","    0",",,D,2400",,,,,"   83",",,D","  -67",",,D","   28",",,W",,,,,,,"    6","H,,S",,,"  240",",,W","  230",",,W","   89",",,W","  107",",,W","    1",",,W","    1",",,W",,,,,,,,,,,,,,,,,,,,
"USW00094119","2020-04-03","47.9742","-117.4292","667.8","DEER PARK AIRPORT, WA US","   10",",,D,2400",,,,,"   72",",,D","  -39",",,D","   47",",,W",,,,,,,"   21","H,,S",,,"  220",",,W","  200",",,W","  116",",,W","  143",",,W","    1",",,W",,,,,,,"    1",",,W",,,,,,,,,,,,,,
"USW00094119","2020-04-04","47.9742","-117.4292","667.8","DEER PARK AIRPORT, WA US","    0",",,D,2400",,,,,"   83",",,D","  -72",",,D","   30",",,W",,,,,,,"    7","H,,S",,,"   40",",,W","   50",",,W","   63",",,W","   81",",,W",,,,,,,,,,,,,,,,,,,,,,,,
"USW00094119","2020-04-05","47.9742","-117.4292","667.8","DEER PARK AIRPORT, WA US","    3",",,D,2400",,,,,"   89",",,D","  -28",",,D","   15",",,W",,,,,,,"   32","H,,S",,,"   40",",,W","   50",",,W","   45",",,W","   58",",,W","    1",",,W",,,,,,,,,,,,,,,,,,,,,,
"USW00094119","2020-04-06","47.9742","-117.4292","667.8","DEER PARK AIRPORT, WA US","    0",",,D,2400",,,,,"  139",",,D","  -33",",,D","   24",",,W",,,,,,,"   47","H,,S",,,"  240",",,W","  230",",,W","   76",",,W","  107",",,W",,,,,,,,,,,,,,,,,,,,,,,,
"USW00094119","2020-04-07","47.9742","-117.4292","667.8","DEER PARK AIRPORT, WA US","    0",",,D,2400",,,,,"  161",",,D","  -17",",,D","   34",",,W",,,,,,,"   70","H,,S",,,"  230",",,W","  230",",,W","   76",",,W","  103",",,W",,,,,,,,,,,,,,,,,,,,,,,,
"USW00094119","2020-04-08","47.9742","-117.4292","667.8","DEER PARK AIRPORT, WA US","    0",",,D,2400",,,,,"  178",",,D","  -39",",,D","   19",",,W",,,,,,,"   67","H,,S",,,"  340",",,W","  340",",,W","   63",",,W","   76",",,W",,,,,,,,,"    1",",,W",,,,,,,,,,,,,,
"USW00094119","2020-04-09","47.9742","-117.4292","667.8","DEER PARK AIRPORT, WA US","    0",",,D,2400",,,,,"  206",",,D","  -33",",,D","   15",",,W",,,,,,,"   77","H,,S",,,"  230",",,W","  240",",,W","   63",",,W","   76",",,W",,,,,,,,,,,,,,,,,,,,,,,,
"USW00094119","2020-04-10","47.9742","-117.4292","667.8","DEER PARK AIRPORT, WA US","    0",",,D,2400",,,,,"  206",",,D","  -17",",,D","   15",",,W",,,,,,,"   96","H,,S",,,"  240",",,W","  230",",,W","   54",",,W","   81",",,W",,,,,,,,,,,,,,,,,,,,,,,,
"USW00094119","2020-04-11","47.9742","-117.4292","667.8","DEER PARK AIRPORT, WA US","    0",",,D,2400",,,,,"  128",",,D","  -56",",,D","   47",",,W",,,,,,,"   89","H,,S",,,"   40",",,W","   40",",,W","  116",",,W","  148",",,W",,,,,,,,,"    1",",,W",,,,,,,,,,,,,,
"USW00094119","2020-04-12","47.9742","-117.4292","667.8","DEER PARK AIRPORT, WA US","    0",",,D,2400",,,,,"   94",",,D","  -61",",,D","   19",",,W",,,,,,,"   14","H,,S",,,"   70",",,W","   60",",,W","   72",",,W","  121",",,W",,,,,,,,,,,,,,,,,,,,,,,,
"USW00094119","2020-04-13","47.9742","-117.4292","667.8","DEER PARK AIRPORT, WA US","    0",",,D,2400",,,,,"  128",",,D","  -94",",,D","   17",",,W",,,,,,,"   11","H,,S",,,"  320",",,W","  290",",,W","   72",",,W","  103",",,W",,,,,,,,,,,,,,,,,,,,,,,,
"USW00094119","2020-04-14","47.9742","-117.4292","667.8","DEER PARK AIRPORT, WA US","    0","T,,D,2400",,,,,"  144",",,D","   33",",,D","   26",",,W",,,,,,,"   72","H,,S",,,"  260",",,W","  280",",,W","   72",",,W","   98",",,W",,,,,,,,,,,,,,,,,,,,,,,,
"USW00094119","2020-04-15","47.9742","-117.4292","667.8","DEER PARK AIRPORT, WA US","    3",",,D,2400",,,,,"  144",",,D","    6",",,D","   40",",,W",,,,,,,"   84","H,,S",,,"   40",",,W","   40",",,W","   98",",,W","  125",",,W",,,,,,,,,,,,,,,,,,,,,,,,
"USW00094119","2020-04-16","47.9742","-117.4292","667.8","DEER PARK AIRPORT, WA US","    0",",,D,2400",,,,,"  139",",,D","  -50",",,D","   17",",,W",,,,,,,"   59","H,,S",,,"  200",",,W","  250",",,W","   63",",,W","   85",",,W",,,,,,,,,,,,,,,,,,,,,,,,
"USW00094119","2020-04-17","47.9742","-117.4292","667.8","DEER PARK AIRPORT, WA US","    0",",,D,2400",,,,,"  172",",,D","  -50",",,D","   26",",,W",,,,,,,"   56","H,,S",,,"  220",",,W","  190",",,W","   76",",,W","  107",",,W",,,,,,,,,,,,,,,,,,,,,,,,
"USW00094119","2020-04-18","47.9742","-117.4292","667.8","DEER PARK AIRPORT, WA US","    0",",,D,2400",,,,,"  172",",,D","   11",",,D","   25",",,W",,,,,,,"  119","H,,S",,,"  360",",,W","   40",",,W","   67",",,W","   76",",,W",,,,,,,,,,,,,,,,,,,,,,,,
"USW00094119","2020-04-19","47.9742","-117.4292","667.8","DEER PARK AIRPORT, WA US","    0",",,D,2400",,,,,"  161",",,D","  -17",",,D","   13",",,W",,,,,,,"   74","H,,S",,,"  180",",,W","  180",",,W","   63",",,W","   72",",,W","    1",",,W","    1",",,W",,,,,,,,,,,,,,,,,,,,
"USW00094119","2020-04-20","47.9742","-117.4292","667.8","DEER PARK AIRPORT, WA US","    0",",,D,2400",,,,,"  194",",,D","  -11",",,D","   13",",,W",,,,,,,"   93","H,,S",,,"  250",",,W","  260",",,W","   58",",,W","   72",",,W","    1",",,W",,,,,,,"    1",",,W",,,,,,,,,,,,,,
"USW00094119","2020-04-21","47.9742","-117.4292","667.8","DEER PARK AIRPORT, WA US","    0",",,D,2400",,,,,"  200",",,D","   -6",",,D","   44",",,W",,,,,,,"  102","H,,S",,,"  240",",,W","  240",",,W","   98",",,W","  143",",,W",,,,,,,,,,,,,,,,,,,,,,,,
"USW00094119","2020-04-22","47.9742","-117.4292","667.8","DEER PARK AIRPORT, WA US","   58",",,D,2400",,,,,"  133",",,D","   28",",,D","   28",",,W",,,,,,,"   94","H,,S",,,"  210",",,W","  170",",,W","   81",",,W","  103",",,W","    1",",,W",,,,,,,"    1",",,W",,,,,,,,,,,,,,
"USW00094119","2020-04-23","47.9742","-117.4292","667.8","DEER PARK AIRPORT, WA US","    3",",,D,2400",,,,,"  161",",,D","   11",",,D","   22",",,W",,,,,,,"   81","H,,S",,,"  230",",,W","  250",",,W","   81",",,W","  112",",,W","    1",",,W","    1",",,W",,,,,,,,,,,,,,,,,,,,
"USW00094119","2020-04-24","47.9742","-117.4292","667.8","DEER PARK AIRPORT, WA US","    0",",,D,2400",,,,,"  161",",,D","  -11",",,D","   15",",,W",,,,,,,"   81","H,,S",,,"  160",",,W","  210",",,W","   54",",,W","   72",",,W",,,,,,,,,,,,,,,,,,,,,,,,
"USW00094119","2020-04-25","47.9742","-117.4292","667.8","DEER PARK AIRPORT, WA US","   23",",,D,2400",,,,,"  167",",,D","   11",",,D","   36",",,W",,,,,,,"   96","H,,S",,,"  230",",,W","  240",",,W","  125",",,W","  152",",,W","    1",",,W",,,,,,,,,,,,,,,,,,,,,,
"USW00094119","2020-04-26","47.9742","-117.4292","667.8","DEER PARK AIRPORT, WA US","    0",",,D,2400",,,,,"  167",",,D","   -6",",,D","   32",",,W",,,,,,,"  104","H,,S",,,"  240",",,W","  220",",,W","   89",",,W","  125",",,W",,,,,,,,,,,,,,,,,,,,,,,,
"USW00094119","2020-04-27","47.9742","-117.4292","667.8","DEER PARK AIRPORT, WA US","    8",",,D,2400",,,,,"  194",",,D","   11",",,D","   61",",,W",,,,,,,"  117","H,,S",,,"  250",",,W","  240",",,W","  148",",,W","  192",",,W",,,,,"    1",",,W",,,,,,,,,,,,,,,,,,
"USW00094119","2020-04-28","47.9742","-117.4292","667.8","DEER PARK AIRPORT, WA US","    0",",,D,2400",,,,,"  189",",,D","  -28",",,D","   23",",,W",,,,,,,"   94","H,,S",,,"  220",",,W","  220",",,W","   63",",,W","   85",",,W",,,,,,,,,,,,,,,,,,,,,,,,
"USW00094119","2020-04-29","47.9742","-117.4292","667.8","DEER PARK AIRPORT, WA US","    0",",,D,2400",,,,,"  233",",,D","   44",",,D","   32",",,W",,,,,,,"  133","H,,S",,,"   20",",,W","   30",",,W","   76",",,W","   94",",,W",,,,,,,,,,,,,,,,,,,,,,,,
"USW00094119","2020-04-30","47.9742","-117.4292","667.8","DEER PARK AIRPORT, WA US","    0",",,D,2400",,,,,"  183",",,D","   67",",,D","   60",",,W",,,,,,,"  158","H,,S",,,"  230",",,W","  240",",,W","  112",",,W","  139",",,W",,,,,,,,,,,,,,,,,,,,,,,,
"USW00094119","2020-05-01","47.9742","-117.4292","667.8","DEER PARK AIRPORT, WA US","    0",",,D,2400",,,,,"  167",",,D","  -17",",,D","   22",",,W",,,,,,,"  100","H,,S",,,"  160",",,W","  200",",,W","   58",",,W","   85",",,W",,,,,,,,,,,,,,,,,,,,,,,,
"USW00094119","2020-05-02","47.9742","-117.4292","667.8","DEER PARK AIRPORT, WA US","   43",",,D,2400",,,,,"  228",",,D","    0",",,D","   41",",,W",,,,,,,"  104","H,,S",,,"  210",",,W","  230",",,W","  107",",,W","  134",",,W","    1",",,W",,,"    1",",,W",,,,,,,,,,,,,,,,,,
"USW00094119","2020-05-03","47.9742","-117.4292","667.8","DEER PARK AIRPORT, WA US","   46",",,D,2400",,,,,"  144",",,D","  -22",",,D","   49",",,W",,,,,,,"  102","H,,S",,,"  270",",,W","  270",",,W","  112",",,W","  139",",,W","    1",",,W",,,,,,,,,,,,,,,,,,,,,,
"USW00094119","2020-05-04","47.9742","-117.4292","667.8","DEER PARK AIRPORT, WA US","    0",",,D,2400",,,,,"  167",",,D","  -33",",,D","   20",",,W",,,,,,,"   54","H,,S",,,"  210",",,W","  250",",,W","   63",",,W","   85",",,W","    1",",,W","    1",",,W",,,,,,,,,,,,,,,,,,,,
"USW00094119","2020-05-05","47.9742","-117.4292","667.8","DEER PARK AIRPORT, WA US","    0",",,D,2400",,,,,"  228",",,D","   11",",,D","   34",",,W",,,,,,,"  112","H,,S",,,"   40",",,W","   40",",,W","   67",",,W","   85",",,W",,,,,,,,,,,,,,,,,,,,,,,,
"USW00094119","2020-05-06","47.9742","-117.4292","667.8","DEER PARK AIRPORT, WA US","  117",",,D,2400",,,,,"  144",",,D","   61",",,D","   41",",,W",,,,,,,"  117","H,,S",,,"  250",",,W","  260",",,W","  125",",,W","  157",",,W","    1",",,W",,,,,,,,,,,,,,,,,,,,,,
"USW00094119","2020-05-07","47.9742","-117.4292","667.8","DEER PARK AIRPORT, WA US","    0",",,D,2400",,,,,"  139",",,D","    6",",,D","   14",",,W",,,,,,,"   74","H,,S",,,"  250",",,W","  200",",,W","   40",",,W","   63",",,W","    1",",,W",,,,,,,,,,,,,,,,,,,,,,
"USW00094119","2020-05-08","47.9742","-117.4292","667.8","DEER PARK AIRPORT, WA US","    0",",,D,2400",,,,,"  200",",,D","  -11",",,D","   29",",,W",,,,,,,"   91","H,,S",,,"   40",",,W","   40",",,W","   76",",,W","   98",",,W","    1",",,W",,,,,,,,,,,,,,,,,,,,,,
"USW00094119","2020-05-09","47.9742","-117.4292","667.8","DEER PARK AIRPORT, WA US","    0",",,D,2400",,,,,"  228",",,D","   61",",,D","   56",",,W",,,,,,,"  141","H,,S",,,"   20",",,W","   40",",,W","   76",",,W","  107",",,W",,,,,,,,,,,,,,,,,,,,,,,,
"USW00094119","2020-05-10","47.9742","-117.4292","667.8","DEER PARK AIRPORT, WA US","    0",",,D,2400",,,,,"  222",",,D","  106",",,D","   75",",,W",,,,,,,"  166","H,,S",,,"   50",",,W","   60",",,W","  130",",,W","  161",",,W",,,,,,,,,,,,,,,,,,,,,,,,
"USW00094119","2020-05-11","47.9742","-117.4292","667.8","DEER PARK AIRPORT, WA US","    0",",,D,2400",,,,,"  194",",,D","   89",",,D","   70",",,W",,,,,,,"  144","H,,S",,,"   60",",,W","   60",",,W","  107",",,W","  148",",,W",,,,,,,,,,,,,,,,,,,,,,,,
"USW00094119","2020-05-12","47.9742","-117.4292","667.8","DEER PARK AIRPORT, WA US","   43",",,D,2400",,,,,"  161",",,D","   94",",,D","   36",",,W",,,,,,,"  131","H,,S",,,"  220",",,W","  210",",,W","   81",",,W","  107",",,W","    1",",,W",,,,,,,,,,,,,,,,,,,,,,
"USW00094119","2020-05-13","47.9742","-117.4292","667.8","DEER PARK AIRPORT, WA US","  122",",,D,2400",,,,,"  122",",,D","   39",",,D",,,,,,,,,,,,,,,,,,,,,,,,,,,,,,,,,,,,,,,,,,,,
"USW00094119","2020-05-14","47.9742","-117.4292","667.8","DEER PARK AIRPORT, WA US","    3",",,D,2400",,,,,"  156",",,D","   17",",,D","   22",",,W",,,,,,,"   91","H,,S",,,"  220",",,W","  210",",,W","   89",",,W","  107",",,W","    1",",,W","    1",",,W",,,,,,,,,,,,,,,,,,,,
"USW00094119","2020-05-15","47.9742","-117.4292","667.8","DEER PARK AIRPORT, WA US","    5",",,D,2400",,,,,"  172",",,D","   33",",,D","   16",",,W",,,,,,,"  106","H,,S",,,"  260",",,W","  240",",,W","   67",",,W","   89",",,W","    1",",,W",,,,,,,,,,,,,,,,,,,,,,
"USW00094119","2020-05-16","47.9742","-117.4292","667.8","DEER PARK AIRPORT, WA US","    0",",,D,2400",,,,,"  200",",,D","   11",",,D","   24",",,W",,,,,,,"  111","H,,S",,,"  210",",,W","  140",",,W","   54",",,W","   76",",,W","    1",",,W",,,,,,,,,,,,,,,,,,,,,,
"USW00094119","2020-05-17","47.9742","-117.4292","667.8","DEER PARK AIRPORT, WA US","   43",",,D,2400",,,,,"  206",",,D","   83",",,D","   22",",,W",,,,,,,"  147","H,,S",,,"  210",",,W","  210",",,W","   98",",,W","  116",",,W","    1",",,W",,,"    1",",,W",,,,,,,,,,,,,,,,,,
"USW00094119","2020-05-18","47.9742","-117.4292","667.8","DEER PARK AIRPORT, WA US","   33",",,D,2400",,,,,"  172",",,D","   94",",,D","   22",",,W",,,,,,,"  125","H,,S",,,"  270",",,W","  220",",,W","   89",",,W","  112",",,W","    1",",,W","    1",",,W","    1",",,W",,,,,,,,,,,,,,,,,,
"USW00094119","2020-05-19","47.9742","-117.4292","667.8","DEER PARK AIRPORT, WA US","   23",",,D,2400",,,,,"  189",",,D","   89",",,D","   16",",,W",,,,,,,"  126","H,,S",,,"  330",",,W","  320",",,W","   58",",,W","   72",",,W","    1",",,W",,,,,,,,,,,,,,,,,,,,,,
"USW00094119","2020-05-20","47.9742","-117.4292","667.8","DEER PARK AIRPORT, WA US","  264",",,D,2400",,,,,"  144",",,D","  100",",,D","   28",",,W",,,,,,,"  130","H,,S",,,"  130",",,W","  130",",,W","   94",",,W","  121",",,W","    1",",,W",,,,,,,,,,,,,,,,,,,,,,
"USW00094119","2020-05-21","47.9742","-117.4292","667.8","DEER PARK AIRPORT, WA US","    0",",,D,2400",,,,,"  161",",,D","   72",",,D","   72",",,W",,,,,,,"  112","H,,S",,,"  200",",,W","  220",",,W","  116",",,W","  152",",,W",,,,,,,,,,,,,,,,,,,,,,,,
"USW00094119","2020-05-22","47.9742","-117.4292","667.8","DEER PARK AIRPORT, WA US","   23",",,D,2400",,,,,"  111",",,D","   50",",,D","   38",",,W",,,,,,,"   84","H,,S",,,"  190",",,W","  170",",,W","   72",",,W","   89",",,W","    1",",,W",,,,,,,,,,,,,,,,,,,,,,
"USW00094119","2020-05-23","47.9742","-117.4292","667.8","DEER PARK AIRPORT, WA US","    0","T,,D,2400",,,,,"  161",",,D","   56",",,D","   18",",,W",,,,,,,"   96","H,,S",,,"  150",",,W","  160",",,W","   40",",,W","   54",",,W",,,,,,,,,,,,,,,,,,,,,,,,
"USW00094119","2020-05-24","47.9742","-117.4292","667.8","DEER PARK AIRPORT, WA US","    0",",,D,2400",,,,,"  211",",,D","   50",",,D","   13",",,W",,,,,,,"  125","H,,S",,,"  240",",,W","  210",",,W","   63",",,W","   98",",,W",,,,,,,,,,,,,,,,,,,,,,,,
"USW00094119","2020-05-25","47.9742","-117.4292","667.8","DEER PARK AIRPORT, WA US","   41",",,D,2400",,,,,"  167",",,D","   33",",,D","   13",",,W",,,,,,,"  120","H,,S",,,"  170",",,W","  190",",,W","   36",",,W","   54",",,W","    1",",,W",,,,,,,,,,,,,,,,,,,,,,
"USW00094119","2020-05-26","47.9742","-117.4292","667.8","DEER PARK AIRPORT, WA US","    0",",,D,2400",,,,,"  228",",,D","   83",",,D","   43",",,W",,,,,,,"  154","H,,S",,,"  230",",,W","  240",",,W","   81",",,W","  121",",,W",,,,,,,,,,,,,,,,,,,,,,,,
"USW00094119","2020-05-27","47.9742","-117.4292","667.8","DEER PARK AIRPORT, WA US","    0",",,D,2400",,,,,"  233",",,D","   39",",,D","   15",",,W",,,,,,,"  151","H,,S",,,"  300",",,W","  300",",,W","   58",",,W","   81",",,W",,,,,,,,,,,,,,,,,,,,,,,,
"USW00094119","2020-05-28","47.9742","-117.4292","667.8","DEER PARK AIRPORT, WA US","    0",",,D,2400",,,,,"  272",",,D","   78",",,D","   27",",,W",,,,,,,"  166","H,,S",,,"   40",",,W","   40",",,W","   63",",,W","   81",",,W",,,,,,,,,"    1",",,W",,,,,,,,,,,,,,
"USW00094119","2020-05-29","47.9742","-117.4292","667.8","DEER PARK AIRPORT, WA US","    0",",,D,2400",,,,,"  306",",,D","  100",",,D","   16",",,W",,,,,,,"  196","H,,S",,,"   30",",,W","   30",",,W","   63",",,W","   72",",,W",,,,,,,,,,,,,,,,,,,,,,,,
"USW00094119","2020-05-30","47.9742","-117.4292","667.8","DEER PARK AIRPORT, WA US","    8",",,D,2400",,,,,"  294",",,D","  133",",,D","   49",",,W",,,,,,,"  219","H,,S",,,"  230",",,W","  230",",,W","  134",",,W","  170",",,W",,,,,"    1",",,W",,,,,,,,,,,,,,,,,,
"USW00094119","2020-05-31","47.9742","-117.4292","667.8","DEER PARK AIRPORT, WA US","  191",",,D,2400",,,,,"  178",",,D","   56",",,D","   47",",,W",,,,,,,"  141","H,,S",,,"  180",",,W","  180",",,W","   98",",,W","  121",",,W","    1",",,W",,,"    1",",,W",,,,,,,,,,,,,,,,,,
"USW00094119","2020-06-01","47.9742","-117.4292","667.8","DEER PARK AIRPORT, WA US","    0",",,D,2400",,,,,"  211",",,D","   50",",,D","   29",",,W",,,,,,,"  127","H,,S",,,"  210",",,W","  220",",,W","   81",",,W","   98",",,W","    1",",,W",,,,,,,,,,,,,,,,,,,,,,
"USW00094119","2020-06-02","47.9742","-117.4292","667.8","DEER PARK AIRPORT, WA US","    0",",,D,2400",,,,,"  222",",,D","   22",",,D","   30",",,W",,,,,,,"  134","H,,S",,,"  210",",,W","  210",",,W","   81",",,W","   98",",,W",,,,,,,,,,,,,,,,,,,,,,,,
"USW00094119","2020-06-03","47.9742","-117.4292","667.8","DEER PARK AIRPORT, WA US","    0",",,D,2400",,,,,"  222",",,D","   28",",,D",,,,,,,,,"  140","H,,S",,,,,,,,,,,,,,,,,,,,,,,,,,,,,,,,,,
"USW00094119","2020-06-04","47.9742","-117.4292","667.8","DEER PARK AIRPORT, WA US",,,,,,,,,,,,,,,,,,,"  156","H,,S",,,,,,,,,,,,,,,,,,,,,,,,,,,,,,,,,,
