"STATION","DATE","LATITUDE","LONGITUDE","ELEVATION","NAME","TEMP","TEMP_ATTRIBUTES","DEWP","DEWP_ATTRIBUTES","SLP","SLP_ATTRIBUTES","STP","STP_ATTRIBUTES","VISIB","VISIB_ATTRIBUTES","WDSP","WDSP_ATTRIBUTES","MXSPD","GUST","MAX","MAX_ATTRIBUTES","MIN","MIN_ATTRIBUTES","PRCP","PRCP_ATTRIBUTES","SNDP","FRSHTT"
"02851099999","2020-01-01","64.9333333","25.3666666","12.0","OULU OULUNSALO PELLONPAA, FI","  30.1","24","  28.2","23"," 995.4","24","994.0","24"," 24.4","24","  5.3","24"," 12.0"," 31.7","  41.4","*","  19.0"," ","99.99"," "," 11.0","011000"
"02851099999","2020-01-02","64.9333333","25.3666666","12.0","OULU OULUNSALO PELLONPAA, FI","  39.6","24","  34.5","24"," 987.8","24","986.4","24"," 29.5","24","  7.6","24","  9.7"," 22.9","  41.7"," ","  36.9"," ","99.99"," ","  9.4","010000"
"02851099999","2020-01-03","64.9333333","25.3666666","12.0","OULU OULUNSALO PELLONPAA, FI","  37.5","24","  30.2","24"," 977.3","24","975.9","24"," 30.2","24","  8.4","24"," 10.9"," 29.3","  41.2"," ","  31.1","*"," 0.00","I","  8.7","000000"
"02851099999","2020-01-04","64.9333333","25.3666666","12.0","OULU OULUNSALO PELLONPAA, FI","  27.8","24","  23.7","24"," 982.0","24","980.6","24"," 23.0","24","  6.8","24"," 11.3"," 19.6","  34.5"," ","  23.7"," ","99.99"," ","  8.7","011000"
"02851099999","2020-01-05","64.9333333","25.3666666","12.0","OULU OULUNSALO PELLONPAA, FI","  19.3","24","  17.2","24","1010.2","24","008.7","24"," 27.9","24","  4.7","24","  8.4"," 18.3","  28.2"," ","  11.5"," ","99.99"," ","999.9","001000"
"02851099999","2020-01-06","64.9333333","25.3666666","12.0","OULU OULUNSALO PELLONPAA, FI","  30.8","24","  30.0","23","1004.1","24","002.6","24"," 22.2","24","  5.1","24","  9.3"," 17.1","  33.3","*","  22.5"," ","99.99"," ","  9.4","011000"
"02851099999","2020-01-07","64.9333333","25.3666666","12.0","OULU OULUNSALO PELLONPAA, FI","  34.7","24","  34.5","22","1001.6","24","000.2","24"," 23.5","24","  6.3","24","  8.7"," 17.1","  38.1"," ","  29.5"," ","99.99"," ","  8.7","010000"
"02851099999","2020-01-08","64.9333333","25.3666666","12.0","OULU OULUNSALO PELLONPAA, FI","  37.2","24","  34.4","23"," 985.2","24","983.8","24"," 20.6","24","  8.3","24"," 10.5"," 29.1","  39.0"," ","  33.8"," ","99.99"," ","  8.3","010000"
"02851099999","2020-01-09","64.9333333","25.3666666","12.0","OULU OULUNSALO PELLONPAA, FI","  35.1","24","  27.6","24"," 991.4","24","989.9","24"," 30.7","24","  9.3","24"," 12.0"," 25.4","  38.5"," ","  32.9","*"," 0.00","I","  7.9","000000"
"02851099999","2020-01-10","64.9333333","25.3666666","12.0","OULU OULUNSALO PELLONPAA, FI","  27.8","24","  26.6","24","1004.7","24","003.3","24"," 21.3","24","  4.2","24"," 12.2"," 22.3","  34.3"," ","  23.5","*"," 0.00","I","  7.9","000000"
"02851099999","2020-01-11","64.9333333","25.3666666","12.0","OULU OULUNSALO PELLONPAA, FI","  27.1","21","  26.5","21","1001.0","21","999.6","21"," 24.5","21","  6.0","21"," 10.5"," 20.6","  36.0","*","  19.4"," ","99.99"," ","  8.7","011000"
"02851099999","2020-01-12","64.9333333","25.3666666","12.0","OULU OULUNSALO PELLONPAA, FI","  35.6","24","  31.4","24"," 985.9","24","984.5","24"," 26.7","24","  7.5","24"," 11.5"," 25.6","  38.8"," ","  29.8","*"," 0.00","I","  8.3","000000"
"02851099999","2020-01-13","64.9333333","25.3666666","12.0","OULU OULUNSALO PELLONPAA, FI","  29.6","21","  27.9","21"," 993.4","21","992.0","21"," 31.0","21","  5.1","21","  8.4"," 20.6","  35.1","*","  26.1"," ","99.99"," ","  8.3","010000"
"02851099999","2020-01-14","64.9333333","25.3666666","12.0","OULU OULUNSALO PELLONPAA, FI","  33.3","24","  30.7","23"," 993.7","24","992.2","24"," 23.1","24","  7.3","24"," 10.7"," 20.0","  35.6"," ","  27.9"," ","99.99"," ","999.9","011000"
"02851099999","2020-01-15","64.9333333","25.3666666","12.0","OULU OULUNSALO PELLONPAA, FI","  34.8","24","  34.0","22"," 986.4","24","985.0","24"," 15.1","24","  4.3","24","  7.0"," 14.4","  36.9"," ","  32.7"," ","99.99"," ","  8.3","010000"
"02851099999","2020-01-16","64.9333333","25.3666666","12.0","OULU OULUNSALO PELLONPAA, FI","  31.2","24","  31.1","23","1000.0","24","998.5","24","  7.1","24","  2.5","24","  5.6"," 10.1","  34.5"," ","  27.1"," ","99.99"," ","  8.3","011000"
"02851099999","2020-01-17","64.9333333","25.3666666","12.0","OULU OULUNSALO PELLONPAA, FI","  30.6","24","  30.3","24","1008.3","24","006.8","24"," 15.0","24","  3.4","24","  5.6"," 14.4","  34.7"," ","  24.1"," ","99.99"," ","999.9","111000"
"02851099999","2020-01-18","64.9333333","25.3666666","12.0","OULU OULUNSALO PELLONPAA, FI","  33.5","24","  33.5","23","1004.3","24","002.9","24","  2.0","24","  3.1","24","  4.7","999.9","  35.1"," ","  26.6"," ","99.99"," ","999.9","111000"
"02851099999","2020-01-19","64.9333333","25.3666666","12.0","OULU OULUNSALO PELLONPAA, FI","  30.5","24","  30.1","23","1009.9","24","008.5","24"," 12.4","24","  4.5","24","  8.5"," 14.0","  34.7"," ","  26.6","*","99.99"," ","  9.4","011000"
"02851099999","2020-01-20","64.9333333","25.3666666","12.0","OULU OULUNSALO PELLONPAA, FI","  34.7","24","  33.2","23","1005.6","24","004.2","24"," 20.5","24","  8.0","24"," 13.0"," 28.4","  42.8","*","  26.4"," ","99.99"," ","  8.7","011000"
"02851099999","2020-01-21","64.9333333","25.3666666","12.0","OULU OULUNSALO PELLONPAA, FI","  36.0","24","  28.5","24"," 993.7","24","992.3","24"," 31.1","24"," 11.9","24"," 14.8"," 33.2","  43.5"," ","  31.3","*"," 0.00","I","  8.3","000000"
"02851099999","2020-01-22","64.9333333","25.3666666","12.0","OULU OULUNSALO PELLONPAA, FI","  28.0","24","  21.6","24","1005.1","24","003.7","24"," 31.1","24","  7.7","24"," 10.5"," 20.0","  34.2"," ","  25.5"," ","99.99"," ","  8.3","001000"
"02851099999","2020-01-23","64.9333333","25.3666666","12.0","OULU OULUNSALO PELLONPAA, FI","  26.5","24","  24.5","24","1002.4","24","001.0","24"," 22.1","24","  4.8","24","  8.5"," 15.5","  34.9","*","  16.9"," ","99.99"," ","  9.4","011000"
"02851099999","2020-01-24","64.9333333","25.3666666","12.0","OULU OULUNSALO PELLONPAA, FI","  30.8","24","  27.6","24"," 988.6","24","987.1","24"," 29.2","24","  5.4","24","  9.5"," 19.2","  35.6"," ","  25.5"," ","99.99"," ","  9.4","001000"
"02851099999","2020-01-25","64.9333333","25.3666666","12.0","OULU OULUNSALO PELLONPAA, FI","  14.8","24","  12.9","24"," 994.6","24","993.1","24"," 23.5","24","  3.7","24","  8.7"," 16.9","  31.3"," ","   2.7"," ","99.99"," "," 10.2","001000"
"02851099999","2020-01-26","64.9333333","25.3666666","12.0","OULU OULUNSALO PELLONPAA, FI","   7.6","24","   4.7","24","1006.5","24","005.0","24"," 29.1","24","  3.6","24","  5.8"," 10.5","  16.9"," ","  -4.4","*","99.99"," ","  9.8","001000"
"02851099999","2020-01-27","64.9333333","25.3666666","12.0","OULU OULUNSALO PELLONPAA, FI","   8.3","24","   5.0","24","1012.7","24","011.2","24"," 19.8","24","  4.4","24","  7.6"," 16.5","  15.8","*","  -4.7"," ","99.99"," "," 10.6","001000"
"02851099999","2020-01-28","64.9333333","25.3666666","12.0","OULU OULUNSALO PELLONPAA, FI","  18.4","24","  16.5","24","1003.1","24","001.6","24","  6.3","24","  6.0","24","  8.2"," 16.1","  19.9","*","  13.6"," ","99.99"," "," 13.4","001000"
"02851099999","2020-01-29","64.9333333","25.3666666","12.0","OULU OULUNSALO PELLONPAA, FI","  19.9","24","  16.6","24","1004.6","24","003.1","24"," 24.4","24","  5.4","24","  6.4"," 14.8","  21.4","*","  18.5"," ","99.99"," "," 13.0","001000"
"02851099999","2020-01-30","64.9333333","25.3666666","12.0","OULU OULUNSALO PELLONPAA, FI","  22.6","24","  20.2","24","1004.8","24","003.3","24"," 12.7","24","  6.9","24","  9.1"," 18.8","  24.4"," ","  19.9"," ","99.99"," ","999.9","001000"
"02851099999","2020-01-31","64.9333333","25.3666666","12.0","OULU OULUNSALO PELLONPAA, FI","  20.3","24","  17.0","24","1001.6","24","000.1","24"," 16.5","24","  7.7","24","  9.9"," 20.0","  22.8"," ","  18.0"," ","99.99"," "," 13.0","001000"
"02851099999","2020-02-01","64.9333333","25.3666666","12.0","OULU OULUNSALO PELLONPAA, FI","  22.6","24","  20.0","24"," 988.7","24","987.2","24"," 11.3","24","  8.5","24"," 10.1"," 20.8","  25.7"," ","  17.6"," ","99.99"," ","999.9","001000"
"02851099999","2020-02-02","64.9333333","25.3666666","12.0","OULU OULUNSALO PELLONPAA, FI","  22.3","24","  20.5","24"," 977.0","24","975.6","24"," 12.4","24","  5.2","24","  8.5"," 16.5","  26.1"," ","  14.5","*","99.99"," "," 14.6","001000"
"02851099999","2020-02-03","64.9333333","25.3666666","12.0","OULU OULUNSALO PELLONPAA, FI","  20.7","24","  17.3","24"," 989.1","24","987.7","24"," 30.8","24","  8.3","24"," 12.0"," 21.2","  26.4"," ","  12.7","*"," 0.00","I"," 14.6","000000"
"02851099999","2020-02-04","64.9333333","25.3666666","12.0","OULU OULUNSALO PELLONPAA, FI","   5.2","23","   2.6","23","1001.4","23","999.8","23"," 29.7","23","  3.0","23","  4.9","  9.7","  18.9"," ","  -0.8"," ","99.99"," "," 14.2","001000"
"02851099999","2020-02-05","64.9333333","25.3666666","12.0","OULU OULUNSALO PELLONPAA, FI","  15.9","24","  13.4","24"," 998.9","24","997.4","24"," 30.0","24","  5.3","24","  9.1"," 18.6","  25.9"," ","  -0.9"," ","99.99"," "," 14.2","001000"
"02851099999","2020-02-06","64.9333333","25.3666666","12.0","OULU OULUNSALO PELLONPAA, FI","  18.3","24","  12.5","24","1010.1","24","008.6","24"," 31.1","24","  9.0","24"," 14.4"," 26.6","  25.5"," ","   3.2"," "," 0.00","I"," 13.8","000000"
"02851099999","2020-02-07","64.9333333","25.3666666","12.0","OULU OULUNSALO PELLONPAA, FI","  17.0","24","  15.1","24","1015.9","24","014.4","24"," 24.2","24","  3.6","24","  8.2"," 13.8","  29.3"," ","   2.5"," ","99.99"," "," 13.8","001000"
"02851099999","2020-02-08","64.9333333","25.3666666","12.0","OULU OULUNSALO PELLONPAA, FI","  26.3","24","  25.2","24","1008.1","24","006.6","24"," 27.4","24","  5.0","24","  8.9"," 17.5","  34.9","*","  13.1"," "," 0.00","I"," 14.2","000000"
"02851099999","2020-02-09","64.9333333","25.3666666","12.0","OULU OULUNSALO PELLONPAA, FI","  35.2","24","  31.9","24"," 989.6","24","988.2","24"," 26.8","24","  8.4","24"," 10.9"," 23.5","  36.1"," ","  33.1","*","99.99"," ","999.9","011000"
"02851099999","2020-02-10","64.9333333","25.3666666","12.0","OULU OULUNSALO PELLONPAA, FI","  36.3","24","  35.8","23"," 955.4","24","954.1","24"," 13.2","24","  9.2","24"," 10.7"," 24.9","  37.8"," ","  33.1"," ","99.99"," ","999.9","010000"
"02851099999","2020-02-11","64.9333333","25.3666666","12.0","OULU OULUNSALO PELLONPAA, FI","  34.2","24","  32.4","23"," 960.8","24","959.4","24"," 25.1","24","  7.5","24","  9.1"," 19.6","  36.9"," ","  32.4","*","99.99"," "," 11.8","010000"
"02851099999","2020-02-12","64.9333333","25.3666666","12.0","OULU OULUNSALO PELLONPAA, FI","  32.7","24","  30.5","24"," 978.2","24","976.7","24"," 26.5","24","  4.4","24","  6.2"," 13.2","  35.4"," ","  28.2"," ","99.99"," ","999.9","011000"
"02851099999","2020-02-13","64.9333333","25.3666666","12.0","OULU OULUNSALO PELLONPAA, FI","  33.2","24","  32.8","22"," 991.6","24","990.2","24"," 13.2","24","  2.8","24","  4.7","999.9","  36.7"," ","  30.7","*","99.99"," "," 11.8","011000"
"02851099999","2020-02-14","64.9333333","25.3666666","12.0","OULU OULUNSALO PELLONPAA, FI","  25.3","24","  23.8","24","1007.2","24","005.7","24"," 26.6","24","  4.1","24","  6.4"," 13.6","  32.2"," ","  20.3"," ","99.99"," "," 11.8","001000"
"02851099999","2020-02-15","64.9333333","25.3666666","12.0","OULU OULUNSALO PELLONPAA, FI","  29.0","24","  28.2","24","1003.9","24","002.5","24"," 21.1","24","  5.1","24","  7.2"," 15.5","  33.3","*","  19.6"," ","99.99"," "," 12.6","011000"
"02851099999","2020-02-16","64.9333333","25.3666666","12.0","OULU OULUNSALO PELLONPAA, FI","  34.7","24","  34.2","24"," 985.1","24","983.6","24"," 18.1","24","  9.2","24"," 12.4"," 23.7","  40.5","*","  30.7"," ","99.99"," ","999.9","011000"
"02851099999","2020-02-17","64.9333333","25.3666666","12.0","OULU OULUNSALO PELLONPAA, FI","  35.6","24","  33.8","24"," 969.9","24","968.5","24"," 20.1","24","  7.1","24"," 12.6"," 24.9","  40.6"," ","  31.8"," ","99.99"," "," 11.0","010000"
"02851099999","2020-02-18","64.9333333","25.3666666","12.0","OULU OULUNSALO PELLONPAA, FI","  35.7","24","  32.6","24"," 977.3","24","975.9","24"," 24.1","24","  5.5","24","  7.4"," 18.8","  38.7"," ","  32.5"," ","99.99"," "," 11.0","010000"
"02851099999","2020-02-19","64.9333333","25.3666666","12.0","OULU OULUNSALO PELLONPAA, FI","  27.5","24","  24.3","24"," 994.0","24","992.5","24"," 25.6","24","  5.9","24","  8.4"," 20.2","  36.0"," ","  15.8","*"," 0.01","E"," 11.0","011000"
"02851099999","2020-02-20","64.9333333","25.3666666","12.0","OULU OULUNSALO PELLONPAA, FI","  18.1","24","  12.0","24","1008.2","24","006.7","24"," 31.1","24","  5.2","24","  8.7"," 17.1","  25.5"," ","   8.2"," "," 0.00","I"," 11.0","000000"
"02851099999","2020-02-21","64.9333333","25.3666666","12.0","OULU OULUNSALO PELLONPAA, FI","  33.6","24","  31.6","23"," 990.5","24","989.1","24"," 18.8","24","  9.4","24"," 11.7"," 23.9","  36.5","*","  21.6"," ","99.99"," "," 10.6","011000"
"02851099999","2020-02-22","64.9333333","25.3666666","12.0","OULU OULUNSALO PELLONPAA, FI","  35.6","24","  34.9","22"," 974.1","24","972.7","24"," 13.0","24","  7.1","24","  9.7"," 18.8","  39.4"," ","  32.2"," ","99.99"," ","999.9","011000"
"02851099999","2020-02-23","64.9333333","25.3666666","12.0","OULU OULUNSALO PELLONPAA, FI","  31.2","24","  29.9","24"," 967.9","24","966.4","24"," 23.6","24","  5.8","24","  7.8"," 18.8","  32.4"," ","  29.5"," ","99.99"," "," 13.0","011000"
"02851099999","2020-02-24","64.9333333","25.3666666","12.0","OULU OULUNSALO PELLONPAA, FI","  30.5","24","  26.5","24"," 983.6","24","982.1","24"," 24.7","24"," 10.1","24"," 14.6"," 26.2","  32.7"," ","  25.9","*","99.99"," "," 13.4","011000"
"02851099999","2020-02-25","64.9333333","25.3666666","12.0","OULU OULUNSALO PELLONPAA, FI","  20.4","23","  16.7","23"," 995.7","23","994.2","23"," 31.1","23","  3.4","23","  9.5"," 14.8","  30.6"," ","   7.7","*"," 0.00","I"," 13.4","000000"
"02851099999","2020-02-26","64.9333333","25.3666666","12.0","OULU OULUNSALO PELLONPAA, FI","  11.6","24","   8.5","24"," 998.8","24","997.3","24"," 30.4","24","  2.2","24","  3.9","999.9","  25.3"," ","   1.8"," ","99.99"," "," 13.4","001000"
"02851099999","2020-02-27","64.9333333","25.3666666","12.0","OULU OULUNSALO PELLONPAA, FI","  15.2","24","  12.6","24","1001.6","24","000.1","24"," 31.1","24","  3.2","24","  5.1","  9.7","  28.0"," ","   8.2"," "," 0.00","I"," 13.4","000000"
"02851099999","2020-02-28","64.9333333","25.3666666","12.0","OULU OULUNSALO PELLONPAA, FI","  11.1","24","   6.9","24","1003.1","24","001.5","24"," 28.6","24","  2.6","24","  4.3","999.9","  25.5"," ","   2.3","*"," 0.00","I"," 13.4","000000"
"02851099999","2020-02-29","64.9333333","25.3666666","12.0","OULU OULUNSALO PELLONPAA, FI","   9.8","24","   6.5","24"," 996.8","24","995.3","24"," 25.0","24","  2.7","24","  4.9"," 11.5","  21.2"," ","   0.0"," ","99.99"," "," 13.4","001000"
"02851099999","2020-03-01","64.9333333","25.3666666","12.0","OULU OULUNSALO PELLONPAA, FI","  20.9","24","  17.9","24"," 990.4","24","988.9","24"," 22.3","24","  3.4","24","  4.7"," 10.7","  25.9"," ","  10.9"," ","99.99"," "," 14.6","001000"
"02851099999","2020-03-02","64.9333333","25.3666666","12.0","OULU OULUNSALO PELLONPAA, FI","  13.6","24","  10.8","24"," 999.2","24","997.7","24"," 28.5","24","  2.8","24","  4.1","999.9","  21.9"," ","   7.7"," ","99.99"," "," 14.2","001000"
"02851099999","2020-03-03","64.9333333","25.3666666","12.0","OULU OULUNSALO PELLONPAA, FI","  14.4","24","  10.3","24","1017.6","24","016.0","24"," 28.4","24","  2.9","24","  4.3","  9.7","  26.1"," ","  -0.2"," "," 0.00","I"," 14.2","000000"
"02851099999","2020-03-04","64.9333333","25.3666666","12.0","OULU OULUNSALO PELLONPAA, FI","  22.2","24","  15.7","24","1019.7","24","018.1","24"," 26.1","24","  6.2","24","  8.4"," 18.6","  29.1"," ","  14.2"," ","99.99"," ","999.9","001000"
"02851099999","2020-03-05","64.9333333","25.3666666","12.0","OULU OULUNSALO PELLONPAA, FI","  30.7","24","  28.4","24"," 998.5","24","997.0","24"," 22.0","24","  6.4","24","  9.3"," 17.5","  34.7"," ","  23.4"," ","99.99"," "," 15.7","011000"
"02851099999","2020-03-06","64.9333333","25.3666666","12.0","OULU OULUNSALO PELLONPAA, FI","  26.2","24","  23.3","24"," 998.0","24","996.5","24"," 22.3","23","  4.9","24","  8.5"," 15.9","  33.1"," ","  19.9","*","99.99"," "," 16.1","001000"
"02851099999","2020-03-07","64.9333333","25.3666666","12.0","OULU OULUNSALO PELLONPAA, FI","  26.8","24","  25.1","24","1008.4","24","006.9","24"," 28.0","24","  4.2","24","  7.0"," 15.0","  36.3"," ","  18.1"," "," 0.00","I"," 15.7","000000"
"02851099999","2020-03-08","64.9333333","25.3666666","12.0","OULU OULUNSALO PELLONPAA, FI","  30.0","24","  26.6","24","1004.6","24","003.1","24"," 26.8","24","  8.0","24"," 12.4"," 22.7","  37.8"," ","  17.6"," ","99.99"," "," 15.4","010000"
"02851099999","2020-03-09","64.9333333","25.3666666","12.0","OULU OULUNSALO PELLONPAA, FI","  38.1","24","  34.8","24"," 998.0","24","996.6","24"," 26.1","24","  8.1","24"," 10.7"," 21.8","  42.3"," ","  34.7","*","99.99"," "," 13.8","010000"
"02851099999","2020-03-10","64.9333333","25.3666666","12.0","OULU OULUNSALO PELLONPAA, FI","  35.4","24","  32.7","24"," 996.1","24","994.7","24"," 24.8","24","  4.0","24","  7.0"," 13.0","  40.5"," ","  30.9"," ","99.99"," ","999.9","010000"
"02851099999","2020-03-11","64.9333333","25.3666666","12.0","OULU OULUNSALO PELLONPAA, FI","  35.2","24","  32.7","20"," 988.8","24","987.4","24"," 23.8","24","  3.8","24","  6.4"," 12.8","  39.7"," ","  32.7"," "," 0.00","I"," 12.6","000000"
"02851099999","2020-03-12","64.9333333","25.3666666","12.0","OULU OULUNSALO PELLONPAA, FI","  33.5","24","  32.7","23"," 977.2","24","975.7","24","  7.6","24","  2.8","24","  5.1"," 10.7","  37.4"," ","  31.1","*","99.99"," "," 13.0","111000"
"02851099999","2020-03-13","64.9333333","25.3666666","12.0","OULU OULUNSALO PELLONPAA, FI","  24.1","24","  20.4","24"," 986.1","24","984.7","24"," 20.7","24","  9.1","24"," 12.6"," 28.6","  32.2"," ","  18.1","*","99.99"," "," 13.0","011000"
"02851099999","2020-03-14","64.9333333","25.3666666","12.0","OULU OULUNSALO PELLONPAA, FI","  18.1","24","  11.1","24","1007.8","24","006.3","24"," 30.8","24","  6.9","24"," 11.5"," 16.7","  23.7"," ","  11.8","*"," 0.00","I"," 13.0","000000"
"02851099999","2020-03-15","64.9333333","25.3666666","12.0","OULU OULUNSALO PELLONPAA, FI","  28.9","24","  25.3","23"," 998.3","24","996.8","24"," 20.0","24","  8.1","24","  9.7"," 18.6","  35.1"," ","  10.9"," ","99.99"," ","999.9","011000"
"02851099999","2020-03-16","64.9333333","25.3666666","12.0","OULU OULUNSALO PELLONPAA, FI","  32.2","24","  24.5","24","1002.1","24","000.7","24"," 26.7","24","  8.7","24"," 15.5"," 24.5","  36.1"," ","  28.9"," ","99.99"," "," 14.6","011000"
"02851099999","2020-03-17","64.9333333","25.3666666","12.0","OULU OULUNSALO PELLONPAA, FI","  32.0","24","  26.5","23","1003.2","24","001.8","24"," 20.1","24","  7.0","24"," 10.5"," 19.4","  36.5","*","  28.2"," ","99.99"," "," 15.7","001000"
"02851099999","2020-03-18","64.9333333","25.3666666","12.0","OULU OULUNSALO PELLONPAA, FI","  34.6","24","  27.8","24"," 997.2","24","995.8","24"," 30.5","24","  5.3","24","  8.2"," 18.3","  41.2"," ","  25.3","*"," 0.00","I"," 15.4","000000"
"02851099999","2020-03-19","64.9333333","25.3666666","12.0","OULU OULUNSALO PELLONPAA, FI","  28.9","24","  21.6","24","1006.0","24","004.6","24"," 30.2","24","  4.9","24","  8.0"," 16.7","  37.9"," ","  19.0","*"," 0.00","I"," 15.4","000000"
"02851099999","2020-03-20","64.9333333","25.3666666","12.0","OULU OULUNSALO PELLONPAA, FI","  20.6","24","  13.1","24","1022.0","24","020.5","24"," 30.8","24","  4.3","24","  8.0"," 17.5","  30.7"," ","   8.1"," "," 0.00","I"," 15.4","000000"
"02851099999","2020-03-21","64.9333333","25.3666666","12.0","OULU OULUNSALO PELLONPAA, FI","  20.2","24","  13.6","24","1031.8","24","030.2","24"," 30.6","24","  3.4","24","  5.8"," 10.3","  30.0"," ","  10.6"," "," 0.00","I"," 15.4","000000"
"02851099999","2020-03-22","64.9333333","25.3666666","12.0","OULU OULUNSALO PELLONPAA, FI","  28.2","24","  19.5","24","1033.0","24","031.5","24"," 30.8","24","  6.2","24","  8.5"," 16.1","  36.3"," ","  15.1"," "," 0.00","I"," 15.4","000000"
"02851099999","2020-03-23","64.9333333","25.3666666","12.0","OULU OULUNSALO PELLONPAA, FI","  34.4","24","  25.1","24","1026.6","24","025.1","24"," 30.5","24","  7.2","24","  9.1"," 17.1","  44.2"," ","  26.6"," "," 0.00","I"," 15.4","000000"
"02851099999","2020-03-24","64.9333333","25.3666666","12.0","OULU OULUNSALO PELLONPAA, FI","  37.9","24","  27.2","24","1014.3","24","012.8","24"," 29.7","24","  7.8","24"," 10.1"," 22.5","  45.3"," ","  31.5"," "," 0.00","I"," 14.6","000000"
"02851099999","2020-03-25","64.9333333","25.3666666","12.0","OULU OULUNSALO PELLONPAA, FI","  39.9","24","  30.4","24","1007.4","24","005.9","24"," 29.9","24","  8.7","24"," 12.0"," 27.2","  44.8"," ","  35.2"," ","99.99"," "," 13.4","010000"
"02851099999","2020-03-26","64.9333333","25.3666666","12.0","OULU OULUNSALO PELLONPAA, FI","  36.7","23","  28.8","23","1022.7","23","021.2","23"," 30.3","23","  4.9","23","  6.2"," 15.0","  44.4"," ","  28.4"," "," 0.00","I"," 13.0","000000"
"02851099999","2020-03-27","64.9333333","25.3666666","12.0","OULU OULUNSALO PELLONPAA, FI","  39.6","24","  32.8","24","1020.2","24","018.8","24"," 28.9","24","  6.3","24","  8.4"," 20.6","  48.6"," ","  32.5"," "," 0.00","I"," 12.6","000000"
"02851099999","2020-03-28","64.9333333","25.3666666","12.0","OULU OULUNSALO PELLONPAA, FI","  32.9","24","  20.4","24","1012.2","24","010.7","24"," 28.8","24","  9.6","24"," 15.0"," 28.0","  39.6"," ","  25.3","*"," 0.00","I"," 12.6","000000"
"02851099999","2020-03-29","64.9333333","25.3666666","12.0","OULU OULUNSALO PELLONPAA, FI","  23.9","24","  14.2","24","1017.9","24","016.4","24"," 30.8","24","  6.1","24"," 10.5"," 19.0","  31.1"," ","  13.3","*"," 0.00","I"," 12.2","000000"
"02851099999","2020-03-30","64.9333333","25.3666666","12.0","OULU OULUNSALO PELLONPAA, FI","  21.7","24","  14.3","24","1022.1","24","020.6","24"," 30.7","24","  4.8","24","  9.7"," 15.0","  29.8","*","  10.4"," "," 0.00","I"," 12.6","000000"
"02851099999","2020-03-31","64.9333333","25.3666666","12.0","OULU OULUNSALO PELLONPAA, FI","  29.4","24","  25.4","24"," 999.9","24","998.4","24"," 21.8","24","  7.4","24"," 12.8"," 23.3","  37.0"," ","  18.3"," ","99.99"," "," 14.2","011000"
"02851099999","2020-04-01","64.9333333","25.3666666","12.0","OULU OULUNSALO PELLONPAA, FI","  25.2","24","  19.9","24"," 992.1","24","990.7","24"," 30.1","24","  6.4","24"," 11.3"," 20.4","  34.0"," ","  11.8","*","99.99"," "," 13.8","010000"
"02851099999","2020-04-02","64.9333333","25.3666666","12.0","OULU OULUNSALO PELLONPAA, FI","  23.5","24","  19.3","24"," 983.4","24","982.0","24"," 21.9","24","  3.8","24","  7.6"," 15.9","  33.1"," ","   7.2"," ","99.99"," "," 14.6","011000"
"02851099999","2020-04-03","64.9333333","25.3666666","12.0","OULU OULUNSALO PELLONPAA, FI","  28.6","24","  22.4","24"," 980.3","24","978.9","24"," 30.7","24","  6.1","24","  9.1"," 17.5","  33.1"," ","  20.3","*"," 0.00","I"," 14.2","000000"
"02851099999","2020-04-04","64.9333333","25.3666666","12.0","OULU OULUNSALO PELLONPAA, FI","  25.3","24","  17.8","24","1003.7","24","002.3","24"," 30.3","24","  4.6","24","  9.7"," 18.5","  35.6"," ","   7.7"," "," 0.00","I"," 14.2","000000"
"02851099999","2020-04-05","64.9333333","25.3666666","12.0","OULU OULUNSALO PELLONPAA, FI","  26.3","24","  17.3","24","1022.8","24","021.3","24"," 30.7","24","  5.7","24","  9.1"," 17.5","  32.0"," ","  19.4","*"," 0.00","I"," 14.2","000000"
"02851099999","2020-04-06","64.9333333","25.3666666","12.0","OULU OULUNSALO PELLONPAA, FI","  31.1","21","  20.8","21","1025.9","21","024.4","21"," 30.7","21","  5.7","21","  8.4"," 17.1","  40.5"," ","  16.7"," "," 0.00","I"," 13.8","000000"
"02851099999","2020-04-07","64.9333333","25.3666666","12.0","OULU OULUNSALO PELLONPAA, FI","  36.0","24","  31.3","24","1012.8","24","011.3","24"," 18.8","24","  5.8","24","  8.9"," 17.7","  46.4"," ","  32.0"," ","99.99"," "," 13.0","010000"
"02851099999","2020-04-08","64.9333333","25.3666666","12.0","OULU OULUNSALO PELLONPAA, FI","  41.4","23","  29.4","23","1008.1","23","006.7","23"," 29.4","23","  7.0","23"," 11.3"," 25.4","  52.0"," ","  30.9"," ","99.99"," "," 12.2","010000"
"02851099999","2020-04-09","64.9333333","25.3666666","12.0","OULU OULUNSALO PELLONPAA, FI","  34.5","24","  25.3","24","1004.6","24","003.2","24"," 30.7","24","  7.1","24"," 11.3"," 20.4","  41.7"," ","  21.7","*","99.99"," "," 11.0","010000"
"02851099999","2020-04-10","64.9333333","25.3666666","12.0","OULU OULUNSALO PELLONPAA, FI","  29.9","24","  22.1","24","1013.4","24","011.9","24"," 30.6","24","  4.8","24"," 10.1"," 17.7","  36.5"," ","  19.8"," "," 0.00","I"," 11.4","000000"
"02851099999","2020-04-11","64.9333333","25.3666666","12.0","OULU OULUNSALO PELLONPAA, FI","  29.0","24","  20.2","24","1017.7","24","016.2","24"," 30.7","24","  5.2","24","  8.4"," 15.2","  36.5"," ","  20.8","*"," 0.00","I"," 11.4","000000"
"02851099999","2020-04-12","64.9333333","25.3666666","12.0","OULU OULUNSALO PELLONPAA, FI","  31.4","24","  26.7","22"," 996.0","24","994.5","24"," 15.9","24","  7.3","24"," 11.7"," 23.1","  36.3"," ","  20.5"," ","99.99"," "," 11.8","011000"
"02851099999","2020-04-13","64.9333333","25.3666666","12.0","OULU OULUNSALO PELLONPAA, FI","  32.4","24","  29.0","24"," 985.8","24","984.4","24"," 19.9","24","  4.4","24","  9.7"," 20.8","  36.7"," ","  29.8","*","99.99"," "," 11.8","011000"
"02851099999","2020-04-14","64.9333333","25.3666666","12.0","OULU OULUNSALO PELLONPAA, FI","  31.9","24","  27.9","24"," 997.1","24","995.7","24"," 24.2","24","  4.1","24","  8.0"," 12.8","  41.2"," ","  23.9","*"," 0.00","I"," 11.8","000000"
"02851099999","2020-04-15","64.9333333","25.3666666","12.0","OULU OULUNSALO PELLONPAA, FI","  31.9","24","  29.9","23"," 993.7","24","992.3","24"," 11.0","24","  4.8","24","  7.2"," 13.6","  37.2"," ","  23.7"," ","99.99"," "," 12.2","111000"
"02851099999","2020-04-16","64.9333333","25.3666666","12.0","OULU OULUNSALO PELLONPAA, FI","  34.8","24","  29.1","24"," 994.7","24","993.3","24"," 24.2","24","  6.5","24"," 12.2"," 23.5","  41.2"," ","  30.9"," ","99.99"," "," 11.8","101000"
"02851099999","2020-04-17","64.9333333","25.3666666","12.0","OULU OULUNSALO PELLONPAA, FI","  34.3","24","  27.9","24","1001.1","24","999.7","24"," 27.9","24"," 11.0","24"," 14.4"," 26.4","  39.7"," ","  28.6"," ","99.99"," "," 11.0","011000"
"02851099999","2020-04-18","64.9333333","25.3666666","12.0","OULU OULUNSALO PELLONPAA, FI","  36.0","24","  28.0","24","1011.5","24","010.0","24"," 29.7","24","  9.9","24"," 14.6"," 29.3","  41.2"," ","  31.8"," ","99.99"," ","  9.4","011000"
"02851099999","2020-04-19","64.9333333","25.3666666","12.0","OULU OULUNSALO PELLONPAA, FI","  36.1","24","  30.4","24","1019.8","24","018.3","24"," 30.5","24","  4.2","24","  6.8"," 12.8","  44.1"," ","  28.8"," "," 0.00","I","  9.1","000000"
"02851099999","2020-04-20","64.9333333","25.3666666","12.0","OULU OULUNSALO PELLONPAA, FI","  39.4","24","  31.2","24","1024.6","24","023.1","24"," 30.9","24","  5.1","24","  8.7"," 16.1","  46.2"," ","  31.5"," ","99.99"," ","  7.5","010000"
"02851099999","2020-04-21","64.9333333","25.3666666","12.0","OULU OULUNSALO PELLONPAA, FI","  38.7","24","  28.0","24","1030.2","24","028.7","24"," 31.1","24","  4.4","24","  8.0"," 13.4","  48.6"," ","  26.2","*"," 0.00","I","  6.3","000000"
"02851099999","2020-04-22","64.9333333","25.3666666","12.0","OULU OULUNSALO PELLONPAA, FI","  35.0","24","  24.3","24","1027.1","24","025.7","24"," 30.7","24","  4.1","24","  8.2"," 14.6","  45.9"," ","  22.6"," "," 0.00","I","  5.9","000000"
"02851099999","2020-04-23","64.9333333","25.3666666","12.0","OULU OULUNSALO PELLONPAA, FI","  33.9","24","  26.2","24","1015.0","24","013.6","24"," 18.4","24","  4.1","24","  8.0"," 13.0","  42.8"," ","  25.2"," ","99.99"," ","999.9","011000"
"02851099999","2020-04-24","64.9333333","25.3666666","12.0","OULU OULUNSALO PELLONPAA, FI","  32.7","23","  23.7","23","1004.6","23","003.1","23"," 24.8","23","  7.0","23"," 11.1"," 19.4","  37.4"," ","  29.8","*","99.99"," ","  6.3","011000"
"02851099999","2020-04-25","64.9333333","25.3666666","12.0","OULU OULUNSALO PELLONPAA, FI","  36.0","24","  24.1","24"," 998.1","24","996.7","24"," 29.9","24"," 11.0","24"," 15.0"," 29.1","  41.5"," ","  29.8"," ","99.99"," ","  5.1","010000"
"02851099999","2020-04-26","64.9333333","25.3666666","12.0","OULU OULUNSALO PELLONPAA, FI","  35.6","24","  26.6","24","1002.3","24","000.8","24"," 30.6","24","  7.6","24"," 12.4"," 21.4","  40.6"," ","  31.1","*","99.99"," ","  3.9","011000"
"02851099999","2020-04-27","64.9333333","25.3666666","12.0","OULU OULUNSALO PELLONPAA, FI","  34.6","24","  25.0","24","1010.9","24","009.4","24"," 29.1","24","  5.8","24","  9.5"," 18.1","  41.4"," ","  28.4"," ","99.99"," ","  3.1","001000"
"02851099999","2020-04-28","64.9333333","25.3666666","12.0","OULU OULUNSALO PELLONPAA, FI","  33.8","23","  29.6","23","1010.0","23","008.5","23"," 20.8","23","  4.5","23","  6.6"," 15.0","  40.3"," ","  29.3","*","99.99"," ","  3.1","011000"
"02851099999","2020-04-29","64.9333333","25.3666666","12.0","OULU OULUNSALO PELLONPAA, FI","  33.9","24","  23.1","24","1013.1","24","011.7","24"," 30.0","24","  4.1","24","  6.6"," 18.8","  42.3"," ","  25.7","*","99.99"," ","  3.1","011000"
"02851099999","2020-04-30","64.9333333","25.3666666","12.0","OULU OULUNSALO PELLONPAA, FI","  33.3","24","  20.6","24","1015.7","24","014.2","24"," 29.8","24","  2.4","24","  4.1","999.9","  42.8"," ","  22.1"," ","99.99"," ","  2.0","010000"
"02851099999","2020-05-01","64.9333333","25.3666666","12.0","OULU OULUNSALO PELLONPAA, FI","  39.0","24","  21.1","24","1014.0","24","012.6","24"," 30.5","24","  4.2","24","  6.0"," 12.8","  47.1"," ","  24.4"," "," 0.00","I","  1.6","000000"
"02851099999","2020-05-02","64.9333333","25.3666666","12.0","OULU OULUNSALO PELLONPAA, FI","  42.5","24","  32.5","24","1008.6","24","007.2","24"," 25.0","24","  6.1","24","  9.1"," 21.2","  51.4"," ","  34.7"," ","99.99"," ","999.9","010000"
"02851099999","2020-05-03","64.9333333","25.3666666","12.0","OULU OULUNSALO PELLONPAA, FI","  40.3","24","  38.3","24","1004.4","24","003.0","24"," 18.4","24","  3.9","24","  8.0"," 14.0","  47.7"," ","  33.8","*","99.99"," ","999.9","010000"
"02851099999","2020-05-04","64.9333333","25.3666666","12.0","OULU OULUNSALO PELLONPAA, FI","  41.3","24","  33.8","22","1009.7","24","008.2","24"," 28.3","24","  4.6","24","  8.4"," 17.3","  48.0"," ","  31.6","*"," 0.00","I","999.9","000000"
"02851099999","2020-05-05","64.9333333","25.3666666","12.0","OULU OULUNSALO PELLONPAA, FI","  42.0","24","  28.5","24","1015.2","24","013.7","24"," 29.8","24","  5.1","24","  8.9"," 17.1","  50.2"," ","  28.9"," "," 0.00","I","  0.4","000000"
"02851099999","2020-05-06","64.9333333","25.3666666","12.0","OULU OULUNSALO PELLONPAA, FI","  42.4","24","  30.0","24","1005.0","24","003.6","24"," 30.8","24","  6.0","24","  9.1"," 19.6","  50.5"," ","  32.9","*"," 0.00","I","999.9","000000"
"02851099999","2020-05-07","64.9333333","25.3666666","12.0","OULU OULUNSALO PELLONPAA, FI","  40.2","24","  29.1","24","1006.3","24","004.9","24"," 30.7","24","  5.6","24"," 11.8"," 21.0","  48.9"," ","  29.3"," "," 0.00","I","999.9","000000"
"02851099999","2020-05-08","64.9333333","25.3666666","12.0","OULU OULUNSALO PELLONPAA, FI","  39.7","24","  25.8","24","1007.3","24","005.9","24"," 29.9","24","  5.0","24","  9.5"," 15.7","  45.1"," ","  27.9"," ","99.99"," ","999.9","010000"
"02851099999","2020-05-09","64.9333333","25.3666666","12.0","OULU OULUNSALO PELLONPAA, FI","  38.7","24","  29.3","24","1008.0","24","006.5","24"," 30.9","24","  6.5","24"," 13.0"," 22.3","  47.1"," ","  28.0","*","99.99"," ","999.9","010000"
"02851099999","2020-05-10","64.9333333","25.3666666","12.0","OULU OULUNSALO PELLONPAA, FI","  35.8","24","  32.6","24","1005.2","24","003.7","24"," 16.6","24","  4.8","24"," 10.7"," 21.8","  46.2"," ","  25.9"," ","99.99"," ","999.9","011000"
"02851099999","2020-05-11","64.9333333","25.3666666","12.0","OULU OULUNSALO PELLONPAA, FI","  34.7","24","  30.1","23"," 996.4","24","994.9","24"," 26.2","24","  5.3","24","  8.0"," 15.3","  41.2"," ","  29.5","*","99.99"," ","999.9","011000"
"02851099999","2020-05-12","64.9333333","25.3666666","12.0","OULU OULUNSALO PELLONPAA, FI","  35.7","24","  26.5","24"," 998.9","24","997.4","24"," 30.1","24","  5.1","24"," 10.5"," 17.9","  41.9"," ","  25.3","*"," 0.00","I","999.9","000000"
"02851099999","2020-05-13","64.9333333","25.3666666","12.0","OULU OULUNSALO PELLONPAA, FI","  38.2","24","  25.2","24","1004.5","24","003.1","24"," 30.1","24","  4.1","24","  8.4"," 13.6","  48.2"," ","  24.4"," "," 0.00","I","999.9","000000"
"02851099999","2020-05-14","64.9333333","25.3666666","12.0","OULU OULUNSALO PELLONPAA, FI","  39.4","24","  25.4","24","1003.2","24","001.7","24"," 30.7","24","  5.7","24"," 10.1"," 18.3","  48.0"," ","  25.3"," "," 0.00","I","999.9","000000"
"02851099999","2020-05-15","64.9333333","25.3666666","12.0","OULU OULUNSALO PELLONPAA, FI","  38.6","24","  25.7","24","1000.7","24","999.2","24"," 30.8","24","  5.3","24","  9.3"," 16.3","  47.8"," ","  28.9","*"," 0.00","I","999.9","000000"
"02851099999","2020-05-16","64.9333333","25.3666666","12.0","OULU OULUNSALO PELLONPAA, FI","  40.2","24","  28.3","24","1000.8","24","999.3","24"," 29.0","24","  3.6","24","  6.2"," 15.7","  49.5"," ","  27.3"," ","99.99"," ","999.9","010000"
"02851099999","2020-05-17","64.9333333","25.3666666","12.0","OULU OULUNSALO PELLONPAA, FI","  43.5","24","  31.5","24","1001.3","24","999.9","24"," 30.0","24","  5.1","24"," 12.8"," 21.0","  52.2"," ","  31.3"," "," 0.00","I","999.9","000000"
"02851099999","2020-05-18","64.9333333","25.3666666","12.0","OULU OULUNSALO PELLONPAA, FI","  43.0","24","  29.6","24","1006.0","24","004.5","24"," 30.0","24","  5.0","24","  8.5"," 15.3","  51.6"," ","  31.6","*"," 0.00","I","  0.4","000000"
"02851099999","2020-05-19","64.9333333","25.3666666","12.0","OULU OULUNSALO PELLONPAA, FI","  40.7","24","  34.8","24","1010.8","24","009.3","24"," 25.3","24","  3.8","24","  5.8"," 15.7","  49.1"," ","  30.6"," ","99.99"," ","999.9","010000"
"02851099999","2020-05-20","64.9333333","25.3666666","12.0","OULU OULUNSALO PELLONPAA, FI","  42.9","24","  34.5","24","1019.9","24","018.4","24"," 27.7","24","  5.6","24"," 11.5"," 19.4","  51.1"," ","  33.6"," "," 0.00","I","999.9","000000"
"02851099999","2020-05-21","64.9333333","25.3666666","12.0","OULU OULUNSALO PELLONPAA, FI","  45.5","23","  28.9","23","1024.8","23","023.3","23"," 30.3","23","  6.1","23"," 13.0"," 21.4","  52.5"," ","  34.2","*"," 0.00","I","999.9","000000"
"02851099999","2020-05-22","64.9333333","25.3666666","12.0","OULU OULUNSALO PELLONPAA, FI","  47.5","24","  25.7","24","1025.0","24","023.5","24"," 29.8","24","  3.5","24","  7.8"," 14.0","  57.9"," ","  29.1"," "," 0.00","I","999.9","000000"
"02851099999","2020-05-23","64.9333333","25.3666666","12.0","OULU OULUNSALO PELLONPAA, FI","  50.8","24","  30.1","24","1019.4","24","017.9","24"," 29.0","24","  4.2","24","  8.5"," 13.0","  62.8"," ","  32.7"," "," 0.00","I","999.9","000000"
"02851099999","2020-05-24","64.9333333","25.3666666","12.0","OULU OULUNSALO PELLONPAA, FI","  56.0","24","  32.5","24","1017.6","24","016.2","24"," 28.5","24","  4.2","24","  8.0"," 18.5","  71.4"," ","  33.6"," "," 0.00","I","999.9","000000"
"02851099999","2020-05-25","64.9333333","25.3666666","12.0","OULU OULUNSALO PELLONPAA, FI","  54.6","24","  38.8","24","1024.8","24","023.4","24"," 27.9","24","  5.1","24"," 12.0"," 20.2","  66.4"," ","  39.2","*"," 0.00","I","999.9","000000"
"02851099999","2020-05-26","64.9333333","25.3666666","12.0","OULU OULUNSALO PELLONPAA, FI","  56.7","24","  41.2","24","1028.8","24","027.4","24"," 24.0","24","  4.0","24","  9.1"," 14.2","  67.8"," ","  38.3"," "," 0.00","I","999.9","100000"
"02851099999","2020-05-27","64.9333333","25.3666666","12.0","OULU OULUNSALO PELLONPAA, FI","  51.1","24","  46.3","24","1020.4","24","019.0","24"," 25.7","24","  3.6","24"," 11.3"," 18.8","  61.7"," ","  43.2"," ","99.99"," ","999.9","010000"
"02851099999","2020-05-28","64.9333333","25.3666666","12.0","OULU OULUNSALO PELLONPAA, FI","  50.4","23","  36.6","23","1021.3","23","019.9","23"," 29.6","23","  7.3","23"," 11.7"," 20.0","  56.1"," ","  40.1","*"," 0.00","I","999.9","000000"
"02851099999","2020-05-29","64.9333333","25.3666666","12.0","OULU OULUNSALO PELLONPAA, FI","  49.3","24","  40.2","24","1023.9","24","022.5","24"," 29.4","24","  5.4","24","  8.7"," 17.5","  55.8"," ","  36.7"," "," 0.00","I","999.9","000000"
"02851099999","2020-05-30","64.9333333","25.3666666","12.0","OULU OULUNSALO PELLONPAA, FI","  52.8","24","  39.3","24","1031.1","24","029.6","24"," 29.5","23","  6.2","24"," 11.5"," 21.2","  59.7"," ","  39.2"," "," 0.00","I","999.9","000000"
"02851099999","2020-05-31","64.9333333","25.3666666","12.0","OULU OULUNSALO PELLONPAA, FI","  55.9","24","  40.5","24","1030.7","24","029.3","24"," 30.4","24","  3.0","24","  6.8"," 11.7","  65.3"," ","  38.5"," "," 0.00","I","999.9","000000"
"02851099999","2020-06-01","64.9333333","25.3666666","12.0","OULU OULUNSALO PELLONPAA, FI","  60.5","23","  45.2","23","1025.2","23","023.8","23"," 28.9","23","  3.6","23","  7.8"," 11.8","  70.2"," ","  42.4"," "," 0.00","I","  0.4","000000"
"02851099999","2020-06-02","64.9333333","25.3666666","12.0","OULU OULUNSALO PELLONPAA, FI","  62.0","24","  47.5","24","1018.7","24","017.3","24"," 28.8","24","  4.9","24","  8.7"," 19.0","  76.5"," ","  48.2","*"," 0.00","I","999.9","000000"
"02851099999","2020-06-03","64.9333333","25.3666666","12.0","OULU OULUNSALO PELLONPAA, FI","  57.1","24","  44.6","24","1013.5","24","012.1","24"," 29.4","24","  3.9","24","  9.1"," 13.2","  66.0"," ","  44.6"," ","99.99"," ","999.9","010000"
"02851099999","2020-06-04","64.9333333","25.3666666","12.0","OULU OULUNSALO PELLONPAA, FI","  64.4","20","  41.2","20","1009.2","20","007.8","20"," 28.6","20","  4.2","20","  7.2"," 15.0","  74.8"," ","  49.5"," "," 0.00","I","999.9","000000"
