"STATION","DATE","LATITUDE","LONGITUDE","ELEVATION","NAME","TEMP","TEMP_ATTRIBUTES","DEWP","DEWP_ATTRIBUTES","SLP","SLP_ATTRIBUTES","STP","STP_ATTRIBUTES","VISIB","VISIB_ATTRIBUTES","WDSP","WDSP_ATTRIBUTES","MXSPD","GUST","MAX","MAX_ATTRIBUTES","MIN","MIN_ATTRIBUTES","PRCP","PRCP_ATTRIBUTES","SNDP","FRSHTT"
"47636099999","2020-01-01","35.1666666","136.9666666","56.3","NAGOYA, JA","  43.2","23","  33.0","23","1025.0","23","018.0","23"," 16.9"," 7","  5.7","23"," 11.1","999.9","  48.7"," ","  33.3"," "," 0.00","G","999.9","010000"
"47636099999","2020-01-02","35.1666666","136.9666666","56.3","NAGOYA, JA","  45.9","23","  37.4","23","1022.5","23","015.5","23"," 14.6"," 7","  4.6","23","  8.9","999.9","  53.4"," ","  39.2"," "," 0.00","G","999.9","010000"
"47636099999","2020-01-03","35.1666666","136.9666666","56.3","NAGOYA, JA","  46.7","24","  37.9","24","1018.5","24","011.6","24"," 10.2"," 7","  6.1","24"," 12.0","999.9","  53.4"," ","  39.9"," "," 0.00","G","999.9","000000"
"47636099999","2020-01-04","35.1666666","136.9666666","56.3","NAGOYA, JA","  44.7","24","  35.1","24","1017.7","24","010.7","24"," 14.2"," 7","  7.5","24","  9.9","999.9","  52.7"," ","  39.4","*"," 0.00","G","999.9","010000"
"47636099999","2020-01-05","35.1666666","136.9666666","56.3","NAGOYA, JA","  40.8","23","  26.2","23","1027.3","23","020.2","23"," 16.4"," 7","  8.2","23"," 15.0","999.9","  49.1"," ","  34.5","*"," 0.00","G","999.9","000000"
"47636099999","2020-01-06","35.1666666","136.9666666","56.3","NAGOYA, JA","  44.4","23","  28.6","23","1025.8","23","018.8","23"," 16.4"," 7","  5.6","23","  8.9","999.9","  53.2"," ","  33.6"," "," 0.00","G","999.9","000000"
"47636099999","2020-01-07","35.1666666","136.9666666","56.3","NAGOYA, JA","  44.1","22","  41.7","22","1018.1","22","011.1","22","  4.2"," 7","  3.2","22","  5.1","999.9","  46.8","*","  37.9"," "," 0.00","G","999.9","010000"
"47636099999","2020-01-08","35.1666666","136.9666666","56.3","NAGOYA, JA","  51.6","24","  41.5","24","1006.8","24","000.0","24"," 11.7"," 7"," 10.5","24"," 15.9","999.9","  63.9"," ","  43.7"," "," 1.26","G","999.9","010000"
"47636099999","2020-01-09","35.1666666","136.9666666","56.3","NAGOYA, JA","  49.1","23","  36.1","23","1014.8","23","008.0","23"," 13.3"," 7","  9.1","23"," 14.0","999.9","  56.5"," ","  42.3","*"," 0.06","G","999.9","010000"
"47636099999","2020-01-10","35.1666666","136.9666666","56.3","NAGOYA, JA","  45.3","23","  33.0","23","1017.5","23","010.5","23"," 18.2"," 7","  5.6","23","  8.9","999.9","  56.3"," ","  36.3","*"," 0.00","G","999.9","000000"
"47636099999","2020-01-11","35.1666666","136.9666666","56.3","NAGOYA, JA","  45.1","19","  32.8","19","1014.6","19","007.7","19"," 18.1"," 6","  3.3","19","  6.0","999.9","  53.8"," ","  35.8"," "," 0.00","G","999.9","000000"
"47636099999","2020-01-12","35.1666666","136.9666666","56.3","NAGOYA, JA","  44.7","24","  35.8","24","1011.3","24","004.4","24"," 11.1"," 7","  2.5","24","  5.1","999.9","  49.8"," ","  37.6"," "," 0.00","G","999.9","000000"
"47636099999","2020-01-13","35.1666666","136.9666666","56.3","NAGOYA, JA","  45.2","20","  33.8","20","1018.1","20","011.2","20"," 13.7"," 5","  6.2","20"," 12.0","999.9","  52.9"," ","  37.2","*"," 0.00","G","999.9","000000"
"47636099999","2020-01-14","35.1666666","136.9666666","56.3","NAGOYA, JA","  45.0","24","  34.7","24","1020.4","24","013.4","24"," 11.5"," 7","  3.9","24","  6.0","999.9","  53.2"," ","  35.1"," "," 0.00","G","999.9","010000"
"47636099999","2020-01-15","35.1666666","136.9666666","56.3","NAGOYA, JA","  43.3","24","  31.0","24","1020.8","24","013.8","24"," 13.8"," 7","  6.3","24"," 15.0","999.9","  52.0"," ","  35.2","*"," 0.06","G","999.9","000000"
"47636099999","2020-01-16","35.1666666","136.9666666","56.3","NAGOYA, JA","  40.5","24","  29.8","24","1021.9","24","014.9","24"," 16.9"," 7","  3.5","24","  5.1","999.9","  47.1"," ","  34.5"," "," 0.00","G","999.9","000000"
"47636099999","2020-01-17","35.1666666","136.9666666","56.3","NAGOYA, JA","  44.6","22","  34.9","22","1015.6","22","008.6","22"," 12.4"," 7","  3.4","22","  6.0","999.9","  48.6"," ","  36.0"," "," 0.00","G","999.9","010000"
"47636099999","2020-01-18","35.1666666","136.9666666","56.3","NAGOYA, JA","  44.6","23","  27.8","23","1013.0","23","006.1","23"," 15.0"," 6","  7.3","23"," 11.1","999.9","  54.5"," ","  37.6","*"," 0.00","G","999.9","000000"
"47636099999","2020-01-19","35.1666666","136.9666666","56.3","NAGOYA, JA","  46.1","22","  29.3","22","1015.9","22","009.0","22"," 17.8"," 7","  3.5","22","  6.0","999.9","  53.4"," ","  36.9"," "," 0.00","G","999.9","010000"
"47636099999","2020-01-20","35.1666666","136.9666666","56.3","NAGOYA, JA","  46.3","24","  33.8","24","1017.7","24","010.8","24","  9.8"," 7","  7.5","24"," 15.0","999.9","  53.6"," ","  37.0"," "," 0.00","G","999.9","010000"
"47636099999","2020-01-21","35.1666666","136.9666666","56.3","NAGOYA, JA","  42.3","24","  25.5","24","1027.0","24","020.0","24"," 15.1"," 7","  8.5","24"," 17.1","999.9","  52.5"," ","  35.4","*"," 0.00","G","999.9","000000"
"47636099999","2020-01-22","35.1666666","136.9666666","56.3","NAGOYA, JA","  46.8","24","  34.9","24","1026.6","24","019.6","24","  9.1"," 7","  3.3","24","  6.0","999.9","  52.5"," ","  34.3"," "," 0.00","G","999.9","010000"
"47636099999","2020-01-23","35.1666666","136.9666666","56.3","NAGOYA, JA","  47.5","23","  47.0","23","1020.2","23","013.3","23","  5.8"," 7","  4.0","23","  6.0","999.9","  50.2"," ","  44.4"," "," 0.24","G","999.9","010000"
"47636099999","2020-01-24","35.1666666","136.9666666","56.3","NAGOYA, JA","  49.1","23","  35.1","23","1025.5","23","018.5","23"," 15.1"," 7","  8.1","23"," 13.0","999.9","  59.7"," ","  40.3","*"," 0.20","G","999.9","000000"
"47636099999","2020-01-25","35.1666666","136.9666666","56.3","NAGOYA, JA","  47.4","23","  32.0","23","1026.0","23","019.0","23"," 14.6"," 7","  4.3","23","  8.0","999.9","  53.8"," ","  40.1"," "," 0.00","G","999.9","010000"
"47636099999","2020-01-26","35.1666666","136.9666666","56.3","NAGOYA, JA","  48.0","23","  37.6","23","1024.2","23","017.3","23"," 12.4"," 7","  3.0","23","  7.0","999.9","  56.3"," ","  43.3"," "," 0.00","G","999.9","010000"
"47636099999","2020-01-27","35.1666666","136.9666666","56.3","NAGOYA, JA","  45.3","24","  38.1","24","1015.9","24","009.0","24","  8.8"," 7","  3.8","24","  7.0","999.9","  51.6"," ","  42.3","*"," 0.00","G","999.9","010000"
"47636099999","2020-01-28","35.1666666","136.9666666","56.3","NAGOYA, JA","  51.7","24","  47.0","24","1008.1","24","001.3","24","  8.7"," 7","  4.5","24","  7.0","999.9","  56.5"," ","  42.6"," "," 0.04","G","999.9","010010"
"47636099999","2020-01-29","35.1666666","136.9666666","56.3","NAGOYA, JA","  51.0","24","  40.8","24","1005.7","24","998.9","24"," 14.6"," 7","  9.6","24"," 14.0","999.9","  61.0"," ","  45.0","*"," 0.33","G","999.9","000000"
"47636099999","2020-01-30","35.1666666","136.9666666","56.3","NAGOYA, JA","  45.7","23","  35.3","23","1005.4","23","998.5","23"," 17.8"," 7"," 10.5","23"," 17.1","999.9","  55.0"," ","  40.8","*"," 0.00","G","999.9","000000"
"47636099999","2020-01-31","35.1666666","136.9666666","56.3","NAGOYA, JA","  42.1","24","  29.3","24","1012.9","24","005.9","24"," 15.5"," 7"," 10.3","24"," 18.1","999.9","  49.6"," ","  37.2","*"," 0.00","G","999.9","000000"
"47636099999","2020-02-01","35.1666666","136.9666666","56.3","NAGOYA, JA","  42.2","22","  25.8","22","1020.5","22","013.5","22"," 15.5"," 7","  9.2","22"," 15.9","999.9","  52.2"," ","  35.2","*"," 0.00","G","999.9","000000"
"47636099999","2020-02-02","35.1666666","136.9666666","56.3","NAGOYA, JA","  44.2","24","  30.1","24","1022.5","24","015.5","24"," 16.0"," 7","  4.2","24","  9.9","999.9","  55.4"," ","  34.0"," "," 0.00","G","999.9","000000"
"47636099999","2020-02-03","35.1666666","136.9666666","56.3","NAGOYA, JA","  45.9","24","  31.8","24","1021.4","24","014.5","24","  9.8"," 7","  7.0","24","  9.9","999.9","  54.0"," ","  34.9"," "," 0.00","G","999.9","000000"
"47636099999","2020-02-04","35.1666666","136.9666666","56.3","NAGOYA, JA","  44.3","23","  25.9","23","1020.8","23","013.8","23"," 18.1"," 6","  4.6","23","  9.9","999.9","  54.3"," ","  34.7","*"," 0.00","G","999.9","000000"
"47636099999","2020-02-05","35.1666666","136.9666666","56.3","NAGOYA, JA","  40.6","23","  27.5","23","1019.5","23","012.5","23"," 15.5"," 7","  9.7","23"," 17.1","999.9","  52.3"," ","  33.3","*"," 0.00","G","999.9","000000"
"47636099999","2020-02-06","35.1666666","136.9666666","56.3","NAGOYA, JA","  34.3","24","  13.8","24","1028.7","24","021.5","24"," 18.6"," 7","  8.9","24"," 19.0","999.9","  43.0"," ","  28.2","*"," 0.00","G","999.9","000000"
"47636099999","2020-02-07","35.1666666","136.9666666","56.3","NAGOYA, JA","  39.5","24","  22.1","24","1023.3","24","016.2","24"," 16.4"," 7","  3.9","24","  8.0","999.9","  47.1"," ","  28.0"," "," 0.00","G","999.9","000000"
"47636099999","2020-02-08","35.1666666","136.9666666","56.3","NAGOYA, JA","  43.0","24","  28.1","24","1016.0","24","009.0","24"," 13.8"," 7","  9.8","24"," 14.0","999.9","  54.3"," ","  34.5"," "," 0.00","G","999.9","000000"
"47636099999","2020-02-09","35.1666666","136.9666666","56.3","NAGOYA, JA","  36.7","23","  17.5","23","1019.0","23","011.9","23"," 17.3"," 7","  9.6","23"," 17.1","999.9","  45.5"," ","  29.5","*"," 0.00","G","999.9","000000"
"47636099999","2020-02-10","35.1666666","136.9666666","56.3","NAGOYA, JA","  38.0","23","  28.3","23","1021.5","23","014.5","23"," 13.3"," 7","  6.2","23","  9.9","999.9","  43.5"," ","  28.9"," "," 0.00","G","999.9","010000"
"47636099999","2020-02-11","35.1666666","136.9666666","56.3","NAGOYA, JA","  42.6","24","  26.7","24","1028.7","24","021.7","24"," 14.6"," 7","  5.8","24"," 13.0","999.9","  53.2"," ","  33.8"," "," 0.00","G","999.9","000000"
"47636099999","2020-02-12","35.1666666","136.9666666","56.3","NAGOYA, JA","  49.3","24","  40.3","24","1022.9","24","016.0","24","  8.3"," 7","  2.9","24","  5.1","999.9","  59.0"," ","  33.8"," "," 0.00","G","999.9","010000"
"47636099999","2020-02-13","35.1666666","136.9666666","56.3","NAGOYA, JA","  54.5","23","  47.4","23","1017.9","23","011.1","23"," 10.7"," 7","  5.1","23","  9.9","999.9","  67.5"," ","  45.3","*"," 0.55","G","999.9","000000"
"47636099999","2020-02-14","35.1666666","136.9666666","56.3","NAGOYA, JA","  48.8","23","  43.9","23","1020.4","23","013.5","23","  8.0"," 7","  3.2","23","  8.9","999.9","  54.5"," ","  42.8","*"," 0.00","G","999.9","010000"
"47636099999","2020-02-15","35.1666666","136.9666666","56.3","NAGOYA, JA","  50.4","24","  43.9","24","1018.8","24","012.0","24"," 10.3"," 7","  3.0","24","  5.1","999.9","  57.4"," ","  42.1"," "," 0.00","G","999.9","010000"
"47636099999","2020-02-16","35.1666666","136.9666666","56.3","NAGOYA, JA","  49.0","24","  47.2","24","1006.2","24","999.4","24","  4.3"," 7","  4.3","24"," 11.1","999.9","  51.3","*","  44.8","*"," 0.65","G","999.9","010000"
"47636099999","2020-02-17","35.1666666","136.9666666","56.3","NAGOYA, JA","  43.6","23","  26.0","23","1009.6","23","002.7","23"," 11.5"," 7","  8.5","23"," 13.0","999.9","  54.7"," ","  35.1","*"," 0.18","G","999.9","000000"
"47636099999","2020-02-18","35.1666666","136.9666666","56.3","NAGOYA, JA","  39.7","24","  31.1","24","1022.0","24","014.9","24"," 14.2"," 7","  6.6","24"," 11.1","999.9","  45.0"," ","  34.5"," "," 0.00","G","999.9","010000"
"47636099999","2020-02-19","35.1666666","136.9666666","56.3","NAGOYA, JA","  44.4","24","  30.1","24","1027.9","24","020.9","24"," 17.3"," 7","  4.9","24","  9.9","999.9","  53.6"," ","  35.2"," "," 0.00","G","999.9","000000"
"47636099999","2020-02-20","35.1666666","136.9666666","56.3","NAGOYA, JA","  46.0","23","  32.7","23","1031.9","23","024.9","23"," 14.2"," 7","  6.7","23"," 12.0","999.9","  55.9"," ","  36.1"," "," 0.00","G","999.9","000000"
"47636099999","2020-02-21","35.1666666","136.9666666","56.3","NAGOYA, JA","  51.1","24","  37.1","24","1031.6","24","024.6","24"," 14.6"," 7","  3.4","24","  5.1","999.9","  60.6"," ","  37.0"," "," 0.00","G","999.9","000000"
"47636099999","2020-02-22","35.1666666","136.9666666","56.3","NAGOYA, JA","  47.1","24","  40.3","24","1020.4","24","013.5","24","  5.8"," 7","  5.3","24"," 11.1","999.9","  51.1"," ","  43.9","*"," 0.00","G","999.9","010000"
"47636099999","2020-02-23","35.1666666","136.9666666","56.3","NAGOYA, JA","  42.9","24","  33.0","24","1024.7","24","017.6","24"," 14.2"," 7","  6.8","24"," 15.0","999.9","  52.0"," ","  35.8","*"," 0.18","G","999.9","010000"
"47636099999","2020-02-24","35.1666666","136.9666666","56.3","NAGOYA, JA","  49.7","24","  34.6","24","1023.5","24","016.6","24"," 12.4"," 7","  5.2","24","  8.9","999.9","  59.4"," ","  35.4"," "," 0.06","G","999.9","000000"
"47636099999","2020-02-25","35.1666666","136.9666666","56.3","NAGOYA, JA","  48.5","23","  41.2","23","1016.3","23","009.4","23","  6.9"," 7","  4.5","23","  8.9","999.9","  52.3"," ","  40.3"," "," 0.00","G","999.9","010000"
"47636099999","2020-02-26","35.1666666","136.9666666","56.3","NAGOYA, JA","  49.8","23","  34.7","23","1016.0","23","009.1","23"," 14.2"," 7","  9.4","23"," 15.9","999.9","  62.8"," ","  41.0","*"," 0.26","G","999.9","000000"
"47636099999","2020-02-27","35.1666666","136.9666666","56.3","NAGOYA, JA","  43.0","23","  24.0","23","1023.0","23","016.0","23"," 18.6"," 7"," 10.8","23"," 19.0","999.9","  51.4"," ","  37.8","*"," 0.00","G","999.9","000000"
"47636099999","2020-02-28","35.1666666","136.9666666","56.3","NAGOYA, JA","  46.2","24","  26.7","24","1022.6","24","015.6","24"," 18.2"," 7","  4.4","24","  8.9","999.9","  52.0"," ","  37.2"," "," 0.00","G","999.9","000000"
"47636099999","2020-02-29","35.1666666","136.9666666","56.3","NAGOYA, JA","  45.7","23","  40.2","23","1016.8","23","009.9","23","  8.7"," 7","  4.3","23","  7.0","999.9","  51.1"," ","  41.9","*"," 0.00","G","999.9","010000"
"47636099999","2020-03-01","35.1666666","136.9666666","56.3","NAGOYA, JA","  54.7","23","  39.0","23","1015.5","23","008.7","23"," 16.9"," 7","  3.3","23","  7.0","999.9","  63.3"," ","  41.4"," "," 0.24","G","999.9","000000"
"47636099999","2020-03-02","35.1666666","136.9666666","56.3","NAGOYA, JA","  53.2","24","  37.1","24","1017.6","24","010.8","24"," 13.3"," 7","  8.8","24"," 15.9","999.9","  65.8"," ","  45.3","*"," 0.00","G","999.9","000000"
"47636099999","2020-03-03","35.1666666","136.9666666","56.3","NAGOYA, JA","  51.0","24","  35.5","24","1021.9","24","015.0","24"," 15.5"," 7","  5.3","24","  9.9","999.9","  59.5"," ","  44.8"," "," 0.00","G","999.9","000000"
"47636099999","2020-03-04","35.1666666","136.9666666","56.3","NAGOYA, JA","  47.3","24","  43.4","24","1013.9","24","007.0","24","  6.6"," 7","  4.9","24"," 11.1","999.9","  55.2"," ","  41.9","*"," 0.00","G","999.9","010000"
"47636099999","2020-03-05","35.1666666","136.9666666","56.3","NAGOYA, JA","  42.6","24","  30.5","24","1016.9","24","009.9","24"," 12.4"," 7"," 12.3","24"," 19.0","999.9","  49.3"," ","  38.7","*"," 0.30","G","999.9","010000"
"47636099999","2020-03-06","35.1666666","136.9666666","56.3","NAGOYA, JA","  44.2","23","  27.1","23","1020.9","23","014.0","23"," 17.3"," 7","  8.5","23"," 14.0","999.9","  55.0"," ","  35.6","*"," 0.00","G","999.9","000000"
"47636099999","2020-03-07","35.1666666","136.9666666","56.3","NAGOYA, JA","  51.0","23","  35.9","23","1019.2","23","012.3","23"," 13.3"," 7","  4.9","23","  8.9","999.9","  60.8"," ","  35.4"," "," 0.00","G","999.9","010000"
"47636099999","2020-03-08","35.1666666","136.9666666","56.3","NAGOYA, JA","  45.5","24","  44.1","24","1015.3","24","008.3","24","  8.1"," 7","  4.7","24","  9.9","999.9","  49.1"," ","  40.5","*"," 0.71","G","999.9","010000"
"47636099999","2020-03-09","35.1666666","136.9666666","56.3","NAGOYA, JA","  58.7","24","  44.8","24","1013.0","24","006.3","24"," 15.5"," 7","  3.6","24","  8.0","999.9","  69.6"," ","  40.1"," "," 0.96","G","999.9","000000"
"47636099999","2020-03-10","35.1666666","136.9666666","56.3","NAGOYA, JA","  57.0","24","  52.8","24"," 999.4","24","992.7","24","  7.5"," 7","  8.4","24"," 13.0","999.9","  61.2","*","  51.1","*"," 0.10","G","999.9","010000"
"47636099999","2020-03-11","35.1666666","136.9666666","56.3","NAGOYA, JA","  51.2","18","  36.2","18","1013.5","18","006.7","18"," 17.6"," 6"," 10.4","18"," 17.1","999.9","  60.1","*","  42.6","*"," 1.57","G","999.9","000000"
"47636099999","2020-03-12","35.1666666","136.9666666","56.3","NAGOYA, JA","  50.5","24","  31.2","24","1022.1","24","015.2","24"," 13.3"," 7","  4.4","24","  8.9","999.9","  60.6"," ","  41.4","*"," 0.00","G","999.9","000000"
"47636099999","2020-03-13","35.1666666","136.9666666","56.3","NAGOYA, JA","  53.6","20","  35.1","20","1015.0","20","008.2","20"," 11.9"," 6","  3.9","20","  8.0","999.9","  61.7","*","  41.4"," "," 0.00","G","999.9","010000"
"47636099999","2020-03-14","35.1666666","136.9666666","56.3","NAGOYA, JA","  44.1","17","  34.5","17","1007.8","17","001.0","17"," 10.6"," 4","  6.4","17","  8.9","999.9","  46.9","*","  40.6","*"," 0.04","G","999.9","010000"
"47636099999","2020-03-15","35.1666666","136.9666666","56.3","NAGOYA, JA","  45.5","24","  33.4","24","1006.8","24","999.9","24"," 12.9"," 7","  6.2","24"," 11.1","999.9","  53.4","*","  37.8","*"," 0.24","G","999.9","010000"
"47636099999","2020-03-16","35.1666666","136.9666666","56.3","NAGOYA, JA","  41.3","24","  24.4","24","1016.5","24","009.6","24"," 15.1"," 7"," 10.2","24"," 20.0","999.9","  54.0"," ","  33.8","*"," 0.16","G","999.9","011000"
"47636099999","2020-03-17","35.1666666","136.9666666","56.3","NAGOYA, JA","  48.5","24","  32.3","24","1015.9","24","009.1","24"," 14.2"," 7","  4.2","24","  8.0","999.9","  55.6","*","  33.4"," "," 0.00","G","999.9","000000"
"47636099999","2020-03-18","35.1666666","136.9666666","56.3","NAGOYA, JA","  53.2","23","  36.0","23","1015.6","23","008.8","23","  9.8"," 7","  4.2","23","  9.9","999.9","  63.0","*","  43.5","*"," 0.00","G","999.9","000000"
"47636099999","2020-03-19","35.1666666","136.9666666","56.3","NAGOYA, JA","  58.3","24","  47.3","24","1007.2","24","000.5","24","  8.4"," 7","  8.2","24"," 17.1","999.9","  68.9","*","  42.8"," "," 0.00","G","999.9","010000"
"47636099999","2020-03-20","35.1666666","136.9666666","56.3","NAGOYA, JA","  49.5","24","  32.1","24","1013.3","24","006.4","24"," 13.3"," 7","  7.9","24"," 17.1","999.9","  57.7","*","  42.3","*"," 0.04","G","999.9","000000"
"47636099999","2020-03-21","35.1666666","136.9666666","56.3","NAGOYA, JA","  56.2","24","  36.5","24","1013.7","24","007.0","24"," 11.5"," 7","  3.1","24","  7.0","999.9","  67.5"," ","  41.2"," "," 0.00","G","999.9","000000"
"47636099999","2020-03-22","35.1666666","136.9666666","56.3","NAGOYA, JA","  58.2","24","  41.1","24","1010.3","24","003.5","24"," 10.2"," 7","  6.9","24"," 14.0","999.9","  71.2"," ","  47.5","*"," 0.00","G","999.9","000000"
"47636099999","2020-03-23","35.1666666","136.9666666","56.3","NAGOYA, JA","  51.4","23","  24.9","23","1013.3","23","006.5","23"," 15.5"," 7"," 11.2","23"," 15.9","999.9","  64.6"," ","  42.8","*"," 0.00","G","999.9","000000"
"47636099999","2020-03-24","35.1666666","136.9666666","56.3","NAGOYA, JA","  45.9","24","  23.1","24","1019.9","24","012.9","24"," 17.8"," 7"," 10.7","24"," 18.1","999.9","  57.2"," ","  38.1","*"," 0.00","G","999.9","000000"
"47636099999","2020-03-25","35.1666666","136.9666666","56.3","NAGOYA, JA","  52.1","24","  28.2","24","1021.8","24","014.9","24"," 15.5"," 7","  4.8","24","  8.0","999.9","  63.3"," ","  37.9"," "," 0.00","G","999.9","000000"
"47636099999","2020-03-26","35.1666666","136.9666666","56.3","NAGOYA, JA","  60.4","24","  36.8","24","1020.6","24","013.8","24"," 14.6"," 7","  3.3","24","  6.0","999.9","  72.3"," ","  43.9"," "," 0.00","G","999.9","010000"
"47636099999","2020-03-27","35.1666666","136.9666666","56.3","NAGOYA, JA","  56.7","24","  55.9","24","1014.5","24","007.8","24","  4.0"," 7","  3.9","24","  8.0","999.9","  61.2","*","  51.1"," "," 0.08","G","999.9","010000"
"47636099999","2020-03-28","35.1666666","136.9666666","56.3","NAGOYA, JA","  53.5","24","  48.4","24","1012.9","24","006.1","24"," 10.4"," 7","  8.3","24"," 11.1","999.9","  63.9","*","  45.1","*"," 0.47","G","999.9","010000"
"47636099999","2020-03-29","35.1666666","136.9666666","56.3","NAGOYA, JA","  49.9","24","  40.1","24","1017.9","24","011.1","24"," 13.4"," 7","  6.1","24","  9.9","999.9","  57.9","*","  45.0"," "," 1.10","G","999.9","010000"
"47636099999","2020-03-30","35.1666666","136.9666666","56.3","NAGOYA, JA","  50.8","24","  46.2","24","1021.5","24","014.6","24","  6.9"," 7","  1.9","24","  4.1","999.9","  51.6","*","  46.8"," "," 0.04","G","999.9","010000"
"47636099999","2020-03-31","35.1666666","136.9666666","56.3","NAGOYA, JA","  54.4","23","  52.8","23","1016.8","23","010.0","23","  4.2"," 7","  3.3","23","  5.1","999.9","  56.1","*","  50.2"," "," 0.08","G","999.9","010000"
"47636099999","2020-04-01","35.1666666","136.9666666","56.3","NAGOYA, JA","  55.1","24","  49.3","24","1003.3","24","996.6","24","  9.1"," 7","  8.7","24"," 19.0","999.9","  61.7","*","  48.9","*"," 0.00","G","999.9","010000"
"47636099999","2020-04-02","35.1666666","136.9666666","56.3","NAGOYA, JA","  50.7","24","  34.4","24","1018.1","24","011.3","24"," 13.8"," 7","  9.9","24"," 18.1","999.9","  59.7","*","  41.5","*"," 0.87","G","999.9","000000"
"47636099999","2020-04-03","35.1666666","136.9666666","56.3","NAGOYA, JA","  55.1","24","  34.4","24","1019.7","24","012.9","24"," 14.6"," 7","  3.9","24","  7.0","999.9","  64.9","*","  41.5"," "," 0.00","G","999.9","000000"
"47636099999","2020-04-04","35.1666666","136.9666666","56.3","NAGOYA, JA","  57.8","23","  41.4","23","1013.8","23","007.0","23"," 10.2"," 7","  7.8","23"," 15.0","999.9","  70.5","*","  46.0"," "," 0.00","G","999.9","000000"
"47636099999","2020-04-05","35.1666666","136.9666666","56.3","NAGOYA, JA","  50.1","24","  28.6","24","1016.6","24","009.8","24"," 16.9"," 7"," 12.5","24"," 19.0","999.9","  56.1","*","  45.1","*"," 0.00","G","999.9","000000"
"47636099999","2020-04-06","35.1666666","136.9666666","56.3","NAGOYA, JA","  52.5","22","  30.5","22","1016.7","22","009.8","22"," 14.5"," 6","  9.4","22"," 14.0","999.9","  62.4","*","  42.8","*"," 0.00","G","999.9","000000"
"47636099999","2020-04-07","35.1666666","136.9666666","56.3","NAGOYA, JA","  56.0","24","  27.9","24","1013.5","24","006.8","24"," 14.6"," 7","  4.0","24","  7.0","999.9","  67.6","*","  41.9"," "," 0.00","G","999.9","000000"
"47636099999","2020-04-08","35.1666666","136.9666666","56.3","NAGOYA, JA","  59.4","23","  36.4","23","1015.0","23","008.3","23"," 12.0"," 7","  7.3","23"," 14.0","999.9","  70.2","*","  44.6"," "," 0.00","G","999.9","010000"
"47636099999","2020-04-09","35.1666666","136.9666666","56.3","NAGOYA, JA","  56.4","24","  26.0","24","1018.2","24","011.4","24"," 14.6"," 7","  8.9","24"," 14.0","999.9","  65.7","*","  47.1","*"," 0.00","G","999.9","000000"
"47636099999","2020-04-10","35.1666666","136.9666666","56.3","NAGOYA, JA","  50.8","24","  28.3","24","1020.2","24","013.3","24"," 18.2"," 7"," 11.6","24"," 18.1","999.9","  59.9","*","  42.6","*"," 0.00","G","999.9","000000"
"47636099999","2020-04-11","35.1666666","136.9666666","56.3","NAGOYA, JA","  54.1","23","  32.8","23","1016.5","23","009.7","23"," 16.4"," 7","  5.5","23","  9.9","999.9","  62.6","*","  42.1"," "," 0.00","G","999.9","000000"
"47636099999","2020-04-12","35.1666666","136.9666666","56.3","NAGOYA, JA","  52.0","24","  44.0","24","1003.4","24","996.7","24","  9.1"," 7","  6.1","24","  9.9","999.9","  58.3","*","  46.6"," "," 0.00","G","999.9","010000"
"47636099999","2020-04-13","35.1666666","136.9666666","56.3","NAGOYA, JA","  51.0","23","  45.2","23"," 995.8","23","989.2","23"," 10.5"," 7","  9.6","23"," 18.1","999.9","  54.5","*","  47.8","*"," 0.83","G","999.9","010000"
"47636099999","2020-04-14","35.1666666","136.9666666","56.3","NAGOYA, JA","  53.0","24","  31.8","24","1012.4","24","005.6","24"," 15.5"," 7","  9.9","24"," 17.1","999.9","  62.8","*","  42.8","*"," 0.59","G","999.9","000000"
"47636099999","2020-04-15","35.1666666","136.9666666","56.3","NAGOYA, JA","  60.2","24","  33.0","24","1013.3","24","006.6","24"," 11.5"," 7","  5.6","24"," 11.1","999.9","  71.4","*","  42.1"," "," 0.00","G","999.9","000000"
"47636099999","2020-04-16","35.1666666","136.9666666","56.3","NAGOYA, JA","  60.6","24","  42.7","24","1018.1","24","011.4","24","  8.9"," 7","  5.0","24","  9.9","999.9","  71.6","*","  49.8"," "," 0.00","G","999.9","000000"
"47636099999","2020-04-17","35.1666666","136.9666666","56.3","NAGOYA, JA","  59.5","24","  52.5","24","1018.6","24","011.8","24","  6.0"," 7","  7.1","24"," 13.0","999.9","  66.4","*","  53.2"," "," 0.00","G","999.9","010000"
"47636099999","2020-04-18","35.1666666","136.9666666","56.3","NAGOYA, JA","  57.6","24","  49.4","24","1009.4","24","002.7","24"," 12.7"," 7"," 10.1","24"," 15.9","999.9","  61.9","*","  54.7","*"," 0.98","G","999.9","010010"
"47636099999","2020-04-19","35.1666666","136.9666666","56.3","NAGOYA, JA","  62.0","24","  49.3","24","1012.7","24","006.1","24"," 15.4"," 7","  8.5","24"," 14.0","999.9","  68.5","*","  54.5"," "," 0.20","G","999.9","010000"
"47636099999","2020-04-20","35.1666666","136.9666666","56.3","NAGOYA, JA","  56.4","24","  53.5","24","1009.2","24","002.4","24"," 11.1"," 7","  4.3","24","  7.0","999.9","  61.2","*","  50.7","*"," 0.69","G","999.9","010000"
"47636099999","2020-04-21","35.1666666","136.9666666","56.3","NAGOYA, JA","  58.1","24","  46.2","24","1009.4","23","002.7","23"," 11.1"," 7","  4.9","24"," 13.0","999.9","  63.9","*","  50.0"," "," 0.18","G","999.9","000000"
"47636099999","2020-04-22","35.1666666","136.9666666","56.3","NAGOYA, JA","  49.6","23","  35.0","23","1010.9","23","004.1","23"," 16.0"," 7"," 10.7","23"," 19.0","999.9","  56.8","*","  43.3","*"," 0.00","G","999.9","010000"
"47636099999","2020-04-23","35.1666666","136.9666666","56.3","NAGOYA, JA","  50.9","24","  37.1","24","1011.9","24","005.0","24"," 13.3"," 7","  8.0","24"," 15.0","999.9","  61.2","*","  43.2"," "," 0.00","G","999.9","000000"
"47636099999","2020-04-24","35.1666666","136.9666666","56.3","NAGOYA, JA","  49.7","23","  38.9","23","1015.6","23","008.7","23"," 13.3"," 7","  5.7","23"," 15.9","999.9","  61.7","*","  41.2","*"," 0.00","G","999.9","010000"
"47636099999","2020-04-25","35.1666666","136.9666666","56.3","NAGOYA, JA","  57.8","24","  40.8","24","1017.8","24","011.1","24"," 11.1"," 7","  5.5","24"," 11.1","999.9","  65.3","*","  40.5"," "," 0.04","G","999.9","000000"
"47636099999","2020-04-26","35.1666666","136.9666666","56.3","NAGOYA, JA","  61.2","23","  46.7","23","1015.8","23","009.1","23","  9.3"," 7","  6.3","23"," 14.0","999.9","  69.6","*","  49.8"," "," 0.00","G","999.9","010000"
"47636099999","2020-04-27","35.1666666","136.9666666","56.3","NAGOYA, JA","  60.0","24","  35.7","24","1017.0","24","010.2","24"," 15.1"," 7","  7.8","24"," 13.0","999.9","  69.4","*","  50.9","*"," 0.00","G","999.9","000000"
"47636099999","2020-04-28","35.1666666","136.9666666","56.3","NAGOYA, JA","  57.4","23","  28.5","23","1018.8","23","012.0","23"," 16.0"," 7","  7.0","23"," 15.9","999.9","  67.5","*","  47.5","*"," 0.00","G","999.9","000000"
"47636099999","2020-04-29","35.1666666","136.9666666","56.3","NAGOYA, JA","  63.4","24","  39.3","24","1019.6","24","012.9","24"," 14.2"," 7","  3.7","24","  8.9","999.9","  73.8","*","  46.6"," "," 0.00","G","999.9","000000"
"47636099999","2020-04-30","35.1666666","136.9666666","56.3","NAGOYA, JA","  67.3","24","  50.6","24","1018.3","24","011.6","24"," 10.7"," 7","  5.7","24"," 11.1","999.9","  78.3","*","  52.9"," "," 0.00","G","999.9","000000"
"47636099999","2020-05-01","35.1666666","136.9666666","56.3","NAGOYA, JA","  69.5","24","  54.7","24","1015.1","24","008.5","24","  9.3"," 7","  4.2","24","  7.0","999.9","  79.7","*","  59.2"," "," 0.00","G","999.9","000000"
"47636099999","2020-05-02","35.1666666","136.9666666","56.3","NAGOYA, JA","  73.4","24","  56.6","24","1013.5","24","007.0","24","  6.2"," 7","  5.5","24","  8.9","999.9","  86.0","*","  60.4"," "," 0.00","G","999.9","000000"
"47636099999","2020-05-03","35.1666666","136.9666666","56.3","NAGOYA, JA","  65.9","23","  57.7","23","1013.0","23","006.4","23","  9.7"," 7","  6.8","23"," 11.1","999.9","  73.2","*","  58.1","*"," 0.00","G","999.9","010000"
"47636099999","2020-05-04","35.1666666","136.9666666","56.3","NAGOYA, JA","  69.7","24","  61.3","24","1007.8","24","001.2","24"," 12.9"," 7","  4.4","24","  7.0","999.9","  75.6","*","  57.9"," "," 0.16","G","999.9","010000"
"47636099999","2020-05-05","35.1666666","136.9666666","56.3","NAGOYA, JA","  73.3","24","  51.0","24","1009.9","24","003.4","24"," 14.2"," 7","  4.9","24","  8.0","999.9","  84.9"," ","  61.7","*"," 0.00","G","999.9","010000"
"47636099999","2020-05-06","35.1666666","136.9666666","56.3","NAGOYA, JA","  60.8","23","  54.6","23","1011.9","23","005.2","23","  9.8"," 7","  6.2","23"," 12.0","999.9","  65.3","*","  54.1","*"," 0.14","G","999.9","010010"
"47636099999","2020-05-07","35.1666666","136.9666666","56.3","NAGOYA, JA","  65.4","23","  42.9","23","1016.7","23","010.0","23"," 18.2"," 7","  7.0","23"," 15.9","999.9","  76.5","*","  53.8"," "," 0.30","G","999.9","000000"
"47636099999","2020-05-08","35.1666666","136.9666666","56.3","NAGOYA, JA","  65.6","24","  51.2","24","1021.0","24","014.3","24"," 13.8"," 7","  7.0","24"," 12.0","999.9","  72.7","*","  55.9"," "," 0.00","G","999.9","000000"
"47636099999","2020-05-09","35.1666666","136.9666666","56.3","NAGOYA, JA","  64.4","24","  56.2","24","1015.6","24","009.0","24"," 10.9"," 7","  5.6","24","  8.9","999.9","  68.4","*","  60.1"," "," 0.00","G","999.9","010000"
"47636099999","2020-05-10","35.1666666","136.9666666","56.3","NAGOYA, JA","  65.4","24","  63.7","24","1005.8","24","999.2","24","  5.7"," 7","  4.8","24"," 12.0","999.9","  70.5","*","  61.2"," "," 0.14","G","999.9","010000"
"47636099999","2020-05-11","35.1666666","136.9666666","56.3","NAGOYA, JA","  71.5","24","  48.0","24","1005.7","24","999.2","24"," 16.9"," 7","  7.4","24"," 15.0","999.9","  83.1","*","  59.4","*"," 0.14","G","999.9","000000"
"47636099999","2020-05-12","35.1666666","136.9666666","56.3","NAGOYA, JA","  71.3","23","  56.3","23","1005.7","23","999.2","23"," 11.1"," 7","  5.0","23","  9.9","999.9","  82.8","*","  59.0"," "," 0.00","G","999.9","000000"
"47636099999","2020-05-13","35.1666666","136.9666666","56.3","NAGOYA, JA","  65.7","24","  39.5","24","1013.9","24","007.3","24"," 15.1"," 7","  9.3","24"," 17.1","999.9","  76.1","*","  55.0","*"," 0.00","G","999.9","000000"
"47636099999","2020-05-14","35.1666666","136.9666666","56.3","NAGOYA, JA","  71.1","23","  44.5","23","1018.1","23","011.5","23"," 16.9"," 7","  5.7","23","  9.9","999.9","  81.9","*","  53.2"," "," 0.00","G","999.9","000000"
"47636099999","2020-05-15","35.1666666","136.9666666","56.3","NAGOYA, JA","  67.5","21","  56.1","21","1017.3","21","010.7","21"," 11.4"," 7","  6.1","21","  8.9","999.9","  75.6","*","  58.6","*"," 0.00","G","999.9","010000"
"47636099999","2020-05-16","35.1666666","136.9666666","56.3","NAGOYA, JA","  62.0","23","  61.4","23","1006.9","23","000.2","23","  6.4"," 7","  4.5","23","  7.0","999.9","  68.2","*","  58.3"," "," 1.06","G","999.9","010000"
"47636099999","2020-05-17","35.1666666","136.9666666","56.3","NAGOYA, JA","  71.2","20","  58.7","20","1005.0","20","998.5","20"," 16.4"," 7","  7.4","20"," 13.0","999.9","  79.2","*","  60.4"," "," 1.18","G","999.9","000000"
"47636099999","2020-05-18","35.1666666","136.9666666","56.3","NAGOYA, JA","  68.8","21","  63.6","21","1002.8","21","996.3","21","  7.1"," 7","  5.7","21"," 13.0","999.9","  77.0","*","  62.2"," "," 0.00","G","999.9","010000"
"47636099999","2020-05-19","35.1666666","136.9666666","56.3","NAGOYA, JA","  69.7","23","  60.2","23"," 999.5","23","993.1","23"," 12.0"," 7","  4.5","23"," 11.1","999.9","  82.0","*","  60.1","*"," 1.52","G","999.9","010000"
"47636099999","2020-05-20","35.1666666","136.9666666","56.3","NAGOYA, JA","  67.8","20","  51.5","20","1008.0","20","001.4","20"," 15.1"," 7","  7.2","20"," 11.1","999.9","  75.7","*","  59.5"," "," 0.04","G","999.9","000000"
"47636099999","2020-05-21","35.1666666","136.9666666","56.3","NAGOYA, JA","  65.8","23","  54.5","23","1014.9","23","008.2","23"," 17.3"," 7","  4.0","23","  8.9","999.9","  71.8","*","  60.8","*"," 0.00","G","999.9","000000"
"47636099999","2020-05-22","35.1666666","136.9666666","56.3","NAGOYA, JA","  69.0","22","  59.3","22","1014.7","22","008.1","22"," 11.1"," 7","  4.7","22"," 11.1","999.9","  77.9","*","  60.3"," "," 0.00","G","999.9","000000"
"47636099999","2020-05-23","35.1666666","136.9666666","56.3","NAGOYA, JA","  71.3"," 8","  60.9"," 8","1013.7"," 8","007.1"," 8"," 14.2"," 7","  5.3"," 8","  8.9","999.9","  79.3","*","  63.5"," "," 0.00","G","999.9","000000"
"47636099999","2020-05-24","35.1666666","136.9666666","56.3","NAGOYA, JA","  72.4"," 8","  59.1"," 8","1012.8"," 8","006.3"," 8"," 14.2"," 7","  6.7"," 8"," 11.1","999.9","  80.1","*","  65.1"," "," 0.00","G","999.9","000000"
"47636099999","2020-05-25","35.1666666","136.9666666","56.3","NAGOYA, JA","  74.6"," 8","  62.4"," 8","1009.6"," 8","003.1"," 8"," 12.4"," 7","  4.9"," 8","  8.9","999.9","  80.6","*","  64.8"," "," 0.00","G","999.9","010000"
"47636099999","2020-05-26","35.1666666","136.9666666","56.3","NAGOYA, JA","  69.6"," 8","  62.2"," 8","1007.3"," 8","000.7"," 8","  9.8"," 7","  3.5"," 8","  5.1","999.9","  76.8","*","  64.6","*"," 0.00","G","999.9","010000"
"47636099999","2020-05-27","35.1666666","136.9666666","56.3","NAGOYA, JA","  71.4"," 8","  54.2"," 8","1005.7"," 8","999.2"," 8"," 10.7"," 7","  7.8"," 8"," 14.0","999.9","  82.2","*","  63.0","*"," 0.33","G","999.9","000000"
"47636099999","2020-05-28","35.1666666","136.9666666","56.3","NAGOYA, JA","  70.8","18","  43.9","18","1009.0","18","002.5","18"," 14.2"," 7","  6.2","18"," 12.0","999.9","  82.9","*","  60.4","*"," 0.00","G","999.9","000000"
"47636099999","2020-05-29","35.1666666","136.9666666","56.3","NAGOYA, JA","  73.7","23","  50.1","23","1015.5","23","008.9","23"," 16.9"," 7","  4.4","23","  9.9","999.9","  83.8","*","  60.3"," "," 0.00","G","999.9","000000"
"47636099999","2020-05-30","35.1666666","136.9666666","56.3","NAGOYA, JA","  74.1","24","  57.5","24","1019.3","24","012.7","24"," 11.5"," 7","  5.9","24"," 11.1","999.9","  81.9","*","  63.9"," "," 0.00","G","999.9","000000"
"47636099999","2020-05-31","35.1666666","136.9666666","56.3","NAGOYA, JA","  66.6","22","  61.2","22","1016.1","22","009.5","22"," 10.7"," 7","  5.1","22","  8.9","999.9","  70.0","*","  65.1","*"," 0.14","G","999.9","010000"
"47636099999","2020-06-01","35.1666666","136.9666666","56.3","NAGOYA, JA","  72.5","23","  65.3","23","1009.7","23","003.2","23","  9.8"," 7","  4.0","23","  7.0","999.9","  76.8","*","  64.9"," "," 0.18","G","999.9","010000"
"47636099999","2020-06-02","35.1666666","136.9666666","56.3","NAGOYA, JA","  76.3","21","  63.8","21","1006.5","21","000.0","21"," 12.0"," 7","  4.2","21","  8.9","999.9","  84.4","*","  68.0"," "," 0.02","G","999.9","000000"
"47636099999","2020-06-03","35.1666666","136.9666666","56.3","NAGOYA, JA","  76.3","22","  58.6","22","1005.5","22","999.1","22"," 12.0"," 7","  3.8","22","  7.0","999.9","  84.6","*","  68.5"," "," 0.00","G","999.9","000000"
"47636099999","2020-06-04","35.1666666","136.9666666","56.3","NAGOYA, JA","  76.7","19","  63.4","19","1005.6","19","999.2","19","  9.8"," 7","  6.2","19"," 14.0","999.9","  85.5","*","  68.5"," "," 0.00","G","999.9","000000"
