"STATION","DATE","LATITUDE","LONGITUDE","ELEVATION","NAME","TEMP","TEMP_ATTRIBUTES","DEWP","DEWP_ATTRIBUTES","SLP","SLP_ATTRIBUTES","STP","STP_ATTRIBUTES","VISIB","VISIB_ATTRIBUTES","WDSP","WDSP_ATTRIBUTES","MXSPD","GUST","MAX","MAX_ATTRIBUTES","MIN","MIN_ATTRIBUTES","PRCP","PRCP_ATTRIBUTES","SNDP","FRSHTT"
"11813099999","2019-01-01","48.1666666","17.1166666","163.07","BRATISLAVA LOLIBA, LO","  38.3","24","  34.3","24","1023.3","24","987.9","24","999.9"," 0","  6.6","24"," 13.6","999.9","  43.0","*","  33.1"," "," 0.04","E","999.9","000000"
"11813099999","2019-01-02","48.1666666","17.1166666","163.07","BRATISLAVA LOLIBA, LO","  34.2","23","  27.4","23","1018.2","23","982.5","23"," 12.5","14","  9.1","23"," 13.6"," 29.1","  39.2","*","  28.4","*"," 0.05","G","999.9","011000"
"11813099999","2019-01-03","48.1666666","17.1166666","163.07","BRATISLAVA LOLIBA, LO","  27.4","23","  20.1","23","1027.5","23","991.0","23"," 11.1","13","  7.7","23"," 11.7"," 25.3","  30.2","*","  25.3","*"," 0.03","G","999.9","001000"
"11813099999","2019-01-04","48.1666666","17.1166666","163.07","BRATISLAVA LOLIBA, LO","  27.2","24","  21.5","24","1029.1","24","992.5","24"," 28.7"," 8","  5.9","24"," 11.7","999.9","  31.1","*","  22.3"," "," 0.11","G","  3.1","001000"
"11813099999","2019-01-05","48.1666666","17.1166666","163.07","BRATISLAVA LOLIBA, LO","  33.1","24","  32.1","24","1017.8","24","982.1","24","999.9"," 0","  7.6","24"," 11.7","999.9","  35.1","*","  28.4"," "," 0.00","G","999.9","000000"
"11813099999","2019-01-06","48.1666666","17.1166666","163.07","BRATISLAVA LOLIBA, LO","  32.7","24","  26.9","24","1022.5","24","986.6","24","999.9"," 0","  5.5","24","  7.8","999.9","  34.7","*","  30.7","*"," 0.02","E","999.9","000000"
"11813099999","2019-01-07","48.1666666","17.1166666","163.07","BRATISLAVA LOLIBA, LO","  27.5","24","  18.8","24","1029.3","24","992.7","24"," 22.1","16","  3.0","24","  5.8","999.9","  30.7","*","  24.6"," "," 0.00","G","  7.1","001000"
"11813099999","2019-01-08","48.1666666","17.1166666","163.07","BRATISLAVA LOLIBA, LO","  26.6","24","  24.9","24","1013.6","24","977.6","24","  1.1","15","  3.3","24","  7.8","999.9","  36.9","*","  23.9","*"," 0.05","G","  0.4","111000"
"11813099999","2019-01-09","48.1666666","17.1166666","163.07","BRATISLAVA LOLIBA, LO","  34.5","24","  31.1","24","1004.8","24","969.6","24"," 13.1","16","  6.6","24","  9.7"," 15.5","  37.6","*","  25.0"," "," 0.30","G","999.9","001000"
"11813099999","2019-01-10","48.1666666","17.1166666","163.07","BRATISLAVA LOLIBA, LO","  31.7","24","  28.0","24","1014.5","24","978.8","24","  6.4"," 9","  7.3","24"," 11.7"," 21.4","  34.9","*","  28.8"," "," 0.03","G","  7.9","001000"
"11813099999","2019-01-11","48.1666666","17.1166666","163.07","BRATISLAVA LOLIBA, LO","  29.5","24","  22.4","24","1020.5","24","984.4","24"," 13.4"," 9","  8.0","24"," 13.6"," 21.4","  32.2","*","  27.5","*"," 0.00","G","  7.1","001000"
"11813099999","2019-01-12","48.1666666","17.1166666","163.07","BRATISLAVA LOLIBA, LO","  35.1","24","  30.5","24","1015.2","24","979.7","24","999.9"," 0","  7.3","24","  9.7","999.9","  38.3","*","  27.7"," "," 0.00","G","999.9","000000"
"11813099999","2019-01-13","48.1666666","17.1166666","163.07","BRATISLAVA LOLIBA, LO","  38.6","24","  34.0","24","1004.1","24","969.3","24","999.9"," 0","  8.7","24"," 11.7","999.9","  43.2","*","  35.4"," "," 0.12","F","999.9","000000"
"11813099999","2019-01-14","48.1666666","17.1166666","163.07","BRATISLAVA LOLIBA, LO","  37.3","24","  28.1","24","1000.9","24","966.0","24"," 17.9","14"," 10.8","24"," 19.4"," 42.7","  41.9","*","  28.0","*"," 0.39","G","999.9","011000"
"11813099999","2019-01-15","48.1666666","17.1166666","163.07","BRATISLAVA LOLIBA, LO","  34.9","24","  25.1","24","1013.7","24","978.2","24"," 23.6","10"," 10.3","24"," 13.6"," 33.0","  38.3","*","  28.0"," "," 0.03","G","  2.8","001000"
"11813099999","2019-01-16","48.1666666","17.1166666","163.07","BRATISLAVA LOLIBA, LO","  39.9","24","  29.7","24","1013.7","24","978.5","24"," 27.5","13","  7.0","24"," 11.7"," 21.4","  43.2","*","  37.4"," "," 0.01","G","  1.2","000000"
"11813099999","2019-01-17","48.1666666","17.1166666","163.07","BRATISLAVA LOLIBA, LO","  37.8","24","  30.6","24","1009.6","24","974.5","24"," 10.0","11","  3.6","24","  7.8","999.9","  45.5","*","  31.5"," "," 1.18","G","999.9","000000"
"11813099999","2019-01-18","48.1666666","17.1166666","163.07","BRATISLAVA LOLIBA, LO","  36.2","24","  25.3","24","1016.4","24","981.0","24","999.9"," 0","  5.7","24","  7.8","999.9","  42.3","*","  28.0","*"," 0.79","G","999.9","000000"
"11813099999","2019-01-19","48.1666666","17.1166666","163.07","BRATISLAVA LOLIBA, LO","  28.3","24","  22.3","24","1021.2","24","985.0","24","999.9"," 0","  2.8","24","  3.9","999.9","  30.7","*","  22.8"," "," 0.00","G","999.9","000000"
"11813099999","2019-01-20","48.1666666","17.1166666","163.07","BRATISLAVA LOLIBA, LO","  29.9","24","  25.1","24","1017.9","24","982.0","24","999.9"," 0","  3.2","24","  9.7","999.9","  32.4","*","  28.4","*"," 0.00","I","999.9","000000"
"11813099999","2019-01-21","48.1666666","17.1166666","163.07","BRATISLAVA LOLIBA, LO","  26.3","24","  18.9","24","1021.9","24","985.5","24","  6.0","13","  2.3","24","  7.8","999.9","  34.2","*","  19.0","*"," 0.00","I","999.9","000000"
"11813099999","2019-01-22","48.1666666","17.1166666","163.07","BRATISLAVA LOLIBA, LO","  21.3","24","  19.3","24","1015.2","24","978.7","24","  0.8","11","  2.3","24","  5.8","999.9","  25.3","*","  15.6"," "," 0.00","I","999.9","100000"
"11813099999","2019-01-23","48.1666666","17.1166666","163.07","BRATISLAVA LOLIBA, LO","  23.5","24","  20.4","24","1004.0","24","968.0","24","  4.4","16","  2.1","24","  3.9","999.9","  26.2","*","  19.6"," "," 0.00","A","999.9","011000"
"11813099999","2019-01-24","48.1666666","17.1166666","163.07","BRATISLAVA LOLIBA, LO","  25.6","24","  20.1","24","1006.7","24","970.8","24","  4.5","11","  9.1","24"," 15.5"," 31.1","  28.0","*","  23.2","*"," 0.00","I","999.9","000000"
"11813099999","2019-01-25","48.1666666","17.1166666","163.07","BRATISLAVA LOLIBA, LO","  26.6","24","  18.2","24","1013.3","24","977.2","24","  6.2"," 9","  5.4","24","  7.8"," 19.4","  31.1","*","  23.0"," ","99.99"," ","999.9","001000"
"11813099999","2019-01-26","48.1666666","17.1166666","163.07","BRATISLAVA LOLIBA, LO","  27.9","24","  23.1","24","1010.0","24","974.2","24","999.9"," 0","  5.0","24","  9.7","999.9","  31.6","*","  22.5"," "," 0.24","E","999.9","000000"
"11813099999","2019-01-27","48.1666666","17.1166666","163.07","BRATISLAVA LOLIBA, LO","  30.0","24","  27.8","24","1001.3","24","966.0","24","999.9"," 0","  2.9","24","  3.9","999.9","  34.5","*","  25.9","*"," 0.08","E","999.9","000000"
"11813099999","2019-01-28","48.1666666","17.1166666","163.07","BRATISLAVA LOLIBA, LO","  32.4","24","  29.7","24"," 997.9","24","962.8","24","  7.3","15","  5.1","24","  9.7"," 21.4","  35.8","*","  28.9"," "," 0.22","G","  0.4","001000"
"11813099999","2019-01-29","48.1666666","17.1166666","163.07","BRATISLAVA LOLIBA, LO","  34.2","24","  24.8","24","1006.6","24","971.3","24"," 26.8","11","  5.4","24","  9.7"," 19.4","  39.6","*","  28.0","*"," 0.19","G","  5.1","000000"
"11813099999","2019-01-30","48.1666666","17.1166666","163.07","BRATISLAVA LOLIBA, LO","  27.7","24","  24.1","24","1004.0","24","968.3","24","  3.9","16","  3.4","24","  5.8","999.9","  30.4","*","  22.3","*"," 5.12","G","  4.7","101000"
"11813099999","2019-01-31","48.1666666","17.1166666","163.07","BRATISLAVA LOLIBA, LO","  28.9","24","  27.7","24","1004.5","24","968.9","24","  0.1","16","  3.0","24","  5.8","999.9","  30.4","*","  27.1","*"," 4.72","G","  4.7","101000"
"11813099999","2019-02-01","48.1666666","17.1166666","163.07","BRATISLAVA LOLIBA, LO","  33.2","24","  31.3","24","1002.3","24","967.1","24","  2.6"," 9","  5.3","24","  7.8"," 15.5","  36.9","*","  27.1"," "," 0.01","E","999.9","010000"
"11813099999","2019-02-02","48.1666666","17.1166666","163.07","BRATISLAVA LOLIBA, LO","  42.9","24","  40.0","24"," 999.9","24","965.6","24","999.9"," 0","  6.0","24","  9.7","999.9","  48.2","*","  33.8"," "," 0.00","I","999.9","000000"
"11813099999","2019-02-03","48.1666666","17.1166666","163.07","BRATISLAVA LOLIBA, LO","  39.7","24","  37.2","24","1006.8","24","972.0","24","999.9"," 0","  8.3","24"," 15.5","999.9","  45.0","*","  32.4","*"," 0.16","F","999.9","000000"
"11813099999","2019-02-04","48.1666666","17.1166666","163.07","BRATISLAVA LOLIBA, LO","  33.4","24","  27.5","24","1028.4","24","992.3","24"," 20.0","16","  6.8","24"," 15.5"," 23.3","  37.6","*","  29.5","*"," 0.16","A","  0.8","000000"
"11813099999","2019-02-05","48.1666666","17.1166666","163.07","BRATISLAVA LOLIBA, LO","  32.4","24","  25.1","24","1029.8","24","993.6","24"," 18.1"," 6","  3.0","24","  7.8","999.9","  39.6","*","  26.6"," "," 0.79","G","999.9","000000"
"11813099999","2019-02-06","48.1666666","17.1166666","163.07","BRATISLAVA LOLIBA, LO","  31.3","24","  24.6","24","1029.4","24","993.1","24","  9.6","16","  4.6","24","  9.7"," 17.5","  38.7","*","  24.1"," "," 0.00","G","999.9","000000"
"11813099999","2019-02-07","48.1666666","17.1166666","163.07","BRATISLAVA LOLIBA, LO","  30.8","24","  26.9","24","1022.6","24","986.5","24","  3.4","11","  3.6","24","  5.8","999.9","  40.5","*","  23.2"," ","99.99"," ","999.9","110000"
"11813099999","2019-02-08","48.1666666","17.1166666","163.07","BRATISLAVA LOLIBA, LO","  35.8","24","  31.1","24","1022.3","24","986.6","24","  5.0"," 9","  2.7","24","  5.8","999.9","  45.5","*","  30.2"," "," 0.00","G","999.9","011000"
"11813099999","2019-02-09","48.1666666","17.1166666","163.07","BRATISLAVA LOLIBA, LO","  34.2","24","  32.1","24","1019.1","24","983.4","24","999.9"," 0","  2.9","24","  5.8","999.9","  40.5","*","  29.8"," "," 0.00","G","999.9","000000"
"11813099999","2019-02-10","48.1666666","17.1166666","163.07","BRATISLAVA LOLIBA, LO","  34.9","24","  33.6","24","1011.6","24","976.2","24","999.9"," 0","  4.6","24"," 11.7","999.9","  41.9","*","  29.3","*"," 0.00","I","999.9","000000"
"11813099999","2019-02-11","48.1666666","17.1166666","163.07","BRATISLAVA LOLIBA, LO","  40.7","24","  31.5","24","1009.3","24","974.4","24"," 35.0","16","  8.7","24"," 11.7"," 23.3","  42.8","*","  36.9","*"," 0.12","G","999.9","000000"
"11813099999","2019-02-12","48.1666666","17.1166666","163.07","BRATISLAVA LOLIBA, LO","  35.5","24","  26.0","24","1025.7","24","989.8","24"," 14.1","11","  8.4","24"," 13.6"," 27.2","  38.7","*","  32.2","*"," 0.00","G","999.9","001000"
"11813099999","2019-02-13","48.1666666","17.1166666","163.07","BRATISLAVA LOLIBA, LO","  37.2","24","  30.2","24","1034.9","24","998.9","24"," 12.8"," 9","  5.7","24"," 11.7"," 19.4","  43.2","*","  31.3"," "," 0.01","G","999.9","011000"
"11813099999","2019-02-14","48.1666666","17.1166666","163.07","BRATISLAVA LOLIBA, LO","  42.2","24","  35.4","24","1035.4","24","999.7","24"," 22.0","11","  4.6","24","  7.8"," 15.5","  48.6","*","  36.9","*"," 0.01","G","999.9","000000"
"11813099999","2019-02-15","48.1666666","17.1166666","163.07","BRATISLAVA LOLIBA, LO","  41.3","24","  34.6","24","1034.4","24","998.7","24","999.9"," 0","  4.1","24","  9.7","999.9","  48.2","*","  34.7"," "," 0.00","G","999.9","000000"
"11813099999","2019-02-16","48.1666666","17.1166666","163.07","BRATISLAVA LOLIBA, LO","  42.4","24","  35.0","24","1031.2","24","995.7","24","999.9"," 0","  1.7","24","  3.9","999.9","  52.2","*","  34.5"," "," 0.00","I","999.9","000000"
"11813099999","2019-02-17","48.1666666","17.1166666","163.07","BRATISLAVA LOLIBA, LO","  43.1","24","  35.7","24","1027.8","24","992.5","24","999.9"," 0","  3.1","24","  5.8","999.9","  51.8","*","  35.4"," "," 0.00","I","999.9","000000"
"11813099999","2019-02-18","48.1666666","17.1166666","163.07","BRATISLAVA LOLIBA, LO","  43.9","24","  34.9","24","1023.8","24","988.6","24","  7.7","15","  3.1","24","  5.8","999.9","  52.2","*","  36.9"," "," 0.00","G","999.9","000000"
"11813099999","2019-02-19","48.1666666","17.1166666","163.07","BRATISLAVA LOLIBA, LO","  45.5","24","  32.0","24","1019.8","24","984.9","24","  7.8"," 8","  4.6","24","  7.8","999.9","  55.8","*","  36.1"," "," 0.00","G","999.9","000000"
"11813099999","2019-02-20","48.1666666","17.1166666","163.07","BRATISLAVA LOLIBA, LO","  43.9","24","  31.2","24","1023.9","24","988.7","24"," 14.4","16","  5.3","24","  7.8"," 15.5","  52.0","*","  38.7"," "," 0.00","G","999.9","000000"
"11813099999","2019-02-21","48.1666666","17.1166666","163.07","BRATISLAVA LOLIBA, LO","  46.0","24","  34.2","24","1026.2","24","991.1","24","  9.5","11","  5.0","24","  5.8"," 15.5","  54.9","*","  39.6"," "," 0.00","G","999.9","000000"
"11813099999","2019-02-22","48.1666666","17.1166666","163.07","BRATISLAVA LOLIBA, LO","  38.2","24","  29.0","24","1029.1","24","993.4","24"," 15.7"," 9","  8.7","24"," 17.5"," 31.1","  46.4","*","  26.2","*"," 0.39","G","  0.4","010000"
"11813099999","2019-02-23","48.1666666","17.1166666","163.07","BRATISLAVA LOLIBA, LO","  27.3","24","  10.9","24","1042.5","24","005.5","24","999.9"," 0","  5.5","24","  9.7","999.9","  34.7","*","  20.7"," "," 0.00","G","999.9","000000"
"11813099999","2019-02-24","48.1666666","17.1166666","163.07","BRATISLAVA LOLIBA, LO","  30.8","24","  14.5","24","1040.0","24","003.3","24","999.9"," 0","  5.2","24"," 11.7","999.9","  37.8","*","  22.6"," "," 0.00","I","999.9","000000"
"11813099999","2019-02-25","48.1666666","17.1166666","163.07","BRATISLAVA LOLIBA, LO","  45.3","24","  21.9","24","1034.7","24","999.2","24"," 16.4","14","  5.7","24"," 11.7"," 19.4","  52.9","*","  35.8"," "," 0.00","G","999.9","000000"
"11813099999","2019-02-26","48.1666666","17.1166666","163.07","BRATISLAVA LOLIBA, LO","  48.3","24","  29.3","24","1027.9","24","992.9","24"," 23.8","12","  8.3","24"," 15.5"," 27.2","  58.5","*","  40.5"," "," 0.00","G","999.9","000000"
"11813099999","2019-02-27","48.1666666","17.1166666","163.07","BRATISLAVA LOLIBA, LO","  46.0","24","  29.2","24","1026.2","24","991.0","24"," 17.2","15","  5.3","24","  9.7"," 17.5","  54.0","*","  36.9","*"," 0.00","G","999.9","000000"
"11813099999","2019-02-28","48.1666666","17.1166666","163.07","BRATISLAVA LOLIBA, LO","  55.0","24","  29.2","24","1012.3","24","978.3","24"," 23.8","15","  9.3","24"," 13.6"," 27.2","  64.8","*","  44.8"," "," 0.00","G","999.9","000000"
"11813099999","2019-03-01","48.1666666","17.1166666","163.07","BRATISLAVA LOLIBA, LO","  48.8","22","  39.0","22","1010.8","22","976.4","22","999.9"," 0","  6.7","22"," 11.7","999.9","  54.0","*","  44.6","*"," 0.06","G","999.9","010000"
"11813099999","2019-03-02","48.1666666","17.1166666","163.07","BRATISLAVA LOLIBA, LO","  39.7","24","  35.8","24","1016.7","24","981.5","24","999.9"," 0","  2.8","24","  3.9","999.9","  44.1","*","  37.6","*"," 0.00","G","999.9","000000"
"11813099999","2019-03-03","48.1666666","17.1166666","163.07","BRATISLAVA LOLIBA, LO","  46.1","24","  38.6","24","1015.1","24","980.5","24","999.9"," 0","  3.9","24"," 11.7","999.9","  56.7","*","  36.1"," "," 0.00","E","999.9","000000"
"11813099999","2019-03-04","48.1666666","17.1166666","163.07","BRATISLAVA LOLIBA, LO","  50.4","24","  35.2","24","1004.1","24","970.0","24"," 13.7","15","  6.2","24"," 17.5"," 31.1","  62.1","*","  41.2","*"," 0.00","G","999.9","000000"
"11813099999","2019-03-05","48.1666666","17.1166666","163.07","BRATISLAVA LOLIBA, LO","  47.4","24","  29.9","24","1009.9","24","975.4","24"," 42.7","11"," 10.5","24"," 15.5"," 29.1","  52.2","*","  41.4"," "," 0.00","G","999.9","000000"
"11813099999","2019-03-06","48.1666666","17.1166666","163.07","BRATISLAVA LOLIBA, LO","  46.5","24","  34.6","24","1015.0","24","980.3","24"," 34.9"," 9","  5.5","24"," 11.7","999.9","  56.3","*","  37.0"," "," 0.00","G","999.9","000000"
"11813099999","2019-03-07","48.1666666","17.1166666","163.07","BRATISLAVA LOLIBA, LO","  51.7","24","  37.7","24","1006.2","24","972.2","24"," 19.2","11","  7.6","24"," 17.5"," 35.0","  64.8","*","  42.8"," "," 0.00","G","999.9","000000"
"11813099999","2019-03-08","48.1666666","17.1166666","163.07","BRATISLAVA LOLIBA, LO","  50.4","24","  35.8","24","1015.6","24","981.2","24","999.9"," 0","  5.5","24","  9.7","999.9","  54.9","*","  46.4"," "," 0.00","G","999.9","010000"
"11813099999","2019-03-09","48.1666666","17.1166666","163.07","BRATISLAVA LOLIBA, LO","  47.9","24","  36.3","24","1017.3","24","982.6","24","999.9"," 0","  7.1","24"," 13.6","999.9","  55.4","*","  40.1"," "," 0.00","G","999.9","000000"
"11813099999","2019-03-10","48.1666666","17.1166666","163.07","BRATISLAVA LOLIBA, LO","  47.5","23","  40.0","23","1010.8","23","976.3","23","999.9"," 0","  7.3","23"," 19.4","999.9","  55.6","*","  40.3"," "," 0.35","F","999.9","000000"
"11813099999","2019-03-11","48.1666666","17.1166666","163.07","BRATISLAVA LOLIBA, LO","  42.5","24","  27.2","24","1015.0","24","980.0","24"," 31.1","15","  9.0","24"," 15.5"," 23.3","  50.0","*","  35.8","*"," 0.00","E","999.9","011000"
"11813099999","2019-03-12","48.1666666","17.1166666","163.07","BRATISLAVA LOLIBA, LO","  39.4","24","  28.0","24","1021.1","24","985.7","24"," 27.0","10","  5.1","24","  7.8"," 17.5","  48.6","*","  33.8"," "," 0.06","G","999.9","010000"
"11813099999","2019-03-13","48.1666666","17.1166666","163.07","BRATISLAVA LOLIBA, LO","  38.1","21","  30.4","21","1013.6","21","978.3","21"," 19.5","11","  5.1","21"," 11.7","999.9","  47.1"," ","  34.5"," "," 0.00","G","999.9","010000"
"11813099999","2019-03-14","48.1666666","17.1166666","163.07","BRATISLAVA LOLIBA, LO","  43.9","24","  31.3","24","1008.7","24","974.0","24"," 36.7","11","  8.3","24"," 13.6"," 23.3","  51.1","*","  34.0"," "," 0.02","G","999.9","010000"
"11813099999","2019-03-15","48.1666666","17.1166666","163.07","BRATISLAVA LOLIBA, LO","  45.4","24","  37.3","24","1006.4","24","972.0","24","999.9"," 0","  7.9","24"," 11.7"," 21.4","  51.8","*","  40.6"," "," 0.09","G","999.9","000000"
"11813099999","2019-03-16","48.1666666","17.1166666","163.07","BRATISLAVA LOLIBA, LO","  44.5","23","  41.2","23","1010.9","23","976.3","23","999.9"," 0","  6.0","23"," 15.5","999.9","  52.2","*","  41.0"," "," 0.00","G","999.9","000000"
"11813099999","2019-03-17","48.1666666","17.1166666","163.07","BRATISLAVA LOLIBA, LO","  49.6","24","  42.9","24","1007.6","24","973.4","24","999.9"," 0","  4.7","24"," 13.6","999.9","  65.7","*","  36.1"," "," 0.00","I","999.9","000000"
"11813099999","2019-03-18","48.1666666","17.1166666","163.07","BRATISLAVA LOLIBA, LO","  43.7","24","  32.6","24","1016.5","24","981.6","24"," 32.2","16","  8.0","24"," 17.5","999.9","  47.7","*","  38.7","*","99.99"," ","999.9","010000"
"11813099999","2019-03-19","48.1666666","17.1166666","163.07","BRATISLAVA LOLIBA, LO","  41.7","24","  27.5","24","1026.0","24","990.6","24"," 31.4","11","  5.0","24","  9.7","999.9","  48.6","*","  36.9"," "," 0.00","G","999.9","000000"
"11813099999","2019-03-20","48.1666666","17.1166666","163.07","BRATISLAVA LOLIBA, LO","  42.2","24","  24.0","24","1033.8","24","998.1","24"," 27.1","15","  6.4","24","  9.7","999.9","  48.6","*","  37.0"," "," 0.00","G","999.9","000000"
"11813099999","2019-03-21","48.1666666","17.1166666","163.07","BRATISLAVA LOLIBA, LO","  47.5","24","  25.7","24","1034.9","24","999.5","24"," 14.9","10","  4.8","24","  7.8","999.9","  58.5"," ","  36.9"," "," 0.00","G","999.9","000000"
"11813099999","2019-03-22","48.1666666","17.1166666","163.07","BRATISLAVA LOLIBA, LO","  54.4","24","  33.6","24","1031.1","24","996.4","24"," 12.7","10","  2.8","24","  5.8","999.9","  65.7","*","  42.8"," "," 0.00","G","999.9","000000"
"11813099999","2019-03-23","48.1666666","17.1166666","163.07","BRATISLAVA LOLIBA, LO","  56.1","24","  41.6","24","1026.7","24","992.3","24","  4.3"," 4","  2.2","24","  5.8","999.9","  67.1","*","  45.1"," "," 0.00","G","999.9","000000"
"11813099999","2019-03-24","48.1666666","17.1166666","163.07","BRATISLAVA LOLIBA, LO","  57.9","24","  42.3","24","1020.3","24","986.2","24","999.9"," 0","  3.9","24","  7.8","999.9","  68.4","*","  48.0"," "," 0.00","I","999.9","000000"
"11813099999","2019-03-25","48.1666666","17.1166666","163.07","BRATISLAVA LOLIBA, LO","  46.0","24","  34.2","24","1015.5","24","980.8","24"," 15.2","16","  6.2","24"," 13.6"," 42.7","  53.8","*","  39.4","*"," 0.00","G","999.9","010000"
"11813099999","2019-03-26","48.1666666","17.1166666","163.07","BRATISLAVA LOLIBA, LO","  43.5","24","  27.7","24","1023.7","24","988.5","24"," 24.3","11","  6.5","24","  9.7"," 19.4","  50.0","*","  36.0"," "," 0.00","G","999.9","000000"
"11813099999","2019-03-27","48.1666666","17.1166666","163.07","BRATISLAVA LOLIBA, LO","  44.1","24","  28.4","24","1029.0","24","993.7","24"," 23.9","16","  5.6","24","  7.8","999.9","  51.3","*","  39.7"," "," 0.00","G","999.9","000000"
"11813099999","2019-03-28","48.1666666","17.1166666","163.07","BRATISLAVA LOLIBA, LO","  47.4","24","  36.9","24","1031.4","24","996.2","24"," 13.8","11","  6.1","24","  9.7"," 19.4","  54.7","*","  39.4"," "," 0.00","G","999.9","000000"
"11813099999","2019-03-29","48.1666666","17.1166666","163.07","BRATISLAVA LOLIBA, LO","  50.1","24","  35.0","24","1031.3","24","996.3","24","999.9"," 0","  3.6","24","  5.8","999.9","  56.7","*","  40.5"," "," 0.00","G","999.9","100000"
"11813099999","2019-03-30","48.1666666","17.1166666","163.07","BRATISLAVA LOLIBA, LO","  54.3","24","  34.3","24","1024.5","24","990.1","24","999.9"," 0","  1.8","24","  3.9","999.9","  64.4","*","  43.5"," "," 0.00","I","999.9","000000"
"11813099999","2019-03-31","48.1666666","17.1166666","163.07","BRATISLAVA LOLIBA, LO","  57.3","24","  35.2","24","1018.9","24","984.8","24","999.9"," 0","  3.6","24","  7.8","999.9","  68.4","*","  43.7"," "," 0.00","I","999.9","000000"
"11813099999","2019-04-01","48.1666666","17.1166666","163.07","BRATISLAVA LOLIBA, LO","  53.0","24","  34.5","24","1019.9","24","985.5","24"," 12.9","17","  4.0","24","  7.8","999.9","  63.7","*","  40.5","*"," 0.00","G","999.9","000000"
"11813099999","2019-04-02","48.1666666","17.1166666","163.07","BRATISLAVA LOLIBA, LO","  52.6","24","  28.9","24","1016.6","24","982.2","24"," 19.9","10","  4.8","24","  9.7","999.9","  64.8","*","  39.4"," "," 0.00","G","999.9","000000"
"11813099999","2019-04-03","48.1666666","17.1166666","163.07","BRATISLAVA LOLIBA, LO","  53.3","24","  33.1","24","1009.2","24","975.1","24"," 11.6","16","  7.5","24"," 11.7"," 21.4","  60.8","*","  45.0","*"," 0.00","G","999.9","010010"
"11813099999","2019-04-04","48.1666666","17.1166666","163.07","BRATISLAVA LOLIBA, LO","  55.6","24","  39.3","24","1004.4","24","970.7","24"," 12.4"," 8","  5.5","24","  9.7"," 17.5","  63.7","*","  44.8"," "," 0.00","G","999.9","000000"
"11813099999","2019-04-05","48.1666666","17.1166666","163.07","BRATISLAVA LOLIBA, LO","  52.2","24","  40.6","24","1005.4","24","971.5","24","999.9"," 0","  5.3","24","  9.7","999.9","  61.2","*","  46.6"," "," 0.00","G","999.9","000000"
"11813099999","2019-04-06","48.1666666","17.1166666","163.07","BRATISLAVA LOLIBA, LO","  49.6","24","  42.0","24","1007.7","24","973.5","24","999.9"," 0","  3.2","24","  5.8","999.9","  58.1","*","  44.2"," "," 0.12","E","999.9","000000"
"11813099999","2019-04-07","48.1666666","17.1166666","163.07","BRATISLAVA LOLIBA, LO","  53.1","24","  44.0","24","1006.5","24","972.6","24","999.9"," 0","  3.8","24","  7.8","999.9","  64.6","*","  43.2"," "," 0.00","I","999.9","000000"
"11813099999","2019-04-08","48.1666666","17.1166666","163.07","BRATISLAVA LOLIBA, LO","  59.2","24","  42.1","24","1006.1","24","972.5","24"," 15.3","14","  4.9","24","  9.7"," 21.4","  70.0","*","  50.7"," "," 0.00","G","999.9","000000"
"11813099999","2019-04-09","48.1666666","17.1166666","163.07","BRATISLAVA LOLIBA, LO","  57.8","23","  39.6","23","1006.3","23","972.6","23","  8.9"," 8","  7.3","23"," 13.6"," 21.4","  68.9","*","  48.9"," "," 0.00","G","999.9","000000"
"11813099999","2019-04-10","48.1666666","17.1166666","163.07","BRATISLAVA LOLIBA, LO","  47.9","24","  42.6","24","1008.9","24","974.5","24","  3.1"," 8","  5.7","24"," 11.7"," 21.4","  52.0","*","  44.8"," "," 0.25","G","  0.4","010000"
"11813099999","2019-04-11","48.1666666","17.1166666","163.07","BRATISLAVA LOLIBA, LO","  42.6","24","  33.2","24","1013.9","24","978.9","24","  6.5"," 9","  9.6","24"," 11.7"," 21.4","  45.5","*","  39.6"," "," 0.15","G","999.9","010000"
"11813099999","2019-04-12","48.1666666","17.1166666","163.07","BRATISLAVA LOLIBA, LO","  42.5","24","  29.8","24","1017.3","24","982.2","24"," 10.7"," 8"," 10.5","24"," 13.6"," 23.3","  49.5","*","  37.6"," "," 0.04","G","999.9","000000"
"11813099999","2019-04-13","48.1666666","17.1166666","163.07","BRATISLAVA LOLIBA, LO","  39.2","24","  33.6","24","1018.2","24","982.9","24","999.9"," 0"," 10.1","24"," 13.6"," 25.3","  43.7","*","  36.3"," "," 0.00","G","999.9","000000"
"11813099999","2019-04-14","48.1666666","17.1166666","163.07","BRATISLAVA LOLIBA, LO","  45.7","24","  39.5","24","1017.5","24","982.6","24","999.9"," 0","  6.5","24","  9.7"," 17.5","  54.5","*","  36.7"," "," 0.01","G","999.9","000000"
"11813099999","2019-04-15","48.1666666","17.1166666","163.07","BRATISLAVA LOLIBA, LO","  51.2","24","  29.0","24","1021.1","24","986.4","24"," 15.8","11","  4.4","24","  9.7","999.9","  62.1","*","  41.5"," "," 0.04","G","999.9","000000"
"11813099999","2019-04-16","48.1666666","17.1166666","163.07","BRATISLAVA LOLIBA, LO","  51.0","24","  25.6","24","1021.0","24","986.4","24"," 19.6","10","  3.8","24","  5.8","999.9","  62.1","*","  39.0"," "," 0.00","G","999.9","000000"
"11813099999","2019-04-17","48.1666666","17.1166666","163.07","BRATISLAVA LOLIBA, LO","  53.5","24","  31.8","24","1022.6","24","988.1","24"," 15.2"," 9","  4.9","24","  9.7","999.9","  64.0","*","  43.5"," "," 0.00","G","999.9","000000"
"11813099999","2019-04-18","48.1666666","17.1166666","163.07","BRATISLAVA LOLIBA, LO","  57.4","24","  37.6","24","1027.8","24","993.4","24"," 15.9"," 8","  3.3","24","  5.8","999.9","  67.1","*","  45.0"," "," 0.00","G","999.9","000000"
"11813099999","2019-04-19","48.1666666","17.1166666","163.07","BRATISLAVA LOLIBA, LO","  61.9","24","  35.1","24","1028.9","24","994.7","24","999.9"," 0","  4.9","24","  7.8","999.9","  72.7","*","  51.1"," "," 0.00","I","999.9","000000"
"11813099999","2019-04-20","48.1666666","17.1166666","163.07","BRATISLAVA LOLIBA, LO","  61.4","24","  26.5","24","1027.4","24","993.2","24","999.9"," 0","  4.2","24","  7.8","999.9","  71.1","*","  51.3"," "," 0.00","I","999.9","000000"
"11813099999","2019-04-21","48.1666666","17.1166666","163.07","BRATISLAVA LOLIBA, LO","  61.5","24","  28.8","24","1020.7","24","986.7","24","999.9"," 0","  4.0","24","  7.8","999.9","  71.1","*","  53.2"," "," 0.00","I","999.9","000000"
"11813099999","2019-04-22","48.1666666","17.1166666","163.07","BRATISLAVA LOLIBA, LO","  58.9","24","  36.9","24","1013.6","24","979.7","24","999.9"," 0","  5.3","24"," 11.7"," 21.4","  69.8","*","  50.9","*"," 0.00","I","999.9","000000"
"11813099999","2019-04-23","48.1666666","17.1166666","163.07","BRATISLAVA LOLIBA, LO","  49.2","24","  44.6","23","1013.4","24","979.0","24"," 10.1"," 9","  7.6","24"," 11.7"," 23.3","  52.2","*","  47.3"," "," 0.00","G","999.9","010000"
"11813099999","2019-04-24","48.1666666","17.1166666","163.07","BRATISLAVA LOLIBA, LO","  59.2","24","  48.2","24","1012.9","24","979.1","24"," 11.7"," 8","  7.1","24"," 11.7"," 17.5","  70.2","*","  47.7","*"," 0.11","G","999.9","010000"
"11813099999","2019-04-25","48.1666666","17.1166666","163.07","BRATISLAVA LOLIBA, LO","  66.5","24","  47.6","24","1012.8","24","979.5","24"," 16.5","10","  5.3","24","  7.8"," 19.4","  78.3","*","  54.5"," "," 0.00","G","999.9","000000"
"11813099999","2019-04-26","48.1666666","17.1166666","163.07","BRATISLAVA LOLIBA, LO","  65.4","24","  46.6","24","1010.6","24","977.3","24"," 13.6"," 8","  9.1","24"," 15.5"," 27.2","  79.2","*","  49.1","*"," 0.00","G","999.9","000000"
"11813099999","2019-04-27","48.1666666","17.1166666","163.07","BRATISLAVA LOLIBA, LO","  53.5","24","  40.5","24","1014.0","24","979.8","24","999.9"," 0","  8.6","24"," 13.6"," 27.2","  59.2","*","  48.0"," "," 0.01","G","999.9","000000"
"11813099999","2019-04-28","48.1666666","17.1166666","163.07","BRATISLAVA LOLIBA, LO","  52.4","24","  35.5","24","1015.7","24","981.3","24","999.9"," 0","  7.8","24"," 15.5"," 27.2","  59.9","*","  47.3"," "," 0.00","G","999.9","000000"
"11813099999","2019-04-29","48.1666666","17.1166666","163.07","BRATISLAVA LOLIBA, LO","  46.4","24","  44.4","24","1014.2","24","979.5","24","  6.0","10","  9.4","24"," 13.6"," 23.3","  48.2","*","  44.6"," "," 0.08","G","999.9","010000"
"11813099999","2019-04-30","48.1666666","17.1166666","163.07","BRATISLAVA LOLIBA, LO","  49.2","24","  46.3","24","1010.9","24","976.5","24"," 10.7"," 9","  9.0","24"," 11.7"," 23.3","  55.4","*","  43.9"," "," 0.12","G","999.9","010000"
"11813099999","2019-05-01","48.1666666","17.1166666","163.07","BRATISLAVA LOLIBA, LO","  55.3","24","  40.7","24","1011.0","24","977.0","24","999.9"," 0","  7.5","24","  9.7"," 19.4","  65.7","*","  44.8"," "," 0.13","G","999.9","000000"
"11813099999","2019-05-02","48.1666666","17.1166666","163.07","BRATISLAVA LOLIBA, LO","  61.8","24","  40.9","24","1007.7","24","974.2","24"," 16.3"," 8","  5.7","24","  9.7"," 19.4","  71.6","*","  52.5"," "," 0.00","G","999.9","000000"
"11813099999","2019-05-03","48.1666666","17.1166666","163.07","BRATISLAVA LOLIBA, LO","  54.0","24","  47.0","24","1007.5","24","973.6","24","999.9"," 0","  6.2","24"," 11.7"," 21.4","  60.3","*","  50.2","*"," 0.09","G","999.9","000000"
"11813099999","2019-05-04","48.1666666","17.1166666","163.07","BRATISLAVA LOLIBA, LO","  50.9","24","  46.0","24","1006.2","24","972.1","24","999.9"," 0","  3.8","24"," 13.6"," 25.3","  56.3","*","  45.5","*"," 0.10","G","999.9","000000"
"11813099999","2019-05-05","48.1666666","17.1166666","163.07","BRATISLAVA LOLIBA, LO","  39.3","24","  37.4","24","1009.3","24","974.3","24","999.9"," 0"," 13.0","24"," 15.5"," 31.1","  43.9","*","  36.9"," "," 0.41","G","999.9","000000"
"11813099999","2019-05-06","48.1666666","17.1166666","163.07","BRATISLAVA LOLIBA, LO","  44.3","24","  32.8","24","1013.7","24","978.8","24"," 23.8"," 9","  9.0","24"," 13.6"," 25.3","  50.4","*","  38.1"," "," 0.48","G","999.9","000000"
"11813099999","2019-05-07","48.1666666","17.1166666","163.07","BRATISLAVA LOLIBA, LO","  47.1","24","  29.5","24","1018.2","24","983.4","24"," 27.6"," 9","  5.0","24","  7.8","999.9","  54.7","*","  37.8"," "," 0.00","G","999.9","000000"
"11813099999","2019-05-08","48.1666666","17.1166666","163.07","BRATISLAVA LOLIBA, LO","  53.5","24","  37.3","24","1012.3","24","978.2","24","999.9"," 0","  5.3","24","  9.7"," 17.5","  63.9","*","  40.1"," "," 0.00","I","999.9","000000"
"11813099999","2019-05-09","48.1666666","17.1166666","163.07","BRATISLAVA LOLIBA, LO","  51.0","24","  47.3","24","1004.6","24","970.6","24"," 11.5"," 9","  3.2","24","  7.8","999.9","  57.2","*","  47.7","*"," 0.02","G","999.9","010000"
"11813099999","2019-05-10","48.1666666","17.1166666","163.07","BRATISLAVA LOLIBA, LO","  56.8","24","  45.2","23","1009.9","24","976.0","24"," 34.7"," 6","  5.7","24","  9.7"," 19.4","  64.4","*","  47.5"," "," 0.33","G","999.9","010000"
"11813099999","2019-05-11","48.1666666","17.1166666","163.07","BRATISLAVA LOLIBA, LO","  57.6","24","  47.5","24","1012.7","24","978.9","24","999.9"," 0","  5.4","24"," 13.6"," 27.2","  69.1","*","  48.4","*"," 0.02","G","999.9","000000"
"11813099999","2019-05-12","48.1666666","17.1166666","163.07","BRATISLAVA LOLIBA, LO","  49.7","24","  47.5","23","1019.9","24","985.3","24","999.9"," 0"," 11.5","24"," 17.5"," 35.0","  55.6","*","  45.7","*"," 0.53","G","999.9","000000"
"11813099999","2019-05-13","48.1666666","17.1166666","163.07","BRATISLAVA LOLIBA, LO","  47.6","24","  36.8","24","1027.2","24","992.2","24","999.9"," 0"," 11.7","24"," 15.5"," 29.1","  53.6","*","  43.7"," "," 0.10","G","999.9","000000"
"11813099999","2019-05-14","48.1666666","17.1166666","163.07","BRATISLAVA LOLIBA, LO","  43.3","23","  36.4","23","1023.5","23","988.2","23"," 15.9"," 9","  9.5","23"," 11.7"," 25.3","  47.3","*","  41.9"," "," 0.00","G","999.9","010000"
"11813099999","2019-05-15","48.1666666","17.1166666","163.07","BRATISLAVA LOLIBA, LO","  43.8","23","  41.8","21","1016.1","23","981.2","23","999.9"," 0"," 10.4","23"," 11.7"," 21.4","  45.9","*","  41.7"," "," 0.15","G","999.9","000000"
"11813099999","2019-05-16","48.1666666","17.1166666","163.07","BRATISLAVA LOLIBA, LO","  47.0","24","  45.5","23","1014.4","24","979.8","24","  5.7"," 9","  4.9","24","  9.7"," 15.5","  53.8","*","  41.7"," "," 0.43","G","999.9","010000"
"11813099999","2019-05-17","48.1666666","17.1166666","163.07","BRATISLAVA LOLIBA, LO","  50.6","24","  45.7","23","1012.7","24","978.3","24"," 10.8"," 8","  3.2","24","  5.8","999.9","  56.3","*","  43.3"," "," 0.01","G","999.9","100000"
"11813099999","2019-05-18","48.1666666","17.1166666","163.07","BRATISLAVA LOLIBA, LO","  58.2","24","  48.6","24","1009.7","24","975.9","24","999.9"," 0","  3.3","24","  5.8","999.9","  68.9","*","  45.3"," "," 0.00","G","999.9","000000"
"11813099999","2019-05-19","48.1666666","17.1166666","163.07","BRATISLAVA LOLIBA, LO","  61.2","24","  52.3","24","1005.2","24","971.8","24","999.9"," 0","  3.5","24","  5.8","999.9","  68.9","*","  54.1"," "," 0.00","I","999.9","000000"
"11813099999","2019-05-20","48.1666666","17.1166666","163.07","BRATISLAVA LOLIBA, LO","  58.8","24","  53.5","24","1003.4","24","969.9","24"," 12.5","10","  4.5","24","  9.7","999.9","  67.3","*","  52.2","*"," 0.31","G","  0.4","010000"
"11813099999","2019-05-21","48.1666666","17.1166666","163.07","BRATISLAVA LOLIBA, LO","  56.2","24","  49.8","24","1006.1","24","972.4","24"," 18.3"," 9","  6.1","24"," 11.7"," 21.4","  65.3","*","  47.8"," "," 0.11","G","999.9","010000"
"11813099999","2019-05-22","48.1666666","17.1166666","163.07","BRATISLAVA LOLIBA, LO","  54.8","22","  53.6","19","1009.7","22","975.8","22","  6.2"," 9"," 10.0","22"," 15.5"," 31.1","  56.5","*","  53.4"," "," 0.18","G","999.9","010000"
"11813099999","2019-05-23","48.1666666","17.1166666","163.07","BRATISLAVA LOLIBA, LO","  53.5","23","  47.0","22","1015.6","23","981.4","23"," 26.4"," 8","  8.3","23"," 13.6"," 23.3","  58.1","*","  51.1"," "," 1.11","G","  0.4","010000"
"11813099999","2019-05-24","48.1666666","17.1166666","163.07","BRATISLAVA LOLIBA, LO","  61.3","24","  44.0","24","1013.7","24","980.0","24"," 33.4"," 8","  4.8","24","  7.8"," 15.5","  69.8","*","  51.6"," "," 0.00","G","999.9","000000"
"11813099999","2019-05-25","48.1666666","17.1166666","163.07","BRATISLAVA LOLIBA, LO","  65.9","24","  47.6","24","1013.3","24","980.0","24","999.9"," 0","  3.2","24","  5.8","999.9","  76.1","*","  54.3"," "," 0.00","G","999.9","000000"
"11813099999","2019-05-26","48.1666666","17.1166666","163.07","BRATISLAVA LOLIBA, LO","  67.9","24","  53.7","24","1013.8","24","980.6","24","999.9"," 0","  3.5","24","  5.8","999.9","  77.0","*","  59.9"," "," 0.02","G","999.9","000000"
"11813099999","2019-05-27","48.1666666","17.1166666","163.07","BRATISLAVA LOLIBA, LO","  62.6","24","  57.3","23","1010.9","24","977.5","24","  8.8","10","  3.5","24","  5.8","999.9","  68.9","*","  58.1","*"," 0.00","G","999.9","010000"
"11813099999","2019-05-28","48.1666666","17.1166666","163.07","BRATISLAVA LOLIBA, LO","  59.0","24","  59.0","22","1005.4","24","972.0","24","  2.1"," 9","  3.6","24","  5.8","999.9","  61.7","*","  55.8","*"," 0.28","G","999.9","110010"
"11813099999","2019-05-29","48.1666666","17.1166666","163.07","BRATISLAVA LOLIBA, LO","  54.7","24","  50.1","23","1013.6","24","979.5","24"," 13.8"," 9","  9.8","24"," 13.6"," 25.3","  57.2","*","  50.4","*"," 0.47","G","999.9","010000"
"11813099999","2019-05-30","48.1666666","17.1166666","163.07","BRATISLAVA LOLIBA, LO","  49.8","24","  47.9","24","1022.5","24","987.8","24","  5.6"," 9","  7.8","24"," 11.7"," 23.3","  51.1","*","  48.2"," "," 0.70","G","  0.8","010000"
"11813099999","2019-05-31","48.1666666","17.1166666","163.07","BRATISLAVA LOLIBA, LO","  61.7","24","  46.9","24","1022.9","24","988.9","24","999.9"," 0","  7.0","24","  9.7"," 19.4","  72.0","*","  49.6"," "," 0.52","G","999.9","000000"
"11813099999","2019-06-01","48.1666666","17.1166666","163.07","BRATISLAVA LOLIBA, LO","  69.8","24","  52.2","24","1019.9","24","986.6","24","999.9"," 0","  6.9","24","  9.7"," 19.4","  78.8","*","  60.4"," "," 0.00","G","999.9","000000"
"11813099999","2019-06-02","48.1666666","17.1166666","163.07","BRATISLAVA LOLIBA, LO","  71.4","24","  56.1","24","1017.9","24","984.7","24","999.9"," 0","  3.1","24","  5.8","999.9","  80.1","*","  63.1"," "," 0.00","I","999.9","000000"
"11813099999","2019-06-03","48.1666666","17.1166666","163.07","BRATISLAVA LOLIBA, LO","  72.7","24","  53.1","24","1015.5","24","982.5","24"," 31.4","10","  3.3","24","  5.8","999.9","  82.8","*","  60.8"," "," 0.00","G","999.9","000000"
"11813099999","2019-06-04","48.1666666","17.1166666","163.07","BRATISLAVA LOLIBA, LO","  72.8","24","  57.8","24","1012.3","24","979.5","24"," 32.8"," 9","  2.9","24","  3.9","999.9","  81.0","*","  63.0"," "," 0.00","G","999.9","000000"
"11813099999","2019-06-05","48.1666666","17.1166666","163.07","BRATISLAVA LOLIBA, LO","  71.8","24","  59.3","24","1009.5","24","976.7","24"," 20.7"," 6","  4.0","24","  7.8"," 17.5","  82.8","*","  63.9"," "," 0.00","G","999.9","000000"
"11813099999","2019-06-06","48.1666666","17.1166666","163.07","BRATISLAVA LOLIBA, LO","  66.8","24","  61.9","23","1010.8","24","977.7","24","  9.1"," 9","  4.0","24","  7.8","999.9","  74.5","*","  60.1"," "," 0.00","G","999.9","100000"
"11813099999","2019-06-07","48.1666666","17.1166666","163.07","BRATISLAVA LOLIBA, LO","  69.3","24","  61.3","24","1013.9","24","980.8","24","999.9"," 0","  4.4","24","  9.7"," 19.4","  79.0","*","  60.1"," "," 0.03","G","999.9","000000"
"11813099999","2019-06-08","48.1666666","17.1166666","163.07","BRATISLAVA LOLIBA, LO","  68.6","24","  52.0","24","1019.5","24","986.1","24","999.9"," 0","  8.2","24"," 13.6"," 29.1","  75.2","*","  61.2"," "," 0.00","G","999.9","000000"
"11813099999","2019-06-09","48.1666666","17.1166666","163.07","BRATISLAVA LOLIBA, LO","  73.2","24","  54.8","24","1021.4","24","988.3","24","999.9"," 0","  4.0","24","  9.7"," 19.4","  82.4","*","  61.9"," "," 0.00","G","999.9","000000"
"11813099999","2019-06-10","48.1666666","17.1166666","163.07","BRATISLAVA LOLIBA, LO","  76.2","24","  63.1","24","1014.8","24","982.1","24"," 15.1","10","  4.0","24","  5.8"," 15.5","  85.3","*","  64.6"," "," 0.00","G","999.9","000000"
"11813099999","2019-06-11","48.1666666","17.1166666","163.07","BRATISLAVA LOLIBA, LO","  78.4","24","  63.4","24","1011.7","24","979.2","24"," 16.9"," 9","  4.6","24","  7.8","999.9","  88.0","*","  67.5"," "," 0.00","G","999.9","000000"
"11813099999","2019-06-12","48.1666666","17.1166666","163.07","BRATISLAVA LOLIBA, LO","  77.5","24","  63.2","24","1011.3","24","978.8","24"," 14.0"," 4","  4.7","24","  7.8","999.9","  86.4","*","  66.7"," "," 0.00","G","999.9","000000"
"11813099999","2019-06-13","48.1666666","17.1166666","163.07","BRATISLAVA LOLIBA, LO","  78.7","24","  64.0","24","1011.7","24","979.3","24"," 15.5","10","  3.6","24","  5.8","999.9","  88.9","*","  68.7"," "," 0.00","G","999.9","000000"
"11813099999","2019-06-14","48.1666666","17.1166666","163.07","BRATISLAVA LOLIBA, LO","  78.4","24","  62.0","24","1015.8","24","983.2","24"," 10.9"," 8","  3.6","24","  7.8","999.9","  89.6","*","  66.2"," "," 0.00","G","999.9","000000"
"11813099999","2019-06-15","48.1666666","17.1166666","163.07","BRATISLAVA LOLIBA, LO","  79.3","24","  65.0","24","1012.7","24","980.3","24","999.9"," 0","  4.7","24","  9.7","999.9","  89.6","*","  68.2"," "," 0.00","I","999.9","000000"
"11813099999","2019-06-16","48.1666666","17.1166666","163.07","BRATISLAVA LOLIBA, LO","  72.1","24","  61.0","24","1014.8","24","981.9","24","999.9"," 0","  9.1","24"," 11.7"," 23.3","  78.8","*","  65.3","*"," 0.00","I","999.9","000000"
"11813099999","2019-06-17","48.1666666","17.1166666","163.07","BRATISLAVA LOLIBA, LO","  70.7","24","  58.4","24","1018.0","24","984.9","24"," 19.0","10","  5.5","24"," 11.7"," 21.4","  78.3","*","  62.1"," "," 0.00","G","999.9","010000"
"11813099999","2019-06-18","48.1666666","17.1166666","163.07","BRATISLAVA LOLIBA, LO","  73.8","24","  56.0","24","1015.8","24","982.9","24"," 33.8"," 9","  3.2","24","  5.8","999.9","  83.5","*","  63.7"," "," 0.00","G","999.9","000000"
"11813099999","2019-06-19","48.1666666","17.1166666","163.07","BRATISLAVA LOLIBA, LO","  73.2","24","  63.0","24","1012.1","24","979.4","24"," 13.0"," 8","  3.3","24","  5.8","999.9","  83.7","*","  66.0"," "," 0.00","G","999.9","000010"
"11813099999","2019-06-20","48.1666666","17.1166666","163.07","BRATISLAVA LOLIBA, LO","  71.9","24","  61.7","24","1011.8","24","979.0","24"," 13.0","10","  3.4","24"," 13.6"," 23.3","  83.3","*","  63.9","*"," 0.00","G","999.9","000000"
"11813099999","2019-06-21","48.1666666","17.1166666","163.07","BRATISLAVA LOLIBA, LO","  72.7","24","  58.0","24","1015.2","24","982.3","24","999.9"," 0","  6.5","24"," 11.7"," 25.3","  83.3","*","  63.0"," "," 0.01","G","999.9","000000"
"11813099999","2019-06-22","48.1666666","17.1166666","163.07","BRATISLAVA LOLIBA, LO","  70.3","24","  61.0","24","1016.5","24","983.4","24","999.9"," 0","  2.8","24","  7.8","999.9","  81.0","*","  64.8","*"," 0.00","G","999.9","000000"
"11813099999","2019-06-23","48.1666666","17.1166666","163.07","BRATISLAVA LOLIBA, LO","  68.5","24","  64.1","23","1016.1","24","982.9","24","999.9"," 0","  3.6","24","  7.8","999.9","  74.3","*","  63.7"," "," 0.42","G","999.9","000000"
"11813099999","2019-06-24","48.1666666","17.1166666","163.07","BRATISLAVA LOLIBA, LO","  74.7","23","  60.5","23","1019.6","23","986.7","23"," 30.4","10","  4.1","23","  5.8","999.9","  85.1","*","  63.1"," "," 0.11","G","999.9","000000"
"11813099999","2019-06-25","48.1666666","17.1166666","163.07","BRATISLAVA LOLIBA, LO","  78.8","24","  64.2","24","1022.8","24","990.0","24"," 17.3"," 9","  3.6","24","  5.8","999.9","  88.7","*","  68.2"," "," 0.00","G","999.9","000000"
"11813099999","2019-06-26","48.1666666","17.1166666","163.07","BRATISLAVA LOLIBA, LO","  82.0","24","  66.3","24","1021.8","24","989.3","24"," 15.1"," 7","  4.1","24","  7.8","999.9","  93.2","*","  70.0"," "," 0.00","G","999.9","000000"
"11813099999","2019-06-27","48.1666666","17.1166666","163.07","BRATISLAVA LOLIBA, LO","  81.1","24","  57.0","24","1017.1","24","984.6","24","999.9"," 0","  6.5","24","  9.7"," 19.4","  90.7","*","  68.9","*"," 0.00","I","999.9","000000"
"11813099999","2019-06-28","48.1666666","17.1166666","163.07","BRATISLAVA LOLIBA, LO","  71.2","24","  47.3","24","1020.1","24","986.8","24"," 33.0"," 8","  6.3","24","  7.8"," 17.5","  78.8","*","  63.7"," "," 0.00","G","999.9","000000"
"11813099999","2019-06-29","48.1666666","17.1166666","163.07","BRATISLAVA LOLIBA, LO","  73.2","24","  48.8","24","1020.8","24","987.7","24","999.9"," 0","  2.8","24","  3.9","999.9","  82.6","*","  61.3"," "," 0.00","I","999.9","000000"
"11813099999","2019-06-30","48.1666666","17.1166666","163.07","BRATISLAVA LOLIBA, LO","  77.8","24","  55.0","24","1017.9","24","985.1","24","999.9"," 0","  4.5","24","  7.8","999.9","  90.9","*","  64.4"," "," 0.00","A","999.9","000000"
"11813099999","2019-07-01","48.1666666","17.1166666","163.07","BRATISLAVA LOLIBA, LO","  77.5","24","  61.7","24","1014.7","24","982.1","24","999.9"," 0","  4.9","24"," 13.6"," 23.3","  95.4","*","  65.1"," "," 0.00","I","999.9","000000"
"11813099999","2019-07-02","48.1666666","17.1166666","163.07","BRATISLAVA LOLIBA, LO","  72.4","24","  59.3","24","1015.9","24","982.9","24","999.9"," 0","  5.0","24","  7.8"," 17.5","  79.2","*","  67.1"," "," 0.16","G","999.9","000000"
"11813099999","2019-07-03","48.1666666","17.1166666","163.07","BRATISLAVA LOLIBA, LO","  69.8","24","  48.1","24","1018.7","24","985.4","24","999.9"," 0","  4.3","24","  7.8","999.9","  78.8","*","  59.4"," "," 0.00","G","999.9","000000"
"11813099999","2019-07-04","48.1666666","17.1166666","163.07","BRATISLAVA LOLIBA, LO","  70.5","24","  44.6","24","1019.7","24","986.4","24"," 40.8"," 8","  3.1","24","  5.8","999.9","  79.9","*","  57.9"," "," 0.00","G","999.9","000000"
"11813099999","2019-07-05","48.1666666","17.1166666","163.07","BRATISLAVA LOLIBA, LO","  72.6","23","  47.0","23","1014.5","23","981.5","23","999.9"," 0","  4.7","23","  9.7"," 17.5","  83.7","*","  61.2","*"," 0.00","I","999.9","000000"
"11813099999","2019-07-06","48.1666666","17.1166666","163.07","BRATISLAVA LOLIBA, LO","  79.3","24","  49.4","24","1009.8","24","977.4","24","999.9"," 0","  5.8","24"," 11.7"," 25.3","  91.4","*","  65.8"," "," 0.00","I","999.9","000000"
"11813099999","2019-07-07","48.1666666","17.1166666","163.07","BRATISLAVA LOLIBA, LO","  72.8","24","  55.1","24","1008.0","24","975.3","24","999.9"," 0","  7.1","24"," 13.6"," 27.2","  83.7","*","  62.1","*"," 0.00","G","999.9","000000"
"11813099999","2019-07-08","48.1666666","17.1166666","163.07","BRATISLAVA LOLIBA, LO","  66.1","24","  43.4","24","1014.1","24","980.7","24"," 30.6"," 6","  5.3","24","  7.8"," 17.5","  74.7","*","  56.7"," "," 0.02","G","999.9","010000"
"11813099999","2019-07-09","48.1666666","17.1166666","163.07","BRATISLAVA LOLIBA, LO","  64.8","24","  39.6","24","1015.1","24","981.6","24"," 36.5"," 8","  5.4","24","  9.7"," 15.5","  73.8","*","  57.4"," "," 0.00","G","999.9","000000"
"11813099999","2019-07-10","48.1666666","17.1166666","163.07","BRATISLAVA LOLIBA, LO","  62.4","24","  41.4","24","1015.8","24","982.1","24"," 36.4","10","  5.3","24","  7.8","999.9","  71.8","*","  52.9"," "," 0.00","G","999.9","000000"
"11813099999","2019-07-11","48.1666666","17.1166666","163.07","BRATISLAVA LOLIBA, LO","  68.0","24","  43.0","24","1012.8","24","979.6","24"," 36.2"," 9","  5.7","24","  9.7","999.9","  77.4","*","  59.2"," "," 0.00","G","999.9","000000"
"11813099999","2019-07-12","48.1666666","17.1166666","163.07","BRATISLAVA LOLIBA, LO","  63.7","24","  56.8","24","1012.0","24","978.6","24","999.9"," 0","  4.0","24","  7.8","999.9","  71.1","*","  59.9","*"," 0.28","E","999.9","000000"
"11813099999","2019-07-13","48.1666666","17.1166666","163.07","BRATISLAVA LOLIBA, LO","  61.0","24","  57.2","24","1010.8","24","977.3","24","999.9"," 0","  5.8","24","  9.7"," 19.4","  66.2","*","  57.2"," "," 0.19","F","999.9","000000"
"11813099999","2019-07-14","48.1666666","17.1166666","163.07","BRATISLAVA LOLIBA, LO","  64.3","24","  55.7","24","1012.4","24","979.0","24","999.9"," 0","  6.0","24","  9.7"," 19.4","  74.3","*","  58.5"," "," 0.00","E","999.9","000000"
"11813099999","2019-07-15","48.1666666","17.1166666","163.07","BRATISLAVA LOLIBA, LO","  67.3","24","  49.1","24","1013.3","24","980.0","24"," 30.4","10","  6.5","24","  9.7"," 17.5","  77.0","*","  57.7"," "," 0.00","G","999.9","100000"
"11813099999","2019-07-16","48.1666666","17.1166666","163.07","BRATISLAVA LOLIBA, LO","  69.7","24","  50.7","24","1012.9","24","979.8","24"," 28.7"," 9","  5.9","24","  7.8","999.9","  79.9","*","  60.8","*"," 0.00","G","999.9","000000"
"11813099999","2019-07-17","48.1666666","17.1166666","163.07","BRATISLAVA LOLIBA, LO","  68.6","24","  50.0","24","1012.7","24","979.5","24"," 29.9"," 8","  4.5","24","  7.8","999.9","  79.9","*","  55.4"," "," 0.00","G","999.9","000000"
"11813099999","2019-07-18","48.1666666","17.1166666","163.07","BRATISLAVA LOLIBA, LO","  71.3","24","  52.3","24","1012.2","24","979.2","24"," 19.3"," 9","  3.0","24","  5.8","999.9","  81.5","*","  60.8"," "," 0.00","G","999.9","000000"
"11813099999","2019-07-19","48.1666666","17.1166666","163.07","BRATISLAVA LOLIBA, LO","  72.2","24","  55.7","24","1014.9","24","981.9","24"," 13.6"," 8","  3.6","24","  5.8","999.9","  88.0","*","  59.7"," "," 0.00","G","999.9","000000"
"11813099999","2019-07-20","48.1666666","17.1166666","163.07","BRATISLAVA LOLIBA, LO","  77.7","24","  57.0","24","1015.3","24","982.6","24","999.9"," 0","  4.0","24","  7.8","999.9","  92.3","*","  64.8"," "," 0.04","G","999.9","000000"
"11813099999","2019-07-21","48.1666666","17.1166666","163.07","BRATISLAVA LOLIBA, LO","  73.5","24","  59.5","24","1018.5","24","985.5","24","999.9"," 0","  4.8","24"," 13.6"," 23.3","  81.0","*","  66.2","*"," 0.00","G","999.9","000000"
"11813099999","2019-07-22","48.1666666","17.1166666","163.07","BRATISLAVA LOLIBA, LO","  75.9","24","  56.4","24","1021.5","24","988.6","24"," 29.7"," 9","  3.5","24","  7.8"," 13.6","  85.5","*","  62.1"," "," 0.00","G","999.9","000000"
"11813099999","2019-07-23","48.1666666","17.1166666","163.07","BRATISLAVA LOLIBA, LO","  78.4","23","  56.4","23","1018.9","23","986.1","23"," 27.6"," 8","  4.8","23","  7.8"," 17.5","  90.0","*","  70.7"," "," 0.00","G","999.9","000000"
"11813099999","2019-07-24","48.1666666","17.1166666","163.07","BRATISLAVA LOLIBA, LO","  79.0","24","  56.9","24","1017.2","24","984.5","24"," 31.8"," 9","  3.6","24","  5.8","999.9","  90.0","*","  66.9"," "," 0.00","G","999.9","000000"
"11813099999","2019-07-25","48.1666666","17.1166666","163.07","BRATISLAVA LOLIBA, LO","  81.3","24","  55.7","24","1016.1","24","983.6","24"," 32.1"," 9","  3.4","24","  5.8","999.9","  93.4","*","  68.9"," "," 0.00","G","999.9","000000"
"11813099999","2019-07-26","48.1666666","17.1166666","163.07","BRATISLAVA LOLIBA, LO","  81.7","24","  58.9","24","1008.8","24","976.6","24","999.9"," 0","  4.0","24","  7.8","999.9","  95.9","*","  68.5"," "," 0.00","I","999.9","000000"
"11813099999","2019-07-27","48.1666666","17.1166666","163.07","BRATISLAVA LOLIBA, LO","  67.0","24","  62.5","24","1004.9","24","972.0","24","999.9"," 0","  4.2","24"," 11.7"," 13.6","  71.1","*","  63.0","*"," 1.02","E","999.9","000000"
"11813099999","2019-07-28","48.1666666","17.1166666","163.07","BRATISLAVA LOLIBA, LO","  71.5","24","  65.0","23","1001.6","24","969.1","24","999.9"," 0","  4.9","24","  7.8"," 17.5","  81.0","*","  63.9","*"," 0.02","F","999.9","000000"
"11813099999","2019-07-29","48.1666666","17.1166666","163.07","BRATISLAVA LOLIBA, LO","  71.7","24","  63.3","24","1006.0","24","973.4","24"," 17.1","10","  6.2","24"," 11.7"," 23.3","  82.6","*","  66.2"," "," 0.01","A","999.9","000000"
"11813099999","2019-07-30","48.1666666","17.1166666","163.07","BRATISLAVA LOLIBA, LO","  73.7","24","  64.7","24","1009.4","24","976.7","24"," 11.5"," 9","  9.0","24"," 13.6"," 25.3","  83.3","*","  66.6"," "," 0.00","G","999.9","000000"
"11813099999","2019-07-31","48.1666666","17.1166666","163.07","BRATISLAVA LOLIBA, LO","  74.7","24","  63.4","24","1012.4","24","979.7","24"," 15.5"," 9","  7.2","24"," 11.7"," 21.4","  85.5","*","  64.8","*"," 0.00","G","999.9","000000"
"11813099999","2019-08-01","48.1666666","17.1166666","163.07","BRATISLAVA LOLIBA, LO","  72.8","24","  57.6","24","1014.9","24","982.0","24"," 25.9"," 9","  5.9","24"," 11.7"," 21.4","  83.3","*","  62.6"," "," 0.09","G","999.9","000000"
"11813099999","2019-08-02","48.1666666","17.1166666","163.07","BRATISLAVA LOLIBA, LO","  70.3","24","  57.5","24","1012.1","24","979.1","24"," 26.7"," 5","  3.6","24","  9.7","999.9","  75.6","*","  65.3"," "," 0.00","G","999.9","000000"
"11813099999","2019-08-03","48.1666666","17.1166666","163.07","BRATISLAVA LOLIBA, LO","  64.8","24","  56.3","24","1011.9","24","978.6","24","999.9"," 0","  8.4","24","  9.7"," 19.4","  74.7","*","  59.0","*"," 0.00","G","999.9","000000"
"11813099999","2019-08-04","48.1666666","17.1166666","163.07","BRATISLAVA LOLIBA, LO","  68.8","24","  51.6","24","1015.0","24","981.8","24"," 23.3"," 8","  5.7","24"," 11.7","999.9","  79.2","*","  57.6","*"," 0.01","G","999.9","000000"
"11813099999","2019-08-05","48.1666666","17.1166666","163.07","BRATISLAVA LOLIBA, LO","  74.6","24","  52.2","24","1013.6","24","980.8","24"," 21.4"," 8","  4.0","24","  7.8","999.9","  86.4","*","  62.2"," "," 0.00","G","999.9","000000"
"11813099999","2019-08-06","48.1666666","17.1166666","163.07","BRATISLAVA LOLIBA, LO","  74.9","24","  57.4","24","1012.2","24","979.5","24"," 18.0"," 9","  4.6","24","  7.8","999.9","  83.7","*","  67.6"," "," 0.00","G","999.9","010000"
"11813099999","2019-08-07","48.1666666","17.1166666","163.07","BRATISLAVA LOLIBA, LO","  75.1","24","  60.8","23","1008.9","24","976.3","24"," 16.0"," 9","  4.5","24"," 13.6"," 23.3","  86.4","*","  63.9","*"," 0.01","G","999.9","000000"
"11813099999","2019-08-08","48.1666666","17.1166666","163.07","BRATISLAVA LOLIBA, LO","  71.0","24","  59.8","24","1012.9","24","980.0","24"," 27.6"," 9","  4.5","24","  7.8"," 38.9","  81.0","*","  62.6"," "," 0.33","G","  0.4","010000"
"11813099999","2019-08-09","48.1666666","17.1166666","163.07","BRATISLAVA LOLIBA, LO","  76.3","24","  58.2","24","1013.6","24","980.9","24"," 24.5"," 8","  3.1","24","  5.8","999.9","  87.8","*","  63.0"," "," 0.00","G","999.9","000000"
"11813099999","2019-08-10","48.1666666","17.1166666","163.07","BRATISLAVA LOLIBA, LO","  77.0","24","  65.4","24","1013.6","24","981.1","24","999.9"," 0","  5.7","24"," 15.5"," 29.1","  92.5","*","  66.6","*"," 0.00","I","999.9","000000"
"11813099999","2019-08-11","48.1666666","17.1166666","163.07","BRATISLAVA LOLIBA, LO","  74.8","24","  56.8","24","1016.8","24","983.9","24","999.9"," 0","  4.3","24","  9.7","999.9","  84.6","*","  64.9"," "," 0.00","I","999.9","000000"
"11813099999","2019-08-12","48.1666666","17.1166666","163.07","BRATISLAVA LOLIBA, LO","  75.6","24","  62.0","24","1012.6","24","980.0","24"," 27.7","10","  6.3","24"," 15.5"," 25.3","  90.0","*","  65.3","*"," 0.00","G","999.9","000000"
"11813099999","2019-08-13","48.1666666","17.1166666","163.07","BRATISLAVA LOLIBA, LO","  67.5","24","  57.5","24","1015.5","24","982.2","24"," 34.2"," 9","  7.3","24"," 13.6"," 29.1","  76.1","*","  61.0"," "," 0.17","G","999.9","000000"
"11813099999","2019-08-14","48.1666666","17.1166666","163.07","BRATISLAVA LOLIBA, LO","  64.5","24","  51.0","24","1016.3","24","982.8","24"," 36.2"," 9","  5.9","24"," 11.7"," 25.3","  74.5","*","  57.6"," "," 0.17","G","999.9","010000"
"11813099999","2019-08-15","48.1666666","17.1166666","163.07","BRATISLAVA LOLIBA, LO","  68.1","24","  48.0","24","1015.8","24","982.4","24"," 34.5"," 9","  3.2","24","  5.8","999.9","  78.8","*","  57.2"," "," 0.00","G","999.9","000000"
"11813099999","2019-08-16","48.1666666","17.1166666","163.07","BRATISLAVA LOLIBA, LO","  66.7","24","  53.8","24","1016.4","24","983.0","24","999.9"," 0","  6.2","24"," 11.7","999.9","  75.2","*","  61.2","*"," 0.00","I","999.9","000000"
"11813099999","2019-08-17","48.1666666","17.1166666","163.07","BRATISLAVA LOLIBA, LO","  69.7","24","  53.3","24","1015.4","24","982.2","24","999.9"," 0","  2.9","24","  5.8","999.9","  82.4","*","  57.4"," "," 0.00","I","999.9","000000"
"11813099999","2019-08-18","48.1666666","17.1166666","163.07","BRATISLAVA LOLIBA, LO","  75.8","24","  59.1","24","1012.7","24","980.0","24","999.9"," 0","  4.0","24","  7.8","999.9","  91.4","*","  63.7"," "," 0.00","I","999.9","000000"
"11813099999","2019-08-19","48.1666666","17.1166666","163.07","BRATISLAVA LOLIBA, LO","  76.4","24","  60.1","24","1015.1","24","982.4","24"," 27.7","10","  4.5","24","  9.7"," 19.4","  88.2","*","  63.9","*"," 0.00","G","999.9","000000"
"11813099999","2019-08-20","48.1666666","17.1166666","163.07","BRATISLAVA LOLIBA, LO","  79.2","24","  61.3","24","1017.4","24","984.8","24"," 31.1"," 9","  4.0","24","  9.7","999.9","  88.7","*","  70.2","*"," 0.00","G","999.9","000000"
"11813099999","2019-08-21","48.1666666","17.1166666","163.07","BRATISLAVA LOLIBA, LO","  65.1","24","  55.4","24","1024.1","24","990.4","24"," 40.4"," 9","  9.0","24"," 17.5"," 31.1","  72.0","*","  59.2","*"," 0.00","G","999.9","010000"
"11813099999","2019-08-22","48.1666666","17.1166666","163.07","BRATISLAVA LOLIBA, LO","  67.2","24","  56.9","24","1024.3","24","990.7","24"," 17.3"," 9","  3.7","24"," 11.7","999.9","  77.9","*","  57.4"," "," 0.00","G","999.9","010000"
"11813099999","2019-08-23","48.1666666","17.1166666","163.07","BRATISLAVA LOLIBA, LO","  72.7","24","  59.7","24","1023.7","24","990.5","24"," 17.1"," 6","  3.0","24","  5.8","999.9","  82.8","*","  63.0"," "," 0.00","G","999.9","000000"
"11813099999","2019-08-24","48.1666666","17.1166666","163.07","BRATISLAVA LOLIBA, LO","  76.8","24","  60.5","24","1020.7","24","987.8","24","999.9"," 0","  4.1","24"," 13.6"," 23.3","  88.7","*","  67.3","*"," 0.00","I","999.9","000000"
"11813099999","2019-08-25","48.1666666","17.1166666","163.07","BRATISLAVA LOLIBA, LO","  70.7","24","  63.8","24","1020.4","24","987.2","24","999.9"," 0","  3.3","24","  7.8","999.9","  79.0","*","  63.7"," "," 1.41","G","999.9","000000"
"11813099999","2019-08-26","48.1666666","17.1166666","163.07","BRATISLAVA LOLIBA, LO","  71.1","24","  64.2","24","1020.0","24","986.8","24"," 14.1","10","  3.1","24","  5.8","999.9","  78.1","*","  66.6"," "," 0.15","G","999.9","010010"
"11813099999","2019-08-27","48.1666666","17.1166666","163.07","BRATISLAVA LOLIBA, LO","  74.5","24","  64.9","24","1019.0","24","986.0","24"," 13.6"," 8","  3.8","24","  5.8","999.9","  86.0","*","  66.6"," "," 0.02","G","999.9","000000"
"11813099999","2019-08-28","48.1666666","17.1166666","163.07","BRATISLAVA LOLIBA, LO","  76.9","24","  64.6","24","1017.5","24","984.8","24"," 12.5"," 9","  3.3","24","  5.8","999.9","  86.4","*","  67.1"," "," 0.00","G","999.9","000000"
"11813099999","2019-08-29","48.1666666","17.1166666","163.07","BRATISLAVA LOLIBA, LO","  78.1","24","  62.0","24","1017.3","24","984.7","24","999.9"," 0","  4.3","24"," 11.7"," 21.4","  89.6","*","  69.1"," "," 0.00","I","999.9","000000"
"11813099999","2019-08-30","48.1666666","17.1166666","163.07","BRATISLAVA LOLIBA, LO","  76.4","22","  61.1","22","1019.9","22","987.1","22"," 18.3"," 8","  6.3","22"," 11.7"," 21.4","  85.5","*","  67.5"," "," 0.00","G","999.9","000000"
"11813099999","2019-08-31","48.1666666","17.1166666","163.07","BRATISLAVA LOLIBA, LO","  77.4","24","  60.8","24","1016.9","24","984.2","24","999.9"," 0","  2.8","24","  3.9","999.9","  88.7","*","  67.3"," "," 0.00","I","999.9","000000"
"11813099999","2019-09-01","48.1666666","17.1166666","163.07","BRATISLAVA LOLIBA, LO","  77.2","24","  59.2","24","1011.9","24","979.4","24","999.9"," 0","  4.4","24","  7.8","999.9","  88.0","*","  68.5"," "," 0.00","I","999.9","000000"
"11813099999","2019-09-02","48.1666666","17.1166666","163.07","BRATISLAVA LOLIBA, LO","  64.3","24","  59.5","24","1017.0","24","983.5","24","999.9"," 0","  7.2","24","  9.7"," 21.4","  71.1","*","  56.7","*"," 0.05","G","999.9","000000"
"11813099999","2019-09-03","48.1666666","17.1166666","163.07","BRATISLAVA LOLIBA, LO","  61.2","24","  46.5","24","1022.8","24","988.8","24"," 39.4"," 9","  5.4","24","  7.8","999.9","  71.8","*","  52.5"," "," 0.06","G","999.9","000000"
"11813099999","2019-09-04","48.1666666","17.1166666","163.07","BRATISLAVA LOLIBA, LO","  65.5","24","  45.6","24","1019.6","24","986.0","24"," 38.7"," 9","  2.7","24","  5.8","999.9","  75.6","*","  55.8"," "," 0.00","G","999.9","000000"
"11813099999","2019-09-05","48.1666666","17.1166666","163.07","BRATISLAVA LOLIBA, LO","  67.6","24","  50.7","24","1015.1","24","981.8","24"," 20.4"," 9","  3.9","24","  9.7"," 19.4","  80.8","*","  54.0"," "," 0.00","G","999.9","000000"
"11813099999","2019-09-06","48.1666666","17.1166666","163.07","BRATISLAVA LOLIBA, LO","  64.0","23","  53.0","23","1019.7","23","986.0","23"," 29.5"," 8","  6.5","23"," 11.7"," 21.4","  72.5","*","  60.3","*"," 0.00","G","999.9","000000"
"11813099999","2019-09-07","48.1666666","17.1166666","163.07","BRATISLAVA LOLIBA, LO","  58.9","24","  57.5","22","1017.0","24","983.1","24","999.9"," 0","  4.8","24","  9.7"," 19.4","  62.8","*","  55.8","*"," 0.36","G","999.9","000000"
"11813099999","2019-09-08","48.1666666","17.1166666","163.07","BRATISLAVA LOLIBA, LO","  59.2","24","  56.1","23","1016.0","24","982.1","24","999.9"," 0","  5.2","24","  9.7","999.9","  64.4","*","  53.8"," "," 0.80","G","999.9","000000"
"11813099999","2019-09-09","48.1666666","17.1166666","163.07","BRATISLAVA LOLIBA, LO","  56.8","24","  52.1","24","1012.4","24","978.5","24","999.9"," 0","  7.0","24"," 11.7"," 21.4","  63.0","*","  51.8","*"," 0.69","G","  0.8","010010"
"11813099999","2019-09-10","48.1666666","17.1166666","163.07","BRATISLAVA LOLIBA, LO","  59.1","24","  50.1","24","1019.6","24","985.6","24"," 39.4"," 9","  3.7","24","  5.8"," 15.5","  68.0","*","  49.6"," "," 0.06","G","999.9","000000"
"11813099999","2019-09-11","48.1666666","17.1166666","163.07","BRATISLAVA LOLIBA, LO","  63.7","24","  50.2","24","1023.4","24","989.6","24"," 41.8"," 9","  3.2","24","  5.8","999.9","  74.5","*","  54.0"," "," 0.00","G","999.9","000000"
"11813099999","2019-09-12","48.1666666","17.1166666","163.07","BRATISLAVA LOLIBA, LO","  66.1","24","  52.6","24","1028.6","24","994.8","24"," 26.9"," 9","  6.1","24","  9.7","999.9","  74.7","*","  58.8"," "," 0.00","G","999.9","000000"
"11813099999","2019-09-13","48.1666666","17.1166666","163.07","BRATISLAVA LOLIBA, LO","  69.2","23","  54.1","23","1029.1","23","995.4","23"," 39.8"," 5","  5.7","23"," 11.7","999.9","  77.0","*","  62.2"," "," 0.00","G","999.9","000000"
"11813099999","2019-09-14","48.1666666","17.1166666","163.07","BRATISLAVA LOLIBA, LO","  63.7","24","  49.7","24","1030.1","24","996.0","24","999.9"," 0","  4.6","24","  9.7"," 15.5","  70.2","*","  56.5","*"," 0.00","I","999.9","000000"
"11813099999","2019-09-15","48.1666666","17.1166666","163.07","BRATISLAVA LOLIBA, LO","  63.0","24","  47.9","24","1024.7","24","990.8","24","999.9"," 0","  3.1","24","  5.8","999.9","  75.4","*","  51.1"," "," 0.00","I","999.9","000000"
"11813099999","2019-09-16","48.1666666","17.1166666","163.07","BRATISLAVA LOLIBA, LO","  68.7","24","  53.2","24","1017.1","24","983.8","24"," 20.8","10","  3.1","24","  5.8","999.9","  79.9","*","  57.7"," "," 0.00","G","999.9","000000"
"11813099999","2019-09-17","48.1666666","17.1166666","163.07","BRATISLAVA LOLIBA, LO","  61.5","24","  52.9","24","1014.9","24","981.2","24"," 23.8"," 9","  4.0","24","  7.8","999.9","  66.4","*","  57.2","*"," 0.00","G","999.9","010000"
"11813099999","2019-09-18","48.1666666","17.1166666","163.07","BRATISLAVA LOLIBA, LO","  55.3","24","  34.4","24","1022.0","24","987.6","24"," 35.9"," 9","  6.2","24","  7.8"," 21.4","  63.0","*","  48.4"," "," 0.00","G","999.9","000000"
"11813099999","2019-09-19","48.1666666","17.1166666","163.07","BRATISLAVA LOLIBA, LO","  53.5","24","  34.7","24","1026.0","24","991.3","24"," 29.9"," 8","  5.8","24","  7.8"," 17.5","  62.1","*","  46.4","*"," 0.00","G","999.9","000000"
"11813099999","2019-09-20","48.1666666","17.1166666","163.07","BRATISLAVA LOLIBA, LO","  53.7","24","  35.6","24","1027.9","24","993.2","24","999.9"," 0","  3.9","24","  7.8"," 13.6","  62.1","*","  45.9"," "," 0.00","I","999.9","000000"
"11813099999","2019-09-21","48.1666666","17.1166666","163.07","BRATISLAVA LOLIBA, LO","  56.1","24","  37.7","24","1025.3","24","990.9","24","999.9"," 0","  3.8","24","  5.8","999.9","  67.5","*","  45.0","*"," 0.00","I","999.9","000000"
"11813099999","2019-09-22","48.1666666","17.1166666","163.07","BRATISLAVA LOLIBA, LO","  57.4","24","  38.6","24","1017.0","24","982.9","24","999.9"," 0","  4.5","24","  7.8"," 15.5","  70.2","*","  44.4"," "," 0.00","I","999.9","000000"
"11813099999","2019-09-23","48.1666666","17.1166666","163.07","BRATISLAVA LOLIBA, LO","  59.0","24","  45.5","24","1013.7","24","979.8","24"," 22.7","10","  3.1","24","  5.8","999.9","  68.4","*","  52.9"," "," 0.00","G","999.9","000000"
"11813099999","2019-09-24","48.1666666","17.1166666","163.07","BRATISLAVA LOLIBA, LO","  61.7","24","  52.8","24","1012.6","24","979.1","24"," 14.0"," 9","  4.8","24","  9.7","999.9","  70.0","*","  56.5"," "," 0.00","G","999.9","000000"
"11813099999","2019-09-25","48.1666666","17.1166666","163.07","BRATISLAVA LOLIBA, LO","  61.3","24","  53.0","24","1010.1","24","976.6","24"," 14.8"," 7","  4.5","24","  9.7","999.9","  68.4","*","  54.7"," "," 0.00","G","999.9","010000"
"11813099999","2019-09-26","48.1666666","17.1166666","163.07","BRATISLAVA LOLIBA, LO","  60.5","24","  50.4","24","1013.8","24","980.1","24"," 36.6"," 9","  4.9","24","  7.8","999.9","  68.9","*","  54.1"," "," 0.00","G","999.9","000000"
"11813099999","2019-09-27","48.1666666","17.1166666","163.07","BRATISLAVA LOLIBA, LO","  62.8","24","  53.2","24","1015.3","24","981.7","24"," 18.3"," 8","  3.0","24","  5.8","999.9","  71.6","*","  54.3"," ","99.99"," ","999.9","010000"
"11813099999","2019-09-28","48.1666666","17.1166666","163.07","BRATISLAVA LOLIBA, LO","  58.9","24","  55.8","24","1017.0","24","983.1","24","999.9"," 0","  3.6","24","  5.8","999.9","  62.1","*","  55.4","*"," 0.16","E","999.9","000000"
"11813099999","2019-09-29","48.1666666","17.1166666","163.07","BRATISLAVA LOLIBA, LO","  62.7","24","  54.5","24","1012.5","24","979.0","24","999.9"," 0","  4.0","24","  7.8"," 17.5","  72.5","*","  54.5"," "," 0.00","I","999.9","000000"
"11813099999","2019-09-30","48.1666666","17.1166666","163.07","BRATISLAVA LOLIBA, LO","  64.2","24","  47.1","24","1008.6","24","975.3","24"," 27.0","10","  9.2","24"," 19.4"," 40.8","  72.7","*","  56.5"," "," 0.03","G","999.9","100000"
"11813099999","2019-10-01","48.1666666","17.1166666","163.07","BRATISLAVA LOLIBA, LO","  63.0","24","  47.1","24","1010.3","24","976.9","24"," 43.2"," 9","  5.3","24","  9.7"," 19.4","  75.6","*","  50.7"," "," 0.00","G","999.9","000000"
"11813099999","2019-10-02","48.1666666","17.1166666","163.07","BRATISLAVA LOLIBA, LO","  57.6","19","  52.6","18","1005.2","19","971.7","19"," 16.5"," 8","  5.8","19","  9.7"," 23.3","  67.3","*","  46.8","*"," 0.00","G","999.9","010000"
"11813099999","2019-10-03","48.1666666","17.1166666","163.07","BRATISLAVA LOLIBA, LO","  48.5","24","  41.2","24","1014.8","24","980.2","24"," 29.3"," 9","  6.2","24","  9.7"," 19.4","  53.6","*","  43.0"," "," 0.23","G","999.9","000000"
"11813099999","2019-10-04","48.1666666","17.1166666","163.07","BRATISLAVA LOLIBA, LO","  51.8","21","  41.9","21","1012.6","21","978.3","21"," 31.6"," 6","  3.6","21","  7.8","999.9","  59.9","*","  45.5"," "," 0.00","G","999.9","000000"
"11813099999","2019-10-05","48.1666666","17.1166666","163.07","BRATISLAVA LOLIBA, LO","  48.9","24","  47.5","22","1008.8","24","974.5","24","999.9"," 0","  6.1","24"," 13.6"," 27.2","  54.5","*","  45.7","*"," 0.06","G","999.9","000000"
"11813099999","2019-10-06","48.1666666","17.1166666","163.07","BRATISLAVA LOLIBA, LO","  46.5","24","  36.9","24","1017.6","24","982.8","24","999.9"," 0","  5.6","24"," 13.6"," 25.3","  53.8","*","  42.3"," "," 0.45","G","999.9","000000"
"11813099999","2019-10-07","48.1666666","17.1166666","163.07","BRATISLAVA LOLIBA, LO","  46.0","24","  34.5","24","1019.0","24","984.1","24"," 23.6","10","  3.4","24","  5.8","999.9","  55.4","*","  40.8"," "," 0.00","G","999.9","000000"
"11813099999","2019-10-08","48.1666666","17.1166666","163.07","BRATISLAVA LOLIBA, LO","  46.8","24","  37.9","24","1018.5","24","983.6","24","  8.7"," 9","  4.7","24","  5.8","999.9","  57.2","*","  35.4"," "," 0.00","G","999.9","100000"
"11813099999","2019-10-09","48.1666666","17.1166666","163.07","BRATISLAVA LOLIBA, LO","  53.2","24","  45.7","24","1013.1","24","978.9","24"," 14.2"," 9","  4.1","24","  9.7"," 21.4","  61.0","*","  48.4"," ","99.99"," ","999.9","010000"
"11813099999","2019-10-10","48.1666666","17.1166666","163.07","BRATISLAVA LOLIBA, LO","  53.1","24","  44.8","24","1017.5","24","983.1","24"," 46.3"," 9","  5.9","24"," 11.7"," 23.3","  61.7","*","  46.9"," "," 0.11","G","999.9","000000"
"11813099999","2019-10-11","48.1666666","17.1166666","163.07","BRATISLAVA LOLIBA, LO","  55.5","24","  46.7","24","1022.4","24","988.1","24","999.9"," 0","  5.2","24","  9.7","999.9","  66.2","*","  46.6"," "," 0.08","G","999.9","000000"
"11813099999","2019-10-12","48.1666666","17.1166666","163.07","BRATISLAVA LOLIBA, LO","  51.3","24","  50.7","21","1020.7","24","986.2","24","999.9"," 0","  3.7","24","  7.8","999.9","  57.2","*","  48.7"," "," 0.00","G","999.9","000000"
"11813099999","2019-10-13","48.1666666","17.1166666","163.07","BRATISLAVA LOLIBA, LO","  55.6","24","  52.0","24","1020.8","24","986.6","24","999.9"," 0","  3.6","24","  5.8","999.9","  65.5","*","  48.2"," "," 0.00","I","999.9","000000"
"11813099999","2019-10-14","48.1666666","17.1166666","163.07","BRATISLAVA LOLIBA, LO","  59.6","24","  53.3","24","1018.8","24","984.9","24","  5.6"," 4","  4.0","24","  5.8","999.9","  71.6","*","  50.5"," "," 0.00","G","999.9","000000"
"11813099999","2019-10-15","48.1666666","17.1166666","163.07","BRATISLAVA LOLIBA, LO","  61.4","24","  53.3","24","1012.3","24","978.7","24","999.9"," 0","  5.2","24","  7.8"," 19.4","  71.1","*","  51.6"," "," 0.00","I","999.9","000000"
"11813099999","2019-10-16","48.1666666","17.1166666","163.07","BRATISLAVA LOLIBA, LO","  55.5","24","  49.2","24","1016.1","24","981.9","24","999.9"," 0","  5.7","24"," 11.7"," 21.4","  61.7","*","  50.9","*"," 0.12","E","999.9","000000"
"11813099999","2019-10-17","48.1666666","17.1166666","163.07","BRATISLAVA LOLIBA, LO","  53.7","24","  50.2","24","1018.3","24","984.0","24","999.9"," 0","  3.6","24","  5.8","999.9","  63.5","*","  45.3"," "," 0.00","E","999.9","000000"
"11813099999","2019-10-18","48.1666666","17.1166666","163.07","BRATISLAVA LOLIBA, LO","  51.9","24","  51.7","21","1016.0","24","981.7","24","  1.6"," 8","  2.2","24","  3.9","999.9","  54.9","*","  50.0","*"," 0.00","E","999.9","110000"
"11813099999","2019-10-19","48.1666666","17.1166666","163.07","BRATISLAVA LOLIBA, LO","  52.7","24","  52.3","20","1014.6","24","980.3","24","999.9"," 0","  3.7","24","  5.8","999.9","  59.4","*","  48.6","*"," 0.00","I","999.9","000000"
"11813099999","2019-10-20","48.1666666","17.1166666","163.07","BRATISLAVA LOLIBA, LO","  60.6","24","  53.2","23","1014.1","24","980.3","24","999.9"," 0","  3.8","24","  5.8"," 11.7","  73.8","*","  50.4"," "," 0.00","I","999.9","000000"
"11813099999","2019-10-21","48.1666666","17.1166666","163.07","BRATISLAVA LOLIBA, LO","  61.7","24","  54.3","24","1018.6","24","984.9","24"," 14.3","10","  4.2","24","  7.8"," 13.6","  72.0","*","  52.5"," "," 0.00","G","999.9","000000"
"11813099999","2019-10-22","48.1666666","17.1166666","163.07","BRATISLAVA LOLIBA, LO","  61.9","24","  56.6","22","1022.1","24","988.2","24","  9.6"," 9","  2.6","24","  5.8","999.9","  72.0","*","  54.7"," "," 0.00","G","999.9","000000"
"11813099999","2019-10-23","48.1666666","17.1166666","163.07","BRATISLAVA LOLIBA, LO","  61.7","24","  53.8","24","1019.1","24","985.3","24","  5.2"," 5","  4.3","24","  7.8","999.9","  72.7","*","  55.0"," "," 0.01","G","999.9","000000"
"11813099999","2019-10-24","48.1666666","17.1166666","163.07","BRATISLAVA LOLIBA, LO","  62.1","24","  48.9","24","1014.7","24","981.0","24","  6.1"," 7","  4.5","24","  5.8"," 15.5","  77.4","*","  52.3"," "," 0.00","G","999.9","000000"
"11813099999","2019-10-25","48.1666666","17.1166666","163.07","BRATISLAVA LOLIBA, LO","  59.4","24","  50.5","24","1020.7","24","986.7","24","  4.5"," 7","  6.0","24","  9.7"," 23.3","  65.7","*","  52.2"," "," 0.00","G","999.9","000000"
"11813099999","2019-10-26","48.1666666","17.1166666","163.07","BRATISLAVA LOLIBA, LO","  56.5","24","  49.1","24","1022.4","24","988.1","24","999.9"," 0","  3.6","24","  5.8","999.9","  62.6","*","  50.0"," "," 0.00","I","999.9","000000"
"11813099999","2019-10-27","48.1666666","17.1166666","163.07","BRATISLAVA LOLIBA, LO","  58.4","24","  51.4","24","1019.2","24","985.2","24","999.9"," 0","  4.1","24","  7.8","999.9","  70.0","*","  50.2"," "," 0.00","I","999.9","000000"
"11813099999","2019-10-28","48.1666666","17.1166666","163.07","BRATISLAVA LOLIBA, LO","  50.6","24","  44.2","24","1019.6","24","985.0","24","  6.4"," 8","  5.9","24","  9.7","999.9","  59.0","*","  45.0","*"," 0.00","E","999.9","010000"
"11813099999","2019-10-29","48.1666666","17.1166666","163.07","BRATISLAVA LOLIBA, LO","  45.1","24","  38.7","24","1021.5","24","986.5","24","  6.2"," 8","  4.3","24","  7.8","999.9","  47.3","*","  41.9"," "," 0.01","E","999.9","010000"
"11813099999","2019-10-30","48.1666666","17.1166666","163.07","BRATISLAVA LOLIBA, LO","  41.8","24","  35.5","24","1027.1","24","991.6","24","  7.6"," 8","  3.2","24","  5.8","999.9","  45.5","*","  37.6","*"," 0.01","E","999.9","010000"
"11813099999","2019-10-31","48.1666666","17.1166666","163.07","BRATISLAVA LOLIBA, LO","  38.3","24","  34.3","24","1026.9","24","991.2","24","  6.5"," 9","  3.2","24","  5.8","999.9","  43.7","*","  34.0"," "," 0.00","I","999.9","000000"
"11813099999","2019-11-01","48.1666666","17.1166666","163.07","BRATISLAVA LOLIBA, LO","  40.3","24","  33.3","24","1020.6","24","985.2","24","999.9"," 0","  5.3","24","  7.8"," 19.4","  48.6","*","  32.0"," "," 0.00","I","999.9","000000"
"11813099999","2019-11-02","48.1666666","17.1166666","163.07","BRATISLAVA LOLIBA, LO","  43.0","24","  40.4","24","1006.6","24","972.0","24","999.9"," 0","  5.3","24","  7.8"," 15.5","  45.9","*","  40.1"," "," 0.00","I","999.9","000000"
"11813099999","2019-11-03","48.1666666","17.1166666","163.07","BRATISLAVA LOLIBA, LO","  56.1","24","  52.1","24"," 995.7","24","962.4","24","999.9"," 0","  5.3","24","  9.7"," 15.5","  64.4","*","  43.2"," "," 0.00","I","999.9","000000"
"11813099999","2019-11-04","48.1666666","17.1166666","163.07","BRATISLAVA LOLIBA, LO","  53.7","24","  46.6","24"," 996.3","24","962.7","24"," 33.9","10","  7.0","24"," 13.6"," 31.1","  60.3","*","  47.3","*"," 0.01","G","999.9","010000"
"11813099999","2019-11-05","48.1666666","17.1166666","163.07","BRATISLAVA LOLIBA, LO","  47.6","24","9999.9"," 0"," 999.9","24","965.8","24","  0.4"," 9","  4.8","24","  9.7","999.9","  49.1","*","  45.0","*"," 0.00","G","999.9","110000"
"11813099999","2019-11-06","48.1666666","17.1166666","163.07","BRATISLAVA LOLIBA, LO","  48.6","24","  44.3","20","1004.7","24","970.5","24"," 28.0","10","  4.5","24","  9.7","999.9","  57.2","*","  44.1"," "," 0.89","G","999.9","010000"
"11813099999","2019-11-07","48.1666666","17.1166666","163.07","BRATISLAVA LOLIBA, LO","  46.7","19","9999.9"," 0","1007.6","19","973.2","19","  5.1"," 9","  2.0","19","  3.9","999.9","  50.9","*","  45.0"," "," 0.30","G","  0.4","100000"
"11813099999","2019-11-08","48.1666666","17.1166666","163.07","BRATISLAVA LOLIBA, LO","  48.1","24","9999.9"," 0","1008.1","24","973.7","24","  0.1"," 6","  4.3","24","  5.8"," 17.5","  54.5","*","  42.3","*"," 0.00","G","999.9","100000"
"11813099999","2019-11-09","48.1666666","17.1166666","163.07","BRATISLAVA LOLIBA, LO","  44.9","24","  44.1","20","1010.1","24","975.5","24","999.9"," 0","  6.4","24","  9.7"," 17.5","  49.1","*","  41.9","*"," 0.13","G","999.9","000000"
"11813099999","2019-11-10","48.1666666","17.1166666","163.07","BRATISLAVA LOLIBA, LO","  41.3","24","  39.6","22","1012.2","24","977.2","24","999.9"," 0","  6.3","24"," 11.7"," 19.4","  43.7","*","  38.5","*"," 0.08","G","999.9","000000"
"11813099999","2019-11-11","48.1666666","17.1166666","163.07","BRATISLAVA LOLIBA, LO","  41.5","24","  39.8","19","1016.0","24","980.9","24"," 10.5","10","  4.5","24","  7.8"," 17.5","  46.6","*","  36.0"," "," 0.00","G","999.9","000000"
"11813099999","2019-11-12","48.1666666","17.1166666","163.07","BRATISLAVA LOLIBA, LO","  42.8","24","  42.8","21","1008.9","24","974.2","24","  5.0"," 9","  4.5","24","  9.7"," 21.4","  46.4","*","  40.1","*"," 0.00","G","999.9","010000"
"11813099999","2019-11-13","48.1666666","17.1166666","163.07","BRATISLAVA LOLIBA, LO","  38.5","24","9999.9"," 0","1003.5","24","968.6","24","  1.4"," 9"," 10.0","24"," 17.5"," 31.1","  41.2","*","  36.0","*"," 0.52","G","999.9","010000"
"11813099999","2019-11-14","48.1666666","17.1166666","163.07","BRATISLAVA LOLIBA, LO","  39.3","24","  38.5","19","1011.8","24","976.7","24"," 11.8"," 9","  3.9","24","  5.8"," 13.6","  46.4","*","  33.3","*"," 0.30","G","999.9","100000"
"11813099999","2019-11-15","48.1666666","17.1166666","163.07","BRATISLAVA LOLIBA, LO","  45.1","24","9999.9"," 0","1011.1","24","976.5","24","999.9"," 0","  4.4","24","  7.8"," 13.6","  49.5","*","  39.4"," "," 0.00","G","999.9","000000"
"11813099999","2019-11-16","48.1666666","17.1166666","163.07","BRATISLAVA LOLIBA, LO","  50.5","24","  50.2","22","1013.4","24","979.1","24","999.9"," 0","  3.7","24","  5.8"," 15.5","  54.0","*","  47.1"," "," 0.01","G","999.9","000000"
"11813099999","2019-11-17","48.1666666","17.1166666","163.07","BRATISLAVA LOLIBA, LO","  52.0","24","  51.3","20","1012.3","24","978.1","24","999.9"," 0","  5.4","24"," 11.7"," 15.5","  57.2","*","  48.9"," "," 0.12","G","999.9","000000"
"11813099999","2019-11-18","48.1666666","17.1166666","163.07","BRATISLAVA LOLIBA, LO","  49.5","24","  46.3","21","1012.0","24","977.6","24"," 13.9","10","  4.6","24","  7.8"," 15.5","  56.7","*","  43.2","*"," 0.00","G","999.9","010000"
"11813099999","2019-11-19","48.1666666","17.1166666","163.07","BRATISLAVA LOLIBA, LO","  46.6","24","  44.8","23","1020.0","24","985.1","24"," 24.2"," 9","  4.7","24","  7.8","999.9","  53.1","*","  41.5"," "," 0.01","G","999.9","000000"
"11813099999","2019-11-20","48.1666666","17.1166666","163.07","BRATISLAVA LOLIBA, LO","  48.0","24","  47.5","23","1015.5","24","980.9","24","  9.5"," 9","  3.5","24","  7.8","999.9","  50.4","*","  45.0"," "," 0.00","G","999.9","010000"
"11813099999","2019-11-21","48.1666666","17.1166666","163.07","BRATISLAVA LOLIBA, LO","  48.1","24","9999.9"," 0","1012.4","24","977.9","24","  6.8"," 9","  4.4","24","  7.8"," 15.5","  49.1","*","  46.4","*"," 0.38","G","999.9","110000"
"11813099999","2019-11-22","48.1666666","17.1166666","163.07","BRATISLAVA LOLIBA, LO","  45.9","24","  45.8","19","1015.0","24","980.3","24","  1.0"," 9","  5.3","24","  7.8","999.9","  47.7","*","  42.8","*"," 0.00","G","999.9","100000"
"11813099999","2019-11-23","48.1666666","17.1166666","163.07","BRATISLAVA LOLIBA, LO","  40.3","20","  40.1","14","1014.5","20","979.4","20","999.9"," 0","  5.8","20","  9.7"," 15.5","  43.2","*","  36.9","*"," 0.00","G","999.9","000000"
"11813099999","2019-11-24","48.1666666","17.1166666","163.07","BRATISLAVA LOLIBA, LO","  40.8","24","  40.3","21","1014.3","24","979.2","24","999.9"," 0","  4.6","24","  7.8"," 17.5","  46.6","*","  36.9"," "," 0.00","E","999.9","000000"
"11813099999","2019-11-25","48.1666666","17.1166666","163.07","BRATISLAVA LOLIBA, LO","  42.2","24","  41.7","21","1013.5","24","978.5","24"," 11.4","10","  4.2","24","  7.8"," 13.6","  48.4","*","  37.9"," "," 0.00","I","999.9","000000"
"11813099999","2019-11-26","48.1666666","17.1166666","163.07","BRATISLAVA LOLIBA, LO","  43.4","20","  43.3","16","1012.4","20","977.6","20","  5.5"," 5","  3.2","20","  5.8","999.9","  47.3","*","  41.2"," "," 0.00","G","999.9","000000"
"11813099999","2019-11-27","48.1666666","17.1166666","163.07","BRATISLAVA LOLIBA, LO","  43.4","24","9999.9"," 0","1005.2","24","970.6","24","  3.5"," 9","  5.1","24","  9.7"," 17.5","  45.5","*","  41.4","*"," 0.00","G","999.9","010000"
"11813099999","2019-11-28","48.1666666","17.1166666","163.07","BRATISLAVA LOLIBA, LO","  45.8","24","  45.0","21","1003.2","24","968.9","24","  0.1"," 9","  3.6","24","  7.8","999.9","  47.7","*","  43.2"," "," 0.01","G","999.9","100000"
"11813099999","2019-11-29","48.1666666","17.1166666","163.07","BRATISLAVA LOLIBA, LO","  47.5","24","  38.4","24","1006.8","24","972.5","24"," 32.8"," 9","  7.9","24"," 11.7"," 21.4","  53.8","*","  38.3","*"," 0.01","G","999.9","010000"
"11813099999","2019-11-30","48.1666666","17.1166666","163.07","BRATISLAVA LOLIBA, LO","  35.5","24","  26.9","24","1022.2","24","986.5","24","999.9"," 0","  5.1","24","  7.8"," 15.5","  40.1","*","  31.3","*"," 0.14","G","999.9","000000"
"11813099999","2019-12-01","48.1666666","17.1166666","163.07","BRATISLAVA LOLIBA, LO","  31.5","24","  25.6","24","1024.0","24","987.9","24","999.9"," 0","  4.3","24","  7.8"," 15.5","  33.3","*","  25.9"," "," 0.00","G","999.9","000000"
"11813099999","2019-12-02","48.1666666","17.1166666","163.07","BRATISLAVA LOLIBA, LO","  32.3","24","  29.2","24","1021.4","24","985.4","24","  0.6"," 7","  6.2","24"," 13.6"," 25.3","  34.7","*","  30.2","*"," 0.14","G","999.9","101000"
"11813099999","2019-12-03","48.1666666","17.1166666","163.07","BRATISLAVA LOLIBA, LO","  34.5","24","  26.2","24","1027.9","24","991.8","24"," 19.5"," 9","  5.0","24","  9.7"," 17.5","  39.6","*","  30.2","*"," 0.08","G","  2.4","001000"
"11813099999","2019-12-04","48.1666666","17.1166666","163.07","BRATISLAVA LOLIBA, LO","  28.0","23","  24.2","23","1030.4","23","993.7","23","  7.9"," 9","  4.7","23","  9.7","999.9","  32.0","*","  24.8"," "," 0.00","G","  0.8","000000"
"11813099999","2019-12-05","48.1666666","17.1166666","163.07","BRATISLAVA LOLIBA, LO","  29.0","24","  25.5","24","1028.7","24","992.2","24","  6.8"," 9","  6.4","24","  7.8"," 19.4","  30.2","*","  26.6"," "," 0.79","G","999.9","000000"
"11813099999","2019-12-06","48.1666666","17.1166666","163.07","BRATISLAVA LOLIBA, LO","  29.4","24","  27.2","24","1023.9","24","987.6","24","  1.6"," 9","  5.0","24","  7.8","999.9","  30.2","*","  28.6"," "," 0.39","G","999.9","100000"
"11813099999","2019-12-07","48.1666666","17.1166666","163.07","BRATISLAVA LOLIBA, LO","  31.8","24","  30.8","24","1018.8","24","982.9","24","999.9"," 0","  3.5","24","  5.8","999.9","  40.1","*","  28.8"," "," 0.00","G","999.9","000000"
"11813099999","2019-12-08","48.1666666","17.1166666","163.07","BRATISLAVA LOLIBA, LO","  37.8","24","  34.3","24","1015.6","24","980.3","24","999.9"," 0","  3.1","24","  5.8","999.9","  42.3","*","  32.5"," "," 0.05","G","999.9","000000"
"11813099999","2019-12-09","48.1666666","17.1166666","163.07","BRATISLAVA LOLIBA, LO","  36.7","24","  36.2","24","1009.7","24","974.4","24","  0.0"," 9","  2.6","24","  3.9","999.9","  40.1"," ","  33.6"," "," 0.00","G","999.9","110000"
"11813099999","2019-12-10","48.1666666","17.1166666","163.07","BRATISLAVA LOLIBA, LO","  37.8","24","  29.1","24","1020.7","24","985.1","24"," 22.4"," 9","  7.0","24"," 11.7"," 21.4","  42.3","*","  33.1","*"," 0.02","G","999.9","000000"
"11813099999","2019-12-11","48.1666666","17.1166666","163.07","BRATISLAVA LOLIBA, LO","  30.8","24","  21.7","24","1019.2","24","983.2","24"," 30.0"," 9","  3.6","24","  9.7","999.9","  36.5","*","  26.2","*"," 0.00","G","999.9","000000"
"11813099999","2019-12-12","48.1666666","17.1166666","163.07","BRATISLAVA LOLIBA, LO","  31.0","24","  29.7","24","1008.3","24","972.6","24","  1.3","10","  2.3","24","  3.9","999.9","  32.4","*","  26.2"," "," 0.00","G","999.9","101000"
"11813099999","2019-12-13","48.1666666","17.1166666","163.07","BRATISLAVA LOLIBA, LO","  32.5","24","  31.4","24"," 993.9","24","958.9","24","  1.4"," 8","  4.3","24","  7.8"," 19.4","  34.7","*","  30.4","*"," 0.13","G","999.9","100000"
"11813099999","2019-12-14","48.1666666","17.1166666","163.07","BRATISLAVA LOLIBA, LO","  39.3","24","  34.1","24","1000.6","24","965.8","24","999.9"," 0","  5.3","24"," 11.7"," 21.4","  46.8","*","  33.4"," "," 0.00","G","999.9","000000"
"11813099999","2019-12-15","48.1666666","17.1166666","163.07","BRATISLAVA LOLIBA, LO","  37.2","24","  33.3","24","1012.6","24","977.3","24","999.9"," 0","  3.5","24","  5.8","999.9","  39.6","*","  34.0","*"," 0.02","G","999.9","000000"
"11813099999","2019-12-16","48.1666666","17.1166666","163.07","BRATISLAVA LOLIBA, LO","  40.3","24","  38.8","24","1016.1","24","980.9","24","  3.8","10","  4.5","24","  5.8"," 15.5","  43.9","*","  37.0"," "," 0.00","G","999.9","100000"
"11813099999","2019-12-17","48.1666666","17.1166666","163.07","BRATISLAVA LOLIBA, LO","  46.1","24","  42.6","24","1014.0","24","979.3","24"," 12.2"," 9","  4.5","24","  7.8","999.9","  50.9","*","  40.8"," "," 0.00","G","999.9","000000"
"11813099999","2019-12-18","48.1666666","17.1166666","163.07","BRATISLAVA LOLIBA, LO","  49.5","24","  44.9","24","1019.9","24","985.2","24","999.9"," 0","  4.5","24","  7.8","999.9","  54.5","*","  46.4"," "," 0.00","I","999.9","000000"
"11813099999","2019-12-19","48.1666666","17.1166666","163.07","BRATISLAVA LOLIBA, LO","  45.5","23","  42.8","23","1021.9","23","986.9","23","  8.2"," 8","  5.2","23","  7.8","999.9","  52.7","*","  41.4","*"," 0.00","G","999.9","000000"
"11813099999","2019-12-20","48.1666666","17.1166666","163.07","BRATISLAVA LOLIBA, LO","  46.9","24","  41.5","24","1006.4","24","972.0","24","  7.0"," 9","  7.0","24"," 11.7"," 23.3","  54.9","*","  40.5"," "," 0.00","G","999.9","000000"
"11813099999","2019-12-21","48.1666666","17.1166666","163.07","BRATISLAVA LOLIBA, LO","  48.0","24","  42.8","24"," 995.2","24","961.3","24","999.9"," 0","  7.0","24"," 13.6"," 27.2","  51.3","*","  40.3","*"," 0.67","E","999.9","000000"
"11813099999","2019-12-22","48.1666666","17.1166666","163.07","BRATISLAVA LOLIBA, LO","  38.8","24","  36.3","24"," 991.9","24","957.4","24","999.9"," 0","  6.9","24"," 11.7"," 23.3","  41.4","*","  36.0","*"," 0.12","E","999.9","000000"
"11813099999","2019-12-23","48.1666666","17.1166666","163.07","BRATISLAVA LOLIBA, LO","  41.9","24","  38.9","24","1000.5","24","966.0","24","  4.8"," 7","  7.7","24","  9.7"," 23.3","  43.7","*","  38.1"," "," 0.96","G","  0.8","010000"
"11813099999","2019-12-24","48.1666666","17.1166666","163.07","BRATISLAVA LOLIBA, LO","  42.1","24","  34.9","24","1013.2","24","978.2","24","999.9"," 0","  5.5","24"," 11.7"," 21.4","  46.8","*","  38.5","*"," 0.57","G","999.9","000000"
"11813099999","2019-12-25","48.1666666","17.1166666","163.07","BRATISLAVA LOLIBA, LO","  42.3","24","  38.4","24","1013.3","24","978.3","24","999.9"," 0","  7.0","24"," 13.6"," 27.2","  47.3","*","  38.3"," "," 0.25","G","999.9","000000"
"11813099999","2019-12-26","48.1666666","17.1166666","163.07","BRATISLAVA LOLIBA, LO","  39.7","24","  32.3","24","1023.1","24","987.6","24","999.9"," 0","  5.5","24","  9.7","999.9","  43.9","*","  37.4","*"," 0.06","G","999.9","000000"
"11813099999","2019-12-27","48.1666666","17.1166666","163.07","BRATISLAVA LOLIBA, LO","  37.4","24","  28.8","24","1025.5","24","989.8","24"," 30.4"," 9","  5.0","24"," 11.7"," 17.5","  41.4","*","  34.7","*"," 0.00","G","999.9","000000"
"11813099999","2019-12-28","48.1666666","17.1166666","163.07","BRATISLAVA LOLIBA, LO","  33.2","24","  24.2","24","1034.7","24","998.3","24","999.9"," 0","  7.4","24"," 13.6"," 21.4","  35.6","*","  32.0","*"," 0.01","G","999.9","000000"
"11813099999","2019-12-29","48.1666666","17.1166666","163.07","BRATISLAVA LOLIBA, LO","  30.9","23","  21.3","23","1038.6","23","001.9","23","999.9"," 0","  7.3","23","  9.7"," 17.5","  32.9","*","  28.0","*"," 0.00","G","999.9","000000"
"11813099999","2019-12-30","48.1666666","17.1166666","163.07","BRATISLAVA LOLIBA, LO","  29.9","24","  22.2","24","1037.3","24","000.5","24"," 13.7","10","  3.8","24","  9.7","999.9","  36.0","*","  23.5"," "," 0.00","G","999.9","000000"
"11813099999","2019-12-31","48.1666666","17.1166666","163.07","BRATISLAVA LOLIBA, LO","  35.3","24","  27.0","24","1030.2","24","994.2","24","  8.0"," 7","  5.5","24"," 11.7"," 19.4","  47.3","*","  27.7"," "," 0.00","G","999.9","000000"
