"STATION","DATE","LATITUDE","LONGITUDE","ELEVATION","NAME","TEMP","TEMP_ATTRIBUTES","DEWP","DEWP_ATTRIBUTES","SLP","SLP_ATTRIBUTES","STP","STP_ATTRIBUTES","VISIB","VISIB_ATTRIBUTES","WDSP","WDSP_ATTRIBUTES","MXSPD","GUST","MAX","MAX_ATTRIBUTES","MIN","MIN_ATTRIBUTES","PRCP","PRCP_ATTRIBUTES","SNDP","FRSHTT"
"12815099999","2019-01-01","47.8833333","17.2833333","122.0","MOSONMAGYAROVAR, HU","  36.6","24","  30.7","24","1024.5","24","009.2","24","999.9"," 0","  5.8","24"," 13.6","999.9","  43.9","*","  27.5"," "," 0.02","E","999.9","000000"
"12815099999","2019-01-02","47.8833333","17.2833333","122.0","MOSONMAGYAROVAR, HU","  36.5","24","  26.2","24","1018.5","24","003.3","24","999.9"," 0"," 15.5","24"," 23.3","999.9","  42.1"," ","  31.3","*"," 0.02","G","999.9","000000"
"12815099999","2019-01-03","47.8833333","17.2833333","122.0","MOSONMAGYAROVAR, HU","  28.9","24","  19.5","24","1027.2","24","011.6","24","999.9"," 0"," 13.6","24"," 21.4","999.9","  33.1"," ","  25.9","*"," 0.00","G","999.9","000000"
"12815099999","2019-01-04","47.8833333","17.2833333","122.0","MOSONMAGYAROVAR, HU","  28.1","24","  19.8","24","1029.3","24","013.7","24","999.9"," 0","  8.9","23"," 13.6","999.9","  32.5"," ","  23.5","*"," 0.03","G","999.9","000000"
"12815099999","2019-01-05","47.8833333","17.2833333","122.0","MOSONMAGYAROVAR, HU","  35.0","24","  30.3","24","1018.3","24","003.0","24","999.9"," 0","  9.5","24"," 15.5","999.9","  37.8"," ","  28.9"," "," 0.07","G","999.9","000000"
"12815099999","2019-01-06","47.8833333","17.2833333","122.0","MOSONMAGYAROVAR, HU","  34.8","24","  25.4","24","1022.2","24","006.9","24","999.9"," 0"," 13.2","24"," 17.5","999.9","  37.0"," ","  33.4","*"," 0.11","G","999.9","000000"
"12815099999","2019-01-07","47.8833333","17.2833333","122.0","MOSONMAGYAROVAR, HU","  29.0","24","  16.1","24","1029.3","24","013.7","24","999.9"," 0","  5.3","23"," 11.7","999.9","  32.9","*","  24.4","*"," 0.00","G","999.9","000000"
"12815099999","2019-01-08","47.8833333","17.2833333","122.0","MOSONMAGYAROVAR, HU","  30.4","24","  26.4","24","1013.9","24","998.6","24","999.9"," 0","  4.5","24","  7.8","999.9","  33.8","*","  26.4"," "," 0.03","G","999.9","000000"
"12815099999","2019-01-09","47.8833333","17.2833333","122.0","MOSONMAGYAROVAR, HU","  36.5","24","  29.1","24","1005.1","24","990.1","24","999.9"," 0","  6.3","24","  9.7","999.9","  40.3"," ","  32.4"," "," 0.26","G","999.9","000000"
"12815099999","2019-01-10","47.8833333","17.2833333","122.0","MOSONMAGYAROVAR, HU","  33.0","24","  26.1","24","1014.2","24","999.0","24","999.9"," 0","  8.3","24"," 15.5","999.9","  37.9"," ","  29.5"," "," 0.00","G","999.9","000000"
"12815099999","2019-01-11","47.8833333","17.2833333","122.0","MOSONMAGYAROVAR, HU","  31.3","24","  20.6","24","1020.8","24","005.4","24","999.9"," 0"," 11.2","24"," 17.5","999.9","  34.3"," ","  27.9","*"," 0.00","G","999.9","000000"
"12815099999","2019-01-12","47.8833333","17.2833333","122.0","MOSONMAGYAROVAR, HU","  36.0","24","  28.2","24","1016.0","24","000.8","24","999.9"," 0","  7.3","24"," 11.7","999.9","  40.3","*","  27.5"," "," 0.06","G","999.9","000000"
"12815099999","2019-01-13","47.8833333","17.2833333","122.0","MOSONMAGYAROVAR, HU","  40.6","24","  32.5","24","1005.2","24","990.3","24","999.9"," 0","  6.6","24"," 15.5","999.9","  46.9"," ","  36.1"," "," 0.15","G","999.9","000000"
"12815099999","2019-01-14","47.8833333","17.2833333","122.0","MOSONMAGYAROVAR, HU","  39.5","24","  27.6","24","1001.0","24","986.2","24","999.9"," 0"," 14.6","24"," 29.1","999.9","  44.8","*","  30.7","*"," 0.28","G","999.9","000000"
"12815099999","2019-01-15","47.8833333","17.2833333","122.0","MOSONMAGYAROVAR, HU","  37.2","24","  23.3","24","1014.5","24","999.3","24","999.9"," 0"," 12.7","24"," 17.5","999.9","  41.5","*","  30.4"," "," 0.07","G","999.9","000000"
"12815099999","2019-01-16","47.8833333","17.2833333","122.0","MOSONMAGYAROVAR, HU","  41.3","24","  28.3","24","1013.9","24","998.9","24","999.9"," 0","  7.3","24"," 15.5","999.9","  47.1"," ","  34.9","*"," 0.00","G","999.9","000000"
"12815099999","2019-01-17","47.8833333","17.2833333","122.0","MOSONMAGYAROVAR, HU","  35.7","24","  27.8","24","1009.8","24","994.7","24","999.9"," 0","  3.3","23","  5.8","999.9","  50.5"," ","  27.0"," "," 0.00","I","999.9","000000"
"12815099999","2019-01-18","47.8833333","17.2833333","122.0","MOSONMAGYAROVAR, HU","  36.8","24","  25.0","24","1016.6","24","001.5","24","999.9"," 0","  6.4","24"," 13.6","999.9","  41.9","*","  26.8","*"," 0.00","I","999.9","000000"
"12815099999","2019-01-19","47.8833333","17.2833333","122.0","MOSONMAGYAROVAR, HU","  27.7","24","  20.9","24","1021.5","24","005.9","24","999.9"," 0","  3.0","23","  3.9","999.9","  32.0"," ","  19.8","*"," 0.00","I","999.9","000000"
"12815099999","2019-01-20","47.8833333","17.2833333","122.0","MOSONMAGYAROVAR, HU","  31.3","24","  23.7","24","1018.0","24","002.7","24","999.9"," 0","  3.4","24","  5.8","999.9","  34.2"," ","  27.7","*"," 0.00","I","999.9","000000"
"12815099999","2019-01-21","47.8833333","17.2833333","122.0","MOSONMAGYAROVAR, HU","  25.6","22","  18.0","22","1022.1","22","006.5","22","999.9"," 0","  3.2","20","  5.8","999.9","  33.8"," ","  20.5","*"," 0.00","I","999.9","000000"
"12815099999","2019-01-22","47.8833333","17.2833333","122.0","MOSONMAGYAROVAR, HU","  21.2","23","  17.1","23","1015.5","23","999.8","23","999.9"," 0","  2.1","19","  3.9","999.9","  24.6","*","  16.9","*"," 0.00","I","999.9","000000"
"12815099999","2019-01-23","47.8833333","17.2833333","122.0","MOSONMAGYAROVAR, HU","  23.3","24","  19.0","24","1004.1","24","988.7","24","999.9"," 0","  3.0","23","  5.8","999.9","  27.1","*","  16.7"," "," 0.02","E","999.9","000000"
"12815099999","2019-01-24","47.8833333","17.2833333","122.0","MOSONMAGYAROVAR, HU","  28.1","20","  20.3","20","1006.3","20","991.0","20","999.9"," 0","  9.8","20"," 15.5","999.9","  30.9"," ","  26.1"," "," 0.00","I","999.9","000000"
"12815099999","2019-01-25","47.8833333","17.2833333","122.0","MOSONMAGYAROVAR, HU","  29.1","21","  17.4","21","1013.7","21","998.3","21","999.9"," 0"," 11.0","21"," 15.5","999.9","  33.1"," ","  25.5"," "," 0.00","I","999.9","000000"
"12815099999","2019-01-26","47.8833333","17.2833333","122.0","MOSONMAGYAROVAR, HU","  28.3","24","  20.0","24","1010.6","24","995.3","24","999.9"," 0","  6.4","24"," 15.5","999.9","  32.0"," ","  22.8"," "," 0.08","E","999.9","000000"
"12815099999","2019-01-27","47.8833333","17.2833333","122.0","MOSONMAGYAROVAR, HU","  30.7","24","  23.1","24","1001.5","24","986.3","24","999.9"," 0","  3.8","24","  5.8","999.9","  38.7"," ","  20.3","*"," 0.04","E","999.9","000000"
"12815099999","2019-01-28","47.8833333","17.2833333","122.0","MOSONMAGYAROVAR, HU","  31.8","24","  27.6","24"," 998.0","24","982.9","24","999.9"," 0","  4.3","21","  9.7","999.9","  37.0"," ","  24.3","*"," 0.15","G","999.9","000000"
"12815099999","2019-01-29","47.8833333","17.2833333","122.0","MOSONMAGYAROVAR, HU","  31.9","24","  23.7","24","1007.0","24","991.8","24","999.9"," 0","  4.8","21","  9.7","999.9","  41.4"," ","  22.6"," "," 0.06","G","999.9","000000"
"12815099999","2019-01-30","47.8833333","17.2833333","122.0","MOSONMAGYAROVAR, HU","  28.3","24","  21.8","24","1003.9","24","988.7","24","999.9"," 0","  3.0","22","  5.8","999.9","  36.7"," ","  17.4","*"," 0.00","G","999.9","000000"
"12815099999","2019-01-31","47.8833333","17.2833333","122.0","MOSONMAGYAROVAR, HU","  29.6","24","  25.4","24","1004.6","24","989.4","24","999.9"," 0","  3.4","22","  9.7","999.9","  32.9","*","  23.7"," "," 0.00","I","999.9","000000"
"12815099999","2019-02-01","47.8833333","17.2833333","122.0","MOSONMAGYAROVAR, HU","  38.4","24","  30.7","24","1002.1","24","987.2","24","999.9"," 0","  8.7","24"," 11.7","999.9","  44.4"," ","  31.5"," "," 0.00","I","999.9","000000"
"12815099999","2019-02-02","47.8833333","17.2833333","122.0","MOSONMAGYAROVAR, HU","  50.5","24","  40.1","24"," 999.4","24","984.9","24","999.9"," 0","  8.2","24"," 13.6","999.9","  59.2"," ","  41.0"," "," 0.00","I","999.9","000000"
"12815099999","2019-02-03","47.8833333","17.2833333","122.0","MOSONMAGYAROVAR, HU","  42.4","24","  36.1","24","1006.9","24","992.0","24","999.9"," 0","  8.9","24"," 15.5","999.9","  48.9"," ","  33.3","*"," 0.02","G","999.9","000000"
"12815099999","2019-02-04","47.8833333","17.2833333","122.0","MOSONMAGYAROVAR, HU","  35.6","24","  26.5","24","1028.5","24","013.2","24","999.9"," 0","  9.2","24"," 15.5","999.9","  39.9"," ","  30.0","*"," 0.39","G","999.9","000000"
"12815099999","2019-02-05","47.8833333","17.2833333","122.0","MOSONMAGYAROVAR, HU","  30.9","24","  24.0","24","1030.1","24","014.5","24","999.9"," 0","  3.5","23","  7.8","999.9","  40.5"," ","  25.0"," "," 0.00","G","999.9","000000"
"12815099999","2019-02-06","47.8833333","17.2833333","122.0","MOSONMAGYAROVAR, HU","  31.5","24","  23.9","24","1029.4","24","013.8","24","999.9"," 0","  6.6","24"," 11.7","999.9","  39.9"," ","  25.0","*"," 0.00","I","999.9","000000"
"12815099999","2019-02-07","47.8833333","17.2833333","122.0","MOSONMAGYAROVAR, HU","  31.7","24","  24.0","24","1022.7","24","007.3","24","999.9"," 0","  4.9","24"," 11.7","999.9","  43.0"," ","  21.6"," "," 0.00","I","999.9","000000"
"12815099999","2019-02-08","47.8833333","17.2833333","122.0","MOSONMAGYAROVAR, HU","  35.9","24","  28.6","24","1022.4","24","007.1","24","999.9"," 0","  2.7","22","  3.9","999.9","  46.0"," ","  29.7"," "," 0.00","I","999.9","000000"
"12815099999","2019-02-09","47.8833333","17.2833333","122.0","MOSONMAGYAROVAR, HU","  36.4","24","  29.9","24","1019.2","24","004.0","24","999.9"," 0","  5.2","24","  9.7","999.9","  44.4"," ","  31.8"," "," 0.00","I","999.9","000000"
"12815099999","2019-02-10","47.8833333","17.2833333","122.0","MOSONMAGYAROVAR, HU","  40.1","24","  32.9","24","1011.7","24","996.7","24","999.9"," 0","  7.5","24"," 13.6","999.9","  49.8"," ","  30.0"," "," 0.00","I","999.9","000000"
"12815099999","2019-02-11","47.8833333","17.2833333","122.0","MOSONMAGYAROVAR, HU","  43.1","24","  30.6","24","1009.5","24","994.6","24","999.9"," 0"," 13.8","24"," 21.4"," 33.0","  46.2"," ","  38.3","*"," 0.09","G","999.9","000000"
"12815099999","2019-02-12","47.8833333","17.2833333","122.0","MOSONMAGYAROVAR, HU","  37.2","24","  25.2","24","1025.6","24","010.3","24","999.9"," 0"," 15.7","24"," 25.3"," 29.1","  40.6","*","  33.6","*"," 0.00","G","999.9","000000"
"12815099999","2019-02-13","47.8833333","17.2833333","122.0","MOSONMAGYAROVAR, HU","  39.0","24","  28.1","24","1035.1","24","019.7","24","999.9"," 0","  6.8","24"," 13.6"," 15.5","  45.7"," ","  32.5"," "," 0.00","G","999.9","000000"
"12815099999","2019-02-14","47.8833333","17.2833333","122.0","MOSONMAGYAROVAR, HU","  43.1","24","  33.4","24","1035.4","24","020.2","24","999.9"," 0","  7.4","24"," 11.7","999.9","  50.2"," ","  36.7","*"," 0.00","G","999.9","000000"
"12815099999","2019-02-15","47.8833333","17.2833333","122.0","MOSONMAGYAROVAR, HU","  39.7","24","  31.7","24","1034.5","24","019.1","24","999.9"," 0","  6.1","24","  9.7"," 13.6","  49.5"," ","  34.7","*"," 0.00","I","999.9","000000"
"12815099999","2019-02-16","47.8833333","17.2833333","122.0","MOSONMAGYAROVAR, HU","  36.5","24","  29.4","24","1031.7","24","016.3","24","999.9"," 0","  2.1","23","  3.9","999.9","  51.4"," ","  27.7"," "," 0.00","I","999.9","000000"
"12815099999","2019-02-17","47.8833333","17.2833333","122.0","MOSONMAGYAROVAR, HU","  35.9","24","  29.1","24","1028.3","24","013.0","24","999.9"," 0","  2.2","23","  3.9","999.9","  55.0"," ","  26.4"," "," 0.00","I","999.9","000000"
"12815099999","2019-02-18","47.8833333","17.2833333","122.0","MOSONMAGYAROVAR, HU","  39.8","24","  30.0","24","1024.1","24","008.9","24","999.9"," 0","  3.1","24","  5.8","999.9","  56.8"," ","  27.7"," "," 0.00","I","999.9","000000"
"12815099999","2019-02-19","47.8833333","17.2833333","122.0","MOSONMAGYAROVAR, HU","  41.7","24","  29.9","24","1020.1","24","005.0","24","999.9"," 0","  4.1","21","  7.8","999.9","  56.7"," ","  27.9"," "," 0.00","I","999.9","000000"
"12815099999","2019-02-20","47.8833333","17.2833333","122.0","MOSONMAGYAROVAR, HU","  42.4","24","  30.3","24","1024.1","24","009.0","24","999.9"," 0","  6.3","24","  9.7","999.9","  52.7"," ","  34.9","*"," 0.00","I","999.9","000000"
"12815099999","2019-02-21","47.8833333","17.2833333","122.0","MOSONMAGYAROVAR, HU","  44.1","24","  32.7","24","1026.6","24","011.5","24","999.9"," 0","  4.4","21","  7.8","999.9","  56.7"," ","  29.7"," "," 0.00","I","999.9","000000"
"12815099999","2019-02-22","47.8833333","17.2833333","122.0","MOSONMAGYAROVAR, HU","  41.3","24","  29.1","24","1028.4","24","013.2","24","999.9"," 0"," 14.7","24"," 25.4"," 40.8","  50.7"," ","  28.9","*"," 0.09","G","999.9","000000"
"12815099999","2019-02-23","47.8833333","17.2833333","122.0","MOSONMAGYAROVAR, HU","  27.8","24","  10.3","24","1042.5","24","026.7","24","999.9"," 0","  6.8","24","  9.7"," 17.5","  36.1"," ","  21.6"," "," 0.01","G","999.9","000000"
"12815099999","2019-02-24","47.8833333","17.2833333","122.0","MOSONMAGYAROVAR, HU","  30.2","24","  15.3","24","1040.2","24","024.5","24","999.9"," 0","  5.4","24","  9.7"," 11.7","  37.2","*","  20.1"," "," 0.00","G","999.9","000000"
"12815099999","2019-02-25","47.8833333","17.2833333","122.0","MOSONMAGYAROVAR, HU","  44.2","24","  23.6","24","1035.0","24","019.8","24","999.9"," 0","  7.9","23"," 11.7"," 15.5","  56.7"," ","  34.0"," "," 0.00","I","999.9","000000"
"12815099999","2019-02-26","47.8833333","17.2833333","122.0","MOSONMAGYAROVAR, HU","  49.4","24","  29.1","24","1028.1","24","013.1","24","999.9"," 0"," 12.0","24"," 21.4","999.9","  61.3"," ","  41.7"," "," 0.00","I","999.9","000000"
"12815099999","2019-02-27","47.8833333","17.2833333","122.0","MOSONMAGYAROVAR, HU","  44.8","24","  28.6","24","1026.3","24","011.2","24","999.9"," 0","  7.9","24"," 13.6","999.9","  55.4"," ","  37.0"," "," 0.00","I","999.9","000000"
"12815099999","2019-02-28","47.8833333","17.2833333","122.0","MOSONMAGYAROVAR, HU","  49.8","24","  26.7","24","1013.2","24","998.5","24","999.9"," 0","  9.1","24"," 23.3","999.9","  67.6"," ","  29.3"," "," 0.00","I","999.9","000000"
"12815099999","2019-03-01","47.8833333","17.2833333","122.0","MOSONMAGYAROVAR, HU","  51.9","24","  36.1","24","1011.1","24","996.4","24","999.9"," 0"," 10.4","24"," 15.5"," 19.4","  58.1"," ","  46.9"," "," 0.00","G","999.9","000000"
"12815099999","2019-03-02","47.8833333","17.2833333","122.0","MOSONMAGYAROVAR, HU","  41.5","24","  34.9","24","1016.8","24","001.8","24","999.9"," 0","  5.2","24","  7.8","999.9","  46.2","*","  37.9","*"," 0.04","G","999.9","000000"
"12815099999","2019-03-03","47.8833333","17.2833333","122.0","MOSONMAGYAROVAR, HU","  47.1","24","  35.7","24","1015.7","24","000.8","24","999.9"," 0","  4.9","24","  9.7","999.9","  58.6"," ","  37.8"," "," 0.00","G","999.9","000000"
"12815099999","2019-03-04","47.8833333","17.2833333","122.0","MOSONMAGYAROVAR, HU","  51.8","24","  32.1","24","1004.6","24","990.0","24","999.9"," 0","  8.3","23"," 21.4","999.9","  64.4"," ","  39.0"," "," 0.00","G","999.9","000000"
"12815099999","2019-03-05","47.8833333","17.2833333","122.0","MOSONMAGYAROVAR, HU","  49.3","24","  28.2","24","1010.6","24","995.8","24","999.9"," 0"," 10.1","24"," 19.4","999.9","  56.7"," ","  43.2"," "," 0.00","G","999.9","000000"
"12815099999","2019-03-06","47.8833333","17.2833333","122.0","MOSONMAGYAROVAR, HU","  48.0","24","  31.9","24","1015.4","24","000.6","24","999.9"," 0","  7.0","22"," 11.7","999.9","  57.9"," ","  32.7"," "," 0.01","G","999.9","000000"
"12815099999","2019-03-07","47.8833333","17.2833333","122.0","MOSONMAGYAROVAR, HU","  56.0","24","  37.0","24","1006.5","24","992.0","24","999.9"," 0"," 10.4","24"," 21.4","999.9","  67.8"," ","  47.5","*"," 0.00","G","999.9","000000"
"12815099999","2019-03-08","47.8833333","17.2833333","122.0","MOSONMAGYAROVAR, HU","  50.5","23","  38.1","23","1016.0","23","001.3","23","999.9"," 0","  4.4","22","  7.8","999.9","  56.3"," ","  46.0"," "," 0.08","G","999.9","000000"
"12815099999","2019-03-09","47.8833333","17.2833333","122.0","MOSONMAGYAROVAR, HU","  50.1","24","  34.8","24","1017.8","24","003.0","24","999.9"," 0","  6.7","24"," 11.7","999.9","  57.7"," ","  43.0"," "," 0.01","G","999.9","000000"
"12815099999","2019-03-10","47.8833333","17.2833333","122.0","MOSONMAGYAROVAR, HU","  50.9","23","  37.4","23","1011.3","23","996.6","23","999.9"," 0","  7.8","23"," 22.7"," 35.0","  57.0","*","  41.5"," "," 0.03","G","999.9","000000"
"12815099999","2019-03-11","47.8833333","17.2833333","122.0","MOSONMAGYAROVAR, HU","  45.2","24","  25.4","24","1015.5","24","000.6","24","999.9"," 0"," 12.5","24"," 21.4","999.9","  53.4","*","  38.7","*"," 0.03","G","999.9","000000"
"12815099999","2019-03-12","47.8833333","17.2833333","122.0","MOSONMAGYAROVAR, HU","  40.9","24","  26.2","24","1021.3","24","006.2","24","999.9"," 0","  9.1","24"," 17.5","999.9","  49.8"," ","  34.3","*"," 0.02","G","999.9","000000"
"12815099999","2019-03-13","47.8833333","17.2833333","122.0","MOSONMAGYAROVAR, HU","  39.6","12","  24.3","12","1014.0","12","999.0","12","999.9"," 0","  8.1","12"," 13.6","999.9","  44.4","*","  33.4"," "," 0.00","G","999.9","000000"
"12815099999","2019-03-14","47.8833333","17.2833333","122.0","MOSONMAGYAROVAR, HU","  45.3","24","  28.7","24","1009.5","24","994.7","24","999.9"," 0","  7.0","24"," 13.6","999.9","  54.7"," ","  36.1"," "," 0.00","G","999.9","000000"
"12815099999","2019-03-15","47.8833333","17.2833333","122.0","MOSONMAGYAROVAR, HU","  47.0","24","  35.0","24","1007.2","24","992.5","24","999.9"," 0","  9.2","24"," 17.5","999.9","  54.5"," ","  42.1"," "," 0.06","G","999.9","000000"
"12815099999","2019-03-16","47.8833333","17.2833333","122.0","MOSONMAGYAROVAR, HU","  46.1","23","  39.3","23","1011.5","23","996.6","23","999.9"," 0","  6.4","22"," 15.5","999.9","  55.4","*","  42.3","*"," 0.37","G","999.9","000000"
"12815099999","2019-03-17","47.8833333","17.2833333","122.0","MOSONMAGYAROVAR, HU","  52.5","24","  38.9","24","1007.8","24","993.2","24","999.9"," 0","  6.5","24"," 13.6","999.9","  70.0"," ","  32.2"," "," 0.03","G","999.9","000000"
"12815099999","2019-03-18","47.8833333","17.2833333","122.0","MOSONMAGYAROVAR, HU","  45.7","24","  31.4","24","1016.9","24","002.0","24","999.9"," 0"," 10.0","24"," 21.4","999.9","  50.5","*","  39.7","*"," 0.00","G","999.9","000000"
"12815099999","2019-03-19","47.8833333","17.2833333","122.0","MOSONMAGYAROVAR, HU","  41.7","24","  27.2","24","1025.9","24","010.8","24","999.9"," 0","  7.2","24"," 11.7","999.9","  51.6"," ","  33.1","*"," 0.00","I","999.9","000000"
"12815099999","2019-03-20","47.8833333","17.2833333","122.0","MOSONMAGYAROVAR, HU","  39.8","24","  22.9","24","1033.8","24","018.5","24","999.9"," 0","  6.0","24","  9.7"," 15.5","  51.4"," ","  30.4"," "," 0.00","I","999.9","000000"
"12815099999","2019-03-21","47.8833333","17.2833333","122.0","MOSONMAGYAROVAR, HU","  42.3","24","  24.3","24","1035.5","24","020.2","24","999.9"," 0","  2.4","22","  3.9","999.9","  56.5"," ","  28.9"," "," 0.00","I","999.9","000000"
"12815099999","2019-03-22","47.8833333","17.2833333","122.0","MOSONMAGYAROVAR, HU","  47.8","24","  31.2","24","1031.8","24","016.7","24","999.9"," 0","  2.2","22","  3.9","999.9","  64.4"," ","  29.8"," "," 0.00","I","999.9","000000"
"12815099999","2019-03-23","47.8833333","17.2833333","122.0","MOSONMAGYAROVAR, HU","  50.6","23","  37.7","23","1027.2","23","012.3","23","999.9"," 0","  2.8","15","  3.9","999.9","  67.8"," ","  36.7"," "," 0.00","I","999.9","000000"
"12815099999","2019-03-24","47.8833333","17.2833333","122.0","MOSONMAGYAROVAR, HU","  53.2","24","  38.9","24","1020.8","24","006.0","24","999.9"," 0","  3.5","22","  9.7","999.9","  69.8"," ","  35.6"," "," 0.00","I","999.9","000000"
"12815099999","2019-03-25","47.8833333","17.2833333","122.0","MOSONMAGYAROVAR, HU","  48.6","24","  33.4","24","1015.6","24","000.8","24","999.9"," 0"," 10.4","24"," 25.3","999.9","  57.4"," ","  41.4","*"," 0.00","I","999.9","000000"
"12815099999","2019-03-26","47.8833333","17.2833333","122.0","MOSONMAGYAROVAR, HU","  45.2","24","  25.8","24","1023.7","24","008.7","24","999.9"," 0"," 11.8","24"," 17.5"," 25.3","  52.7"," ","  37.6"," "," 0.00","I","999.9","000000"
"12815099999","2019-03-27","47.8833333","17.2833333","122.0","MOSONMAGYAROVAR, HU","  45.6","24","  26.5","24","1028.9","24","013.8","24","999.9"," 0","  9.5","24"," 13.6","999.9","  53.6"," ","  39.0","*"," 0.00","I","999.9","000000"
"12815099999","2019-03-28","47.8833333","17.2833333","122.0","MOSONMAGYAROVAR, HU","  45.9","24","  33.9","24","1031.7","24","016.5","24","999.9"," 0","  6.3","24"," 13.6","999.9","  57.6"," ","  32.4"," "," 0.00","I","999.9","000000"
"12815099999","2019-03-29","47.8833333","17.2833333","122.0","MOSONMAGYAROVAR, HU","  46.7","23","  32.6","23","1031.7","23","016.6","23","999.9"," 0","  3.5","23","  7.8","999.9","  59.9"," ","  31.8"," "," 0.00","I","999.9","000000"
"12815099999","2019-03-30","47.8833333","17.2833333","122.0","MOSONMAGYAROVAR, HU","  48.8","24","  31.9","24","1025.1","24","010.2","24","999.9"," 0","  3.0","23","  3.9","999.9","  65.8"," ","  31.8"," "," 0.00","I","999.9","000000"
"12815099999","2019-03-31","47.8833333","17.2833333","122.0","MOSONMAGYAROVAR, HU","  52.0","24","  33.2","24","1019.2","24","004.4","24","999.9"," 0","  3.6","24","  9.7","999.9","  68.7"," ","  31.5"," "," 0.00","I","999.9","000000"
"12815099999","2019-04-01","47.8833333","17.2833333","122.0","MOSONMAGYAROVAR, HU","  53.3","24","  34.7","24","1019.9","24","005.2","24","999.9"," 0","  6.2","24"," 11.7","999.9","  64.9"," ","  42.4"," "," 0.00","I","999.9","000000"
"12815099999","2019-04-02","47.8833333","17.2833333","122.0","MOSONMAGYAROVAR, HU","  52.9","24","  29.1","24","1016.8","24","002.1","24","999.9"," 0","  5.7","24","  9.7","999.9","  67.8"," ","  37.0"," "," 0.00","I","999.9","000000"
"12815099999","2019-04-03","47.8833333","17.2833333","122.0","MOSONMAGYAROVAR, HU","  55.5","24","  33.2","24","1009.3","24","994.8","24","999.9"," 0","  8.8","24"," 15.5","999.9","  67.6"," ","  45.9"," "," 0.00","I","999.9","000000"
"12815099999","2019-04-04","47.8833333","17.2833333","122.0","MOSONMAGYAROVAR, HU","  58.0","24","  37.3","24","1004.7","24","990.3","24","999.9"," 0","  7.9","24"," 13.6","999.9","  68.2"," ","  48.0"," "," 0.03","G","999.9","000000"
"12815099999","2019-04-05","47.8833333","17.2833333","122.0","MOSONMAGYAROVAR, HU","  52.8","24","  39.1","24","1005.4","24","990.8","24","999.9"," 0","  6.0","24"," 11.7","999.9","  62.2"," ","  46.9","*"," 0.00","G","999.9","000000"
"12815099999","2019-04-06","47.8833333","17.2833333","122.0","MOSONMAGYAROVAR, HU","  49.7","24","  40.1","24","1007.9","24","993.3","24","999.9"," 0","  3.8","24","  5.8","999.9","  58.5"," ","  44.6"," "," 0.24","G","999.9","000000"
"12815099999","2019-04-07","47.8833333","17.2833333","122.0","MOSONMAGYAROVAR, HU","  54.4","24","  42.6","24","1006.6","24","992.1","24","999.9"," 0","  5.0","24","  7.8","999.9","  66.9"," ","  43.9"," "," 0.00","G","999.9","000000"
"12815099999","2019-04-08","47.8833333","17.2833333","122.0","MOSONMAGYAROVAR, HU","  57.8","24","  41.7","24","1006.1","24","991.7","24","999.9"," 0","  6.6","24","  9.7","999.9","  70.9"," ","  44.1"," "," 0.00","I","999.9","000000"
"12815099999","2019-04-09","47.8833333","17.2833333","122.0","MOSONMAGYAROVAR, HU","  58.3","24","  40.9","24","1006.4","24","992.0","24","999.9"," 0","  8.3","24"," 11.7","999.9","  70.0"," ","  50.0"," "," 0.00","I","999.9","000000"
"12815099999","2019-04-10","47.8833333","17.2833333","122.0","MOSONMAGYAROVAR, HU","  49.6","24","  40.4","24","1008.7","24","994.1","24","999.9"," 0","  8.2","24"," 12.0"," 19.4","  53.2"," ","  46.4","*"," 0.00","I","999.9","000000"
"12815099999","2019-04-11","47.8833333","17.2833333","122.0","MOSONMAGYAROVAR, HU","  44.2","24","  34.2","24","1013.6","24","998.7","24","999.9"," 0"," 10.7","24"," 13.6"," 21.4","  48.0"," ","  41.0","*"," 0.06","G","999.9","000000"
"12815099999","2019-04-12","47.8833333","17.2833333","122.0","MOSONMAGYAROVAR, HU","  44.6","24","  30.2","24","1017.1","24","002.1","24","999.9"," 0"," 10.6","24"," 13.6"," 17.5","  50.4"," ","  39.2"," "," 0.16","G","999.9","000000"
"12815099999","2019-04-13","47.8833333","17.2833333","122.0","MOSONMAGYAROVAR, HU","  41.8","24","  33.1","24","1018.3","24","003.3","24","999.9"," 0","  9.5","24"," 13.6"," 17.5","  46.9"," ","  38.8"," "," 0.04","G","999.9","000000"
"12815099999","2019-04-14","47.8833333","17.2833333","122.0","MOSONMAGYAROVAR, HU","  46.9","24","  38.2","24","1017.4","24","002.5","24","999.9"," 0","  7.7","24"," 11.7"," 15.5","  54.7"," ","  39.0"," "," 0.01","G","999.9","000000"
"12815099999","2019-04-15","47.8833333","17.2833333","122.0","MOSONMAGYAROVAR, HU","  51.0","24","  31.2","24","1021.1","24","006.3","24","999.9"," 0","  5.1","24","  7.8"," 13.6","  62.2"," ","  39.9"," "," 0.00","G","999.9","000000"
"12815099999","2019-04-16","47.8833333","17.2833333","122.0","MOSONMAGYAROVAR, HU","  48.2","24","  26.9","24","1021.2","24","006.3","24","999.9"," 0","  3.2","24","  5.8","999.9","  63.0"," ","  30.6"," "," 0.00","G","999.9","000000"
"12815099999","2019-04-17","47.8833333","17.2833333","122.0","MOSONMAGYAROVAR, HU","  51.6","24","  31.5","24","1022.7","24","007.9","24","999.9"," 0","  5.3","24","  9.7","999.9","  64.0"," ","  33.4"," "," 0.00","I","999.9","000000"
"12815099999","2019-04-18","47.8833333","17.2833333","122.0","MOSONMAGYAROVAR, HU","  54.0","24","  37.4","24","1028.0","24","013.1","24","999.9"," 0","  2.7","22","  3.9","999.9","  68.0"," ","  38.1"," "," 0.00","I","999.9","000000"
"12815099999","2019-04-19","47.8833333","17.2833333","122.0","MOSONMAGYAROVAR, HU","  57.9","24","  36.7","24","1029.2","24","014.4","24","999.9"," 0","  5.0","21","  7.8","999.9","  72.7"," ","  39.7"," "," 0.00","I","999.9","000000"
"12815099999","2019-04-20","47.8833333","17.2833333","122.0","MOSONMAGYAROVAR, HU","  56.6","24","  30.8","24","1027.8","24","013.1","24","999.9"," 0","  2.8","23","  3.9","999.9","  72.5"," ","  36.3"," "," 0.00","I","999.9","000000"
"12815099999","2019-04-21","47.8833333","17.2833333","122.0","MOSONMAGYAROVAR, HU","  56.0","24","  31.8","24","1021.1","24","006.4","24","999.9"," 0","  3.4","22","  7.8","999.9","  72.9"," ","  37.2"," "," 0.00","I","999.9","000000"
"12815099999","2019-04-22","47.8833333","17.2833333","122.0","MOSONMAGYAROVAR, HU","  56.5","24","  37.6","24","1013.7","24","999.1","24","999.9"," 0","  6.3","23"," 11.7","999.9","  73.0"," ","  36.7"," "," 0.00","I","999.9","000000"
"12815099999","2019-04-23","47.8833333","17.2833333","122.0","MOSONMAGYAROVAR, HU","  52.3","24","  41.8","24","1013.3","24","998.6","24","999.9"," 0","  8.3","24"," 11.7","999.9","  55.8"," ","  50.7"," "," 0.04","E","999.9","000000"
"12815099999","2019-04-24","47.8833333","17.2833333","122.0","MOSONMAGYAROVAR, HU","  62.4","24","  46.9","24","1013.2","24","998.8","24","999.9"," 0"," 10.0","24"," 15.5","999.9","  74.5"," ","  49.3"," "," 0.00","I","999.9","000000"
"12815099999","2019-04-25","47.8833333","17.2833333","122.0","MOSONMAGYAROVAR, HU","  69.3","24","  47.3","24","1013.2","24","999.0","24","999.9"," 0","  9.4","24"," 13.6","999.9","  80.4"," ","  58.5"," "," 0.00","I","999.9","000000"
"12815099999","2019-04-26","47.8833333","17.2833333","122.0","MOSONMAGYAROVAR, HU","  68.5","24","  46.8","24","1011.1","24","996.9","24","999.9"," 0"," 10.6","24"," 17.5","999.9","  80.4"," ","  52.5","*"," 0.00","I","999.9","000000"
"12815099999","2019-04-27","47.8833333","17.2833333","122.0","MOSONMAGYAROVAR, HU","  54.9","24","  39.4","24","1014.4","24","999.8","24","999.9"," 0","  9.8","24"," 15.5"," 25.3","  61.5","*","  46.9","*"," 0.02","G","999.9","000000"
"12815099999","2019-04-28","47.8833333","17.2833333","122.0","MOSONMAGYAROVAR, HU","  53.6","24","  33.7","24","1015.8","24","001.1","24","999.9"," 0"," 12.9","24"," 21.4"," 29.1","  62.1"," ","  43.7"," "," 0.00","G","999.9","000000"
"12815099999","2019-04-29","47.8833333","17.2833333","122.0","MOSONMAGYAROVAR, HU","  48.9","24","  41.8","24","1014.4","24","999.6","24","999.9"," 0"," 10.8","24"," 17.5"," 23.3","  50.7"," ","  46.6"," "," 0.08","G","999.9","000000"
"12815099999","2019-04-30","47.8833333","17.2833333","122.0","MOSONMAGYAROVAR, HU","  51.8","24","  44.9","24","1010.9","24","996.3","24","999.9"," 0","  9.9","24"," 13.6"," 21.4","  67.8"," ","  48.0"," "," 0.00","G","999.9","000000"
"12815099999","2019-05-01","47.8833333","17.2833333","122.0","MOSONMAGYAROVAR, HU","  57.1","24","  41.0","24","1010.9","24","996.4","24","999.9"," 0"," 11.9","24"," 17.5"," 27.2","  67.8"," ","  47.7"," "," 0.31","G","999.9","000000"
"12815099999","2019-05-02","47.8833333","17.2833333","122.0","MOSONMAGYAROVAR, HU","  60.9","24","  41.7","24","1008.2","24","993.8","24","999.9"," 0","  4.4","21","  9.7","999.9","  74.3"," ","  46.6"," "," 0.00","G","999.9","000000"
"12815099999","2019-05-03","47.8833333","17.2833333","122.0","MOSONMAGYAROVAR, HU","  54.6","24","  45.8","24","1007.8","24","993.2","24","999.9"," 0","  6.4","22"," 11.7","999.9","  63.1"," ","  48.9"," "," 0.04","E","999.9","000000"
"12815099999","2019-05-04","47.8833333","17.2833333","122.0","MOSONMAGYAROVAR, HU","  52.2","24","  47.2","24","1006.4","24","991.8","24","999.9"," 0","  3.9","20"," 11.7","999.9","  57.6"," ","  47.7","*"," 0.01","F","999.9","000000"
"12815099999","2019-05-05","47.8833333","17.2833333","122.0","MOSONMAGYAROVAR, HU","  41.3","23","  37.9","23","1009.1","23","994.2","23","999.9"," 0"," 15.1","23"," 17.5","999.9","  46.8","*","  39.2","*"," 0.40","G","999.9","000000"
"12815099999","2019-05-06","47.8833333","17.2833333","122.0","MOSONMAGYAROVAR, HU","  45.8","24","  34.6","24","1013.1","24","998.2","24","999.9"," 0"," 13.8","24"," 21.4","999.9","  50.4"," ","  40.3"," "," 0.76","G","999.9","000000"
"12815099999","2019-05-07","47.8833333","17.2833333","122.0","MOSONMAGYAROVAR, HU","  47.6","24","  32.8","24","1018.2","24","003.3","24","999.9"," 0","  7.8","23"," 13.6","999.9","  57.9"," ","  35.8"," "," 0.00","G","999.9","000000"
"12815099999","2019-05-08","47.8833333","17.2833333","122.0","MOSONMAGYAROVAR, HU","  53.4","24","  38.0","24","1012.8","24","998.2","24","999.9"," 0","  7.9","24"," 13.6","999.9","  65.8"," ","  34.7"," "," 0.00","G","999.9","000000"
"12815099999","2019-05-09","47.8833333","17.2833333","122.0","MOSONMAGYAROVAR, HU","  52.8","24","  45.6","24","1004.8","24","990.3","24","999.9"," 0","  5.3","22","  7.8","999.9","  59.4"," ","  46.8","*"," 0.24","E","999.9","000000"
"12815099999","2019-05-10","47.8833333","17.2833333","122.0","MOSONMAGYAROVAR, HU","  57.4","24","  44.9","24","1010.1","24","995.6","24","999.9"," 0","  6.5","23"," 15.5","999.9","  69.1"," ","  44.2"," "," 0.00","I","999.9","000000"
"12815099999","2019-05-11","47.8833333","17.2833333","122.0","MOSONMAGYAROVAR, HU","  55.7","24","  48.6","24","1013.0","24","998.4","24","999.9"," 0","  4.7","22"," 13.6","999.9","  72.1"," ","  42.4"," "," 0.20","E","999.9","000000"
"12815099999","2019-05-12","47.8833333","17.2833333","122.0","MOSONMAGYAROVAR, HU","  52.0","24","  47.2","24","1019.8","24","005.0","24","999.9"," 0"," 11.6","24"," 19.4","999.9","  59.9"," ","  48.2","*"," 0.57","G","999.9","000000"
"12815099999","2019-05-13","47.8833333","17.2833333","122.0","MOSONMAGYAROVAR, HU","  49.2","24","  38.9","24","1026.6","24","011.7","24","999.9"," 0"," 14.0","24"," 19.4","999.9","  54.3"," ","  45.1"," "," 0.08","G","999.9","000000"
"12815099999","2019-05-14","47.8833333","17.2833333","122.0","MOSONMAGYAROVAR, HU","  45.1","23","  37.3","23","1023.0","23","008.0","23","999.9"," 0"," 11.9","23"," 15.5","999.9","  48.2"," ","  43.2","*"," 0.06","G","999.9","000000"
"12815099999","2019-05-15","47.8833333","17.2833333","122.0","MOSONMAGYAROVAR, HU","  45.4","23","  41.7","23","1015.8","23","000.9","23","999.9"," 0"," 13.5","23"," 19.4","999.9","  49.8"," ","  43.2"," "," 0.24","G","999.9","000000"
"12815099999","2019-05-16","47.8833333","17.2833333","122.0","MOSONMAGYAROVAR, HU","  47.7","24","  44.2","24","1014.5","24","999.7","24","999.9"," 0","  6.4","21"," 13.6","999.9","  54.7"," ","  43.2","*"," 0.33","G","999.9","000000"
"12815099999","2019-05-17","47.8833333","17.2833333","122.0","MOSONMAGYAROVAR, HU","  50.8","24","  44.3","24","1012.9","24","998.2","24","999.9"," 0","  4.7","23","  7.8","999.9","  60.1"," ","  40.1"," "," 0.00","G","999.9","000000"
"12815099999","2019-05-18","47.8833333","17.2833333","122.0","MOSONMAGYAROVAR, HU","  57.8","24","  48.7","24","1009.8","24","995.3","24","999.9"," 0","  3.4","24","  5.8","999.9","  70.2"," ","  44.2"," "," 0.00","I","999.9","000000"
"12815099999","2019-05-19","47.8833333","17.2833333","122.0","MOSONMAGYAROVAR, HU","  58.5","24","  53.3","24","1005.4","24","991.1","24","999.9"," 0","  2.8","22","  5.8","999.9","  70.7"," ","  45.9"," "," 0.01","E","999.9","000000"
"12815099999","2019-05-20","47.8833333","17.2833333","122.0","MOSONMAGYAROVAR, HU","  60.6","24","  52.5","24","1003.5","24","989.3","24","999.9"," 0","  6.7","24"," 11.7","999.9","  70.3"," ","  54.1","*"," 0.25","G","999.9","000000"
"12815099999","2019-05-21","47.8833333","17.2833333","122.0","MOSONMAGYAROVAR, HU","  59.0","24","  49.2","24","1006.4","24","992.0","24","999.9"," 0","  4.9","24","  9.7","999.9","  69.3"," ","  49.5"," "," 0.04","G","999.9","000000"
"12815099999","2019-05-22","47.8833333","17.2833333","122.0","MOSONMAGYAROVAR, HU","  57.3","22","  51.9","22","1010.6","22","996.1","22","999.9"," 0","  8.5","22"," 13.6"," 17.5","  60.6"," ","  55.0"," "," 0.11","G","999.9","000000"
"12815099999","2019-05-23","47.8833333","17.2833333","122.0","MOSONMAGYAROVAR, HU","  55.0","23","  46.8","23","1016.0","23","001.3","23","999.9"," 0"," 10.9","23"," 17.5","999.9","  59.0"," ","  51.3","*"," 0.22","G","999.9","000000"
"12815099999","2019-05-24","47.8833333","17.2833333","122.0","MOSONMAGYAROVAR, HU","  60.6","24","  46.7","24","1013.8","24","999.3","24","999.9"," 0","  7.4","23","  9.7","999.9","  70.3"," ","  50.2"," "," 0.02","G","999.9","000000"
"12815099999","2019-05-25","47.8833333","17.2833333","122.0","MOSONMAGYAROVAR, HU","  63.5","24","  49.2","24","1013.7","24","999.3","24","999.9"," 0","  3.0","22","  5.1","999.9","  76.8"," ","  47.1"," "," 0.00","G","999.9","000000"
"12815099999","2019-05-26","47.8833333","17.2833333","122.0","MOSONMAGYAROVAR, HU","  67.3","24","  55.8","24","1014.0","24","999.8","24","999.9"," 0","  2.8","21","  5.8","999.9","  78.4"," ","  55.9"," "," 0.06","G","999.9","000000"
"12815099999","2019-05-27","47.8833333","17.2833333","122.0","MOSONMAGYAROVAR, HU","  61.7","24","  57.4","24","1011.2","24","996.8","24","999.9"," 0","  4.1","20","  7.8","999.9","  70.0"," ","  56.1"," "," 0.00","G","999.9","000000"
"12815099999","2019-05-28","47.8833333","17.2833333","122.0","MOSONMAGYAROVAR, HU","  61.0","24","  57.4","24","1005.6","24","991.3","24","999.9"," 0","  5.1","24","  8.7"," 17.5","  69.4"," ","  57.2"," "," 0.11","G","999.9","000000"
"12815099999","2019-05-29","47.8833333","17.2833333","122.0","MOSONMAGYAROVAR, HU","  57.0","24","  51.2","24","1013.3","24","998.8","24","999.9"," 0"," 10.3","24"," 13.6"," 21.4","  62.2"," ","  51.4","*"," 0.44","G","999.9","000000"
"12815099999","2019-05-30","47.8833333","17.2833333","122.0","MOSONMAGYAROVAR, HU","  51.2","24","  47.8","24","1022.3","24","007.4","24","999.9"," 0","  9.5","24"," 13.6"," 21.4","  54.1"," ","  49.3"," "," 0.98","G","999.9","000000"
"12815099999","2019-05-31","47.8833333","17.2833333","122.0","MOSONMAGYAROVAR, HU","  61.1","24","  49.3","24","1023.0","24","008.4","24","999.9"," 0","  7.2","24"," 11.7"," 17.5","  72.7"," ","  50.0"," "," 0.37","G","999.9","000000"
"12815099999","2019-06-01","47.8833333","17.2833333","122.0","MOSONMAGYAROVAR, HU","  67.2","24","  55.4","24","1020.0","24","005.6","24","999.9"," 0","  7.4","24"," 11.7","999.9","  79.2"," ","  53.4"," "," 0.00","G","999.9","000000"
"12815099999","2019-06-02","47.8833333","17.2833333","122.0","MOSONMAGYAROVAR, HU","  70.5","24","  57.7","24","1018.1","24","003.8","24","999.9"," 0","  3.5","23","  7.8","999.9","  81.0"," ","  58.3"," "," 0.00","I","999.9","000000"
"12815099999","2019-06-03","47.8833333","17.2833333","122.0","MOSONMAGYAROVAR, HU","  67.6","18","  57.2","18","1015.9","18","001.6","18","999.9"," 0","  3.4","16","  7.8","999.9","  82.8"," ","  55.2"," "," 0.00","I","999.9","000000"
"12815099999","2019-06-04","47.8833333","17.2833333","122.0","MOSONMAGYAROVAR, HU","  71.4","24","  60.3","24","1012.6","24","998.4","24","999.9"," 0","  2.6","21","  5.8","999.9","  82.4"," ","  60.6"," "," 0.00","G","999.9","000000"
"12815099999","2019-06-05","47.8833333","17.2833333","122.0","MOSONMAGYAROVAR, HU","  70.8","24","  60.2","24","1009.8","24","995.7","24","999.9"," 0","  4.0","24","  9.7","999.9","  82.4"," ","  59.0"," "," 0.00","G","999.9","000000"
"12815099999","2019-06-06","47.8833333","17.2833333","122.0","MOSONMAGYAROVAR, HU","  68.3","24","  61.3","24","1010.9","24","996.7","24","999.9"," 0","  5.4","24","  9.7","999.9","  77.4"," ","  61.2"," "," 0.00","I","999.9","000000"
"12815099999","2019-06-07","47.8833333","17.2833333","122.0","MOSONMAGYAROVAR, HU","  70.4","24","  61.1","24","1014.0","24","999.8","24","999.9"," 0","  5.3","24","  9.7","999.9","  80.6"," ","  61.7"," "," 0.44","G","999.9","000000"
"12815099999","2019-06-08","47.8833333","17.2833333","122.0","MOSONMAGYAROVAR, HU","  68.0","24","  53.2","24","1019.7","24","005.4","24","999.9"," 0","  8.5","24"," 15.5","999.9","  76.3"," ","  57.9"," "," 0.00","G","999.9","000000"
"12815099999","2019-06-09","47.8833333","17.2833333","122.0","MOSONMAGYAROVAR, HU","  70.7","24","  57.3","24","1021.7","24","007.4","24","999.9"," 0","  4.3","21","  7.8","999.9","  83.8"," ","  55.8"," "," 0.00","I","999.9","000000"
"12815099999","2019-06-10","47.8833333","17.2833333","122.0","MOSONMAGYAROVAR, HU","  76.4","24","  62.9","24","1015.1","24","001.0","24","999.9"," 0","  5.9","24","  9.7","999.9","  87.3"," ","  62.6"," "," 0.00","I","999.9","000000"
"12815099999","2019-06-11","47.8833333","17.2833333","122.0","MOSONMAGYAROVAR, HU","  78.9","24","  65.1","24","1011.9","24","997.9","24","999.9"," 0","  6.1","24","  9.7","999.9","  89.8"," ","  67.8"," "," 0.00","I","999.9","000000"
"12815099999","2019-06-12","47.8833333","17.2833333","122.0","MOSONMAGYAROVAR, HU","  78.6","24","  64.4","24","1011.5","24","997.6","24","999.9"," 0","  6.2","24","  9.7","999.9","  88.5"," ","  67.6"," "," 0.00","I","999.9","000000"
"12815099999","2019-06-13","47.8833333","17.2833333","122.0","MOSONMAGYAROVAR, HU","  80.0","24","  65.0","24","1011.8","24","997.9","24","999.9"," 0","  5.7","24","  9.7","999.9","  91.4"," ","  69.4"," "," 0.00","I","999.9","000000"
"12815099999","2019-06-14","47.8833333","17.2833333","122.0","MOSONMAGYAROVAR, HU","  77.6","24","  63.7","24","1016.0","24","002.0","24","999.9"," 0","  4.0","24","  7.8","999.9","  89.6"," ","  64.0"," "," 0.00","I","999.9","000000"
"12815099999","2019-06-15","47.8833333","17.2833333","122.0","MOSONMAGYAROVAR, HU","  80.4","24","  67.4","24","1012.9","24","999.0","24","999.9"," 0","  5.7","24","  9.7","999.9","  91.0"," ","  68.2"," "," 0.00","I","999.9","000000"
"12815099999","2019-06-16","47.8833333","17.2833333","122.0","MOSONMAGYAROVAR, HU","  73.6","24","  61.9","24","1015.0","24","000.9","24","999.9"," 0"," 10.5","24"," 15.5","999.9","  80.6"," ","  67.5","*"," 0.04","E","999.9","000000"
"12815099999","2019-06-17","47.8833333","17.2833333","122.0","MOSONMAGYAROVAR, HU","  71.8","24","  60.1","24","1018.0","24","003.7","24","999.9"," 0","  5.9","23","  9.7","999.9","  81.7"," ","  63.0","*"," 0.00","I","999.9","000000"
"12815099999","2019-06-18","47.8833333","17.2833333","122.0","MOSONMAGYAROVAR, HU","  72.4","24","  59.6","24","1016.1","24","001.9","24","999.9"," 0","  2.8","24","  3.9","999.9","  83.8"," ","  59.0"," "," 0.00","I","999.9","000000"
"12815099999","2019-06-19","47.8833333","17.2833333","122.0","MOSONMAGYAROVAR, HU","  71.6","23","  65.0","23","1012.4","23","998.3","23","999.9"," 0","  3.6","22","  8.2"," 17.5","  81.9"," ","  62.6"," "," 0.00","G","999.9","000000"
"12815099999","2019-06-20","47.8833333","17.2833333","122.0","MOSONMAGYAROVAR, HU","  73.1","23","  63.6","23","1011.9","23","997.8","23","999.9"," 0","  3.3","22","  9.7","999.9","  84.7"," ","  62.6"," "," 0.04","G","999.9","000000"
"12815099999","2019-06-21","47.8833333","17.2833333","122.0","MOSONMAGYAROVAR, HU","  73.2","24","  59.0","24","1015.5","24","001.3","24","999.9"," 0","  5.3","24","  9.7"," 15.5","  84.9"," ","  62.8"," "," 0.02","G","999.9","000000"
"12815099999","2019-06-22","47.8833333","17.2833333","122.0","MOSONMAGYAROVAR, HU","  70.7","24","  62.1","24","1016.5","24","002.3","24","999.9"," 0","  3.8","24","  9.7","999.9","  83.3"," ","  64.0","*"," 0.00","G","999.9","000000"
"12815099999","2019-06-23","47.8833333","17.2833333","122.0","MOSONMAGYAROVAR, HU","  66.3","24","  64.0","24","1016.1","24","001.8","24","999.9"," 0","  4.1","23","  7.8","999.9","  74.3"," ","  61.3"," "," 0.03","G","999.9","000000"
"12815099999","2019-06-24","47.8833333","17.2833333","122.0","MOSONMAGYAROVAR, HU","  73.8","24","  63.8","24","1019.7","24","005.6","24","999.9"," 0","  5.0","22","  9.7","999.9","  85.1"," ","  63.0"," "," 1.70","G","999.9","000000"
"12815099999","2019-06-25","47.8833333","17.2833333","122.0","MOSONMAGYAROVAR, HU","  77.4","24","  66.8","24","1022.9","24","008.8","24","999.9"," 0","  3.6","24","  5.8","999.9","  88.2"," ","  65.7"," "," 0.00","G","999.9","000000"
"12815099999","2019-06-26","47.8833333","17.2833333","122.0","MOSONMAGYAROVAR, HU","  81.5","24","  67.4","24","1022.2","24","008.2","24","999.9"," 0","  5.5","23","  8.7"," 15.5","  92.5"," ","  67.1"," "," 0.00","I","999.9","000000"
"12815099999","2019-06-27","47.8833333","17.2833333","122.0","MOSONMAGYAROVAR, HU","  80.3","24","  62.9","24","1017.2","24","003.2","24","999.9"," 0","  6.7","24"," 11.7"," 17.5","  92.3"," ","  63.5","*"," 0.00","I","999.9","000000"
"12815099999","2019-06-28","47.8833333","17.2833333","122.0","MOSONMAGYAROVAR, HU","  70.1","24","  50.4","24","1020.0","24","005.7","24","999.9"," 0","  8.4","24"," 13.6"," 21.4","  79.2"," ","  59.4","*"," 0.00","I","999.9","000000"
"12815099999","2019-06-29","47.8833333","17.2833333","122.0","MOSONMAGYAROVAR, HU","  70.5","24","  52.5","24","1021.1","24","006.9","24","999.9"," 0","  2.9","21","  5.8","999.9","  83.5"," ","  54.0"," "," 0.00","I","999.9","000000"
"12815099999","2019-06-30","47.8833333","17.2833333","122.0","MOSONMAGYAROVAR, HU","  76.9","23","  58.1","23","1018.2","23","004.1","23","999.9"," 0","  6.8","23"," 11.7"," 17.5","  90.1"," ","  57.7"," "," 0.00","I","999.9","000000"
"12815099999","2019-07-01","47.8833333","17.2833333","122.0","MOSONMAGYAROVAR, HU","  78.5","23","  62.8","23","1015.1","23","001.1","23","999.9"," 0","  5.2","23"," 13.6","999.9","  96.8"," ","  65.7"," "," 0.00","I","999.9","000000"
"12815099999","2019-07-02","47.8833333","17.2833333","122.0","MOSONMAGYAROVAR, HU","  73.6","24","  61.9","24","1015.8","24","001.7","24","999.9"," 0","  5.9","23"," 11.7","999.9","  83.1"," ","  63.7"," "," 0.00","I","999.9","000000"
"12815099999","2019-07-03","47.8833333","17.2833333","122.0","MOSONMAGYAROVAR, HU","  69.9","24","  52.8","24","1018.5","24","004.3","24","999.9"," 0","  5.3","24","  9.7","999.9","  81.3"," ","  58.1"," "," 0.00","I","999.9","000000"
"12815099999","2019-07-04","47.8833333","17.2833333","122.0","MOSONMAGYAROVAR, HU","  69.3","24","  49.4","24","1019.8","24","005.5","24","999.9"," 0","  3.6","24","  5.8","999.9","  82.4"," ","  54.1"," "," 0.00","I","999.9","000000"
"12815099999","2019-07-05","47.8833333","17.2833333","122.0","MOSONMAGYAROVAR, HU","  72.8","23","  51.8","23","1014.7","23","000.5","23","999.9"," 0","  5.2","23"," 11.7","999.9","  86.5"," ","  55.4","*"," 0.00","I","999.9","000000"
"12815099999","2019-07-06","47.8833333","17.2833333","122.0","MOSONMAGYAROVAR, HU","  77.5","24","  56.1","24","1010.3","24","996.3","24","999.9"," 0","  4.4","23","  7.8","999.9","  92.7"," ","  56.3"," "," 0.00","I","999.9","000000"
"12815099999","2019-07-07","47.8833333","17.2833333","122.0","MOSONMAGYAROVAR, HU","  74.3","24","  56.9","24","1008.2","24","994.2","24","999.9"," 0","  7.4","24"," 13.6","999.9","  86.2"," ","  61.5","*"," 0.00","G","999.9","000000"
"12815099999","2019-07-08","47.8833333","17.2833333","122.0","MOSONMAGYAROVAR, HU","  66.7","24","  50.1","24","1014.2","24","999.9","24","999.9"," 0","  5.7","24","  9.7","999.9","  76.3"," ","  56.1"," "," 0.12","G","999.9","000000"
"12815099999","2019-07-09","47.8833333","17.2833333","122.0","MOSONMAGYAROVAR, HU","  65.0","24","  44.6","24","1015.1","24","000.8","24","999.9"," 0","  5.2","24","  7.8","999.9","  74.8"," ","  53.4"," "," 0.00","G","999.9","000000"
"12815099999","2019-07-10","47.8833333","17.2833333","122.0","MOSONMAGYAROVAR, HU","  63.9","24","  43.0","24","1015.7","24","001.3","24","999.9"," 0","  8.0","24"," 15.5","999.9","  73.4"," ","  53.2","*"," 0.00","I","999.9","000000"
"12815099999","2019-07-11","47.8833333","17.2833333","122.0","MOSONMAGYAROVAR, HU","  66.5","24","  45.7","24","1013.1","24","998.8","24","999.9"," 0","  5.0","24","  9.7","999.9","  79.2"," ","  50.2"," "," 0.00","I","999.9","000000"
"12815099999","2019-07-12","47.8833333","17.2833333","122.0","MOSONMAGYAROVAR, HU","  64.8","24","  56.0","24","1012.2","24","997.9","24","999.9"," 0","  3.7","24","  7.8","999.9","  72.0","*","  60.3"," "," 0.11","E","999.9","000000"
"12815099999","2019-07-13","47.8833333","17.2833333","122.0","MOSONMAGYAROVAR, HU","  62.6","24","  56.5","24","1011.0","24","996.6","24","999.9"," 0","  6.6","23"," 12.4"," 23.3","  69.8","*","  55.9"," "," 0.04","F","999.9","000000"
"12815099999","2019-07-14","47.8833333","17.2833333","122.0","MOSONMAGYAROVAR, HU","  65.2","24","  55.4","24","1012.2","24","998.0","24","999.9"," 0","  8.3","24"," 12.6"," 25.3","  78.4"," ","  58.6","*"," 0.12","E","999.9","000000"
"12815099999","2019-07-15","47.8833333","17.2833333","122.0","MOSONMAGYAROVAR, HU","  65.6","24","  51.5","24","1013.4","24","999.1","24","999.9"," 0","  5.8","24","  9.7"," 15.5","  79.0"," ","  53.6"," "," 0.00","I","999.9","000000"
"12815099999","2019-07-16","47.8833333","17.2833333","122.0","MOSONMAGYAROVAR, HU","  68.6","24","  52.4","24","1013.1","24","998.9","24","999.9"," 0","  5.3","23","  9.1"," 23.3","  81.5","*","  52.9"," "," 0.00","I","999.9","000000"
"12815099999","2019-07-17","47.8833333","17.2833333","122.0","MOSONMAGYAROVAR, HU","  68.3","24","  52.4","24","1012.8","24","998.6","24","999.9"," 0","  5.0","24","  9.7"," 19.4","  80.8","*","  55.4"," "," 0.00","I","999.9","000000"
"12815099999","2019-07-18","47.8833333","17.2833333","122.0","MOSONMAGYAROVAR, HU","  71.0","24","  53.4","24","1012.4","24","998.2","24","999.9"," 0","  3.7","23","  7.8","999.9","  83.8"," ","  59.4"," "," 0.00","I","999.9","000000"
"12815099999","2019-07-19","47.8833333","17.2833333","122.0","MOSONMAGYAROVAR, HU","  70.8","24","  56.6","24","1015.1","24","000.9","24","999.9"," 0","  2.6","22","  5.6","999.9","  88.3"," ","  54.9"," "," 0.00","I","999.9","000000"
"12815099999","2019-07-20","47.8833333","17.2833333","122.0","MOSONMAGYAROVAR, HU","  77.6","24","  58.5","24","1015.5","24","001.5","24","999.9"," 0","  5.4","21","  9.7"," 17.5","  91.8","*","  61.7"," "," 0.00","I","999.9","000000"
"12815099999","2019-07-21","47.8833333","17.2833333","122.0","MOSONMAGYAROVAR, HU","  73.3","24","  60.3","24","1018.6","24","004.4","24","999.9"," 0","  6.0","23"," 21.4","999.9","  86.9"," ","  64.4"," "," 0.00","I","999.9","000000"
"12815099999","2019-07-22","47.8833333","17.2833333","122.0","MOSONMAGYAROVAR, HU","  75.4","24","  57.0","24","1021.7","24","007.6","24","999.9"," 0","  4.9","19","  7.8","999.9","  88.2"," ","  61.5"," "," 0.00","I","999.9","000000"
"12815099999","2019-07-23","47.8833333","17.2833333","122.0","MOSONMAGYAROVAR, HU","  77.6","24","  58.5","24","1018.9","24","004.8","24","999.9"," 0","  5.2","24","  9.7"," 21.4","  90.3"," ","  63.7"," "," 0.00","I","999.9","000000"
"12815099999","2019-07-24","47.8833333","17.2833333","122.0","MOSONMAGYAROVAR, HU","  77.0","24","  59.2","24","1017.4","24","003.3","24","999.9"," 0","  3.4","22","  5.8","999.9","  91.2"," ","  62.1"," "," 0.00","I","999.9","000000"
"12815099999","2019-07-25","47.8833333","17.2833333","122.0","MOSONMAGYAROVAR, HU","  79.2","24","  58.2","24","1016.3","24","002.3","24","999.9"," 0","  3.2","24","  5.8","999.9","  93.4"," ","  60.6"," "," 0.00","I","999.9","000000"
"12815099999","2019-07-26","47.8833333","17.2833333","122.0","MOSONMAGYAROVAR, HU","  82.0","24","  61.5","24","1009.1","24","995.3","24","999.9"," 0","  4.7","24","  7.8","999.9","  94.6"," ","  66.9"," "," 0.00","I","999.9","000000"
"12815099999","2019-07-27","47.8833333","17.2833333","122.0","MOSONMAGYAROVAR, HU","  71.3","24","  62.6","24","1004.6","24","990.5","24","999.9"," 0","  5.5","24","  9.7","999.9","  79.9"," ","  66.0","*"," 0.12","E","999.9","000000"
"12815099999","2019-07-28","47.8833333","17.2833333","122.0","MOSONMAGYAROVAR, HU","  71.9","24","  64.3","24","1001.7","24","987.7","24","999.9"," 0","  5.0","24","  7.8","999.9","  82.8"," ","  64.4"," "," 0.15","F","999.9","000000"
"12815099999","2019-07-29","47.8833333","17.2833333","122.0","MOSONMAGYAROVAR, HU","  73.0","24","  63.8","24","1006.0","24","992.0","24","999.9"," 0","  5.3","23","  9.7","999.9","  85.6"," ","  65.1"," "," 0.03","E","999.9","000000"
"12815099999","2019-07-30","47.8833333","17.2833333","122.0","MOSONMAGYAROVAR, HU","  76.1","24","  64.0","24","1009.6","24","995.6","24","999.9"," 0","  8.0","24"," 17.5","999.9","  86.9"," ","  63.7"," "," 0.00","I","999.9","000000"
"12815099999","2019-07-31","47.8833333","17.2833333","122.0","MOSONMAGYAROVAR, HU","  77.6","24","  63.0","24","1012.3","24","998.3","24","999.9"," 0","  7.9","24"," 15.5","999.9","  90.3"," ","  67.3","*"," 0.00","I","999.9","000000"
"12815099999","2019-08-01","47.8833333","17.2833333","122.0","MOSONMAGYAROVAR, HU","  74.1","24","  58.9","24","1015.1","24","001.0","24","999.9"," 0","  7.1","21"," 11.7","999.9","  86.4"," ","  63.9"," "," 0.09","G","999.9","000000"
"12815099999","2019-08-02","47.8833333","17.2833333","122.0","MOSONMAGYAROVAR, HU","  67.9","24","  62.4","24","1012.4","24","998.2","24","999.9"," 0","  2.8","22","  5.8","999.9","  74.3"," ","  62.8"," "," 0.00","G","999.9","000000"
"12815099999","2019-08-03","47.8833333","17.2833333","122.0","MOSONMAGYAROVAR, HU","  67.6","24","  55.6","24","1011.9","24","997.7","24","999.9"," 0","  9.5","24"," 13.6","999.9","  78.1"," ","  57.9","*"," 0.21","G","999.9","000000"
"12815099999","2019-08-04","47.8833333","17.2833333","122.0","MOSONMAGYAROVAR, HU","  69.0","24","  52.0","24","1015.1","24","000.9","24","999.9"," 0","  4.7","24","  7.8","999.9","  81.3"," ","  57.9"," "," 0.00","G","999.9","000000"
"12815099999","2019-08-05","47.8833333","17.2833333","122.0","MOSONMAGYAROVAR, HU","  73.1","24","  54.0","24","1013.9","24","999.8","24","999.9"," 0","  3.4","21","  5.8","999.9","  88.0"," ","  53.8"," "," 0.00","I","999.9","000000"
"12815099999","2019-08-06","47.8833333","17.2833333","122.0","MOSONMAGYAROVAR, HU","  73.6","24","  61.2","24","1012.5","24","998.5","24","999.9"," 0","  3.8","23","  7.8","999.9","  86.5"," ","  62.4"," "," 0.02","E","999.9","000000"
"12815099999","2019-08-07","47.8833333","17.2833333","122.0","MOSONMAGYAROVAR, HU","  75.2","24","  63.6","24","1009.2","24","995.2","24","999.9"," 0","  4.2","22"," 11.7","999.9","  90.3"," ","  63.0"," "," 0.00","I","999.9","000000"
"12815099999","2019-08-08","47.8833333","17.2833333","122.0","MOSONMAGYAROVAR, HU","  72.4","24","  60.8","24","1013.2","24","999.1","24","999.9"," 0","  5.3","24","  9.7","999.9","  82.8"," ","  64.9"," "," 0.46","G","999.9","000000"
"12815099999","2019-08-09","47.8833333","17.2833333","122.0","MOSONMAGYAROVAR, HU","  75.8","24","  60.8","24","1013.9","24","999.9","24","999.9"," 0","  3.8","23","  7.8","999.9","  90.0"," ","  59.4"," "," 0.00","G","999.9","000000"
"12815099999","2019-08-10","47.8833333","17.2833333","122.0","MOSONMAGYAROVAR, HU","  80.4","24","  66.7","24","1013.6","24","999.7","24","999.9"," 0","  6.4","24"," 15.5","999.9","  95.7"," ","  68.5"," "," 0.00","I","999.9","000000"
"12815099999","2019-08-11","47.8833333","17.2833333","122.0","MOSONMAGYAROVAR, HU","  75.6","24","  58.8","24","1017.1","24","003.0","24","999.9"," 0","  4.8","24","  7.8","999.9","  86.2"," ","  67.8"," "," 0.00","I","999.9","000000"
"12815099999","2019-08-12","47.8833333","17.2833333","122.0","MOSONMAGYAROVAR, HU","  77.3","22","  62.5","22","1012.8","22","998.8","22","999.9"," 0","  5.8","20"," 13.6","999.9","  89.6","*","  66.7"," "," 0.00","I","999.9","000000"
"12815099999","2019-08-13","47.8833333","17.2833333","122.0","MOSONMAGYAROVAR, HU","  70.1","22","  57.2","22","1015.5","22","001.3","22","999.9"," 0"," 10.5","22"," 15.5","999.9","  77.9"," ","  63.1","*"," 0.00","I","999.9","000000"
"12815099999","2019-08-14","47.8833333","17.2833333","122.0","MOSONMAGYAROVAR, HU","  64.4","24","  54.6","24","1016.3","24","002.0","24","999.9"," 0","  7.2","22"," 11.7","999.9","  76.6"," ","  55.2","*"," 0.48","G","999.9","000000"
"12815099999","2019-08-15","47.8833333","17.2833333","122.0","MOSONMAGYAROVAR, HU","  66.1","24","  50.2","24","1016.1","24","001.7","24","999.9"," 0","  3.2","23","  5.8","999.9","  78.3"," ","  51.3"," "," 0.00","G","999.9","000000"
"12815099999","2019-08-16","47.8833333","17.2833333","122.0","MOSONMAGYAROVAR, HU","  67.6","24","  53.8","24","1016.6","24","002.3","24","999.9"," 0","  6.6","24"," 11.7","999.9","  77.5"," ","  57.4","*"," 0.00","I","999.9","000000"
"12815099999","2019-08-17","47.8833333","17.2833333","122.0","MOSONMAGYAROVAR, HU","  69.3","24","  54.9","24","1015.7","24","001.4","24","999.9"," 0","  4.7","20","  5.8","999.9","  83.5"," ","  51.6"," "," 0.00","I","999.9","000000"
"12815099999","2019-08-18","47.8833333","17.2833333","122.0","MOSONMAGYAROVAR, HU","  77.0","24","  59.7","24","1012.9","24","998.9","24","999.9"," 0","  5.4","24"," 10.1"," 19.4","  91.9"," ","  65.5"," "," 0.00","I","999.9","000000"
"12815099999","2019-08-19","47.8833333","17.2833333","122.0","MOSONMAGYAROVAR, HU","  78.0","24","  61.1","24","1015.2","24","001.2","24","999.9"," 0","  4.8","24"," 10.3"," 23.3","  89.8"," ","  64.6"," "," 0.00","I","999.9","000000"
"12815099999","2019-08-20","47.8833333","17.2833333","122.0","MOSONMAGYAROVAR, HU","  79.1","24","  62.8","24","1017.6","24","003.6","24","999.9"," 0","  4.2","24","  5.8","999.9","  90.7"," ","  67.1"," "," 0.00","I","999.9","000000"
"12815099999","2019-08-21","47.8833333","17.2833333","122.0","MOSONMAGYAROVAR, HU","  67.7","24","  56.0","24","1024.1","24","009.7","24","999.9"," 0"," 12.3","24"," 17.5","999.9","  73.6","*","  61.9","*"," 0.00","I","999.9","000000"
"12815099999","2019-08-22","47.8833333","17.2833333","122.0","MOSONMAGYAROVAR, HU","  66.0","24","  58.7","24","1024.5","24","010.0","24","999.9"," 0","  3.8","23","  7.8","999.9","  75.2"," ","  58.5"," "," 0.08","E","999.9","000000"
"12815099999","2019-08-23","47.8833333","17.2833333","122.0","MOSONMAGYAROVAR, HU","  72.6","24","  61.0","24","1023.8","24","009.6","24","999.9"," 0","  3.4","23","  5.8","999.9","  85.3"," ","  64.2"," "," 0.00","I","999.9","000000"
"12815099999","2019-08-24","47.8833333","17.2833333","122.0","MOSONMAGYAROVAR, HU","  74.4","24","  63.3","24","1021.0","24","006.8","24","999.9"," 0","  3.4","24"," 11.7","999.9","  86.4"," ","  63.7"," "," 0.00","I","999.9","000000"
"12815099999","2019-08-25","47.8833333","17.2833333","122.0","MOSONMAGYAROVAR, HU","  71.0","24","  64.3","24","1020.3","24","006.1","24","999.9"," 0","  4.2","22","  7.8","999.9","  81.3"," ","  64.4"," "," 0.51","G","999.9","000000"
"12815099999","2019-08-26","47.8833333","17.2833333","122.0","MOSONMAGYAROVAR, HU","  69.0","24","  65.7","24","1020.2","24","005.9","24","999.9"," 0","  2.7","24","  5.8","999.9","  75.4"," ","  64.0"," "," 0.01","G","999.9","000000"
"12815099999","2019-08-27","47.8833333","17.2833333","122.0","MOSONMAGYAROVAR, HU","  73.2","24","  66.1","24","1019.1","24","004.9","24","999.9"," 0","  3.0","22","  5.8","999.9","  85.5"," ","  62.6"," "," 0.06","G","999.9","000000"
"12815099999","2019-08-28","47.8833333","17.2833333","122.0","MOSONMAGYAROVAR, HU","  75.8","24","  66.4","24","1017.6","24","003.5","24","999.9"," 0","  3.0","23","  3.9","999.9","  88.5"," ","  63.1"," "," 0.00","G","999.9","000000"
"12815099999","2019-08-29","47.8833333","17.2833333","122.0","MOSONMAGYAROVAR, HU","  76.7","24","  64.1","24","1017.4","24","003.3","24","999.9"," 0","  3.8","22"," 11.7","999.9","  91.2"," ","  64.0"," "," 0.00","I","999.9","000000"
"12815099999","2019-08-30","47.8833333","17.2833333","122.0","MOSONMAGYAROVAR, HU","  76.8","22","  62.4","22","1020.1","22","006.0","22","999.9"," 0","  5.9","22","  7.8","999.9","  89.2"," ","  65.7","*"," 0.00","I","999.9","000000"
"12815099999","2019-08-31","47.8833333","17.2833333","122.0","MOSONMAGYAROVAR, HU","  75.1","24","  63.7","24","1017.2","24","003.1","24","999.9"," 0","  2.8","24","  3.9","999.9","  89.8"," ","  62.2"," "," 0.00","I","999.9","000000"
"12815099999","2019-09-01","47.8833333","17.2833333","122.0","MOSONMAGYAROVAR, HU","  75.4","24","  61.8","24","1012.1","24","998.1","24","999.9"," 0","  3.2","24","  7.8","999.9","  92.3"," ","  62.2"," "," 0.00","I","999.9","000000"
"12815099999","2019-09-02","47.8833333","17.2833333","122.0","MOSONMAGYAROVAR, HU","  65.8","24","  60.2","24","1016.9","24","002.5","24","999.9"," 0","  8.7","24"," 15.5","999.9","  71.8"," ","  58.8","*"," 0.16","G","999.9","000000"
"12815099999","2019-09-03","47.8833333","17.2833333","122.0","MOSONMAGYAROVAR, HU","  61.3","24","  49.0","24","1022.6","24","008.1","24","999.9"," 0","  9.5","21"," 15.5","999.9","  73.4"," ","  51.4","*"," 0.16","G","999.9","000000"
"12815099999","2019-09-04","47.8833333","17.2833333","122.0","MOSONMAGYAROVAR, HU","  61.8","24","  49.2","24","1020.0","24","005.5","24","999.9"," 0","  2.8","20","  5.8","999.9","  76.5"," ","  46.4"," "," 0.00","G","999.9","000000"
"12815099999","2019-09-05","47.8833333","17.2833333","122.0","MOSONMAGYAROVAR, HU","  67.6","24","  52.9","24","1015.1","24","000.9","24","999.9"," 0","  3.9","24"," 11.7","999.9","  81.5"," ","  52.7"," "," 0.00","I","999.9","000000"
"12815099999","2019-09-06","47.8833333","17.2833333","122.0","MOSONMAGYAROVAR, HU","  64.7","23","  53.8","23","1019.5","23","005.1","23","999.9"," 0","  7.1","23"," 11.7"," 15.5","  75.9"," ","  59.9","*"," 0.04","E","999.9","000000"
"12815099999","2019-09-07","47.8833333","17.2833333","122.0","MOSONMAGYAROVAR, HU","  60.7","24","  57.4","24","1016.9","24","002.5","24","999.9"," 0","  4.8","24","  9.7","999.9","  67.3"," ","  56.5","*"," 0.10","G","999.9","000000"
"12815099999","2019-09-08","47.8833333","17.2833333","122.0","MOSONMAGYAROVAR, HU","  60.7","24","  56.0","24","1016.2","24","001.7","24","999.9"," 0","  4.7","23"," 11.7","999.9","  68.5"," ","  55.0"," "," 1.02","G","999.9","000000"
"12815099999","2019-09-09","47.8833333","17.2833333","122.0","MOSONMAGYAROVAR, HU","  58.7","24","  51.6","24","1012.6","24","998.1","24","999.9"," 0","  6.3","24","  9.7","999.9","  65.5"," ","  52.2","*"," 0.76","G","999.9","000000"
"12815099999","2019-09-10","47.8833333","17.2833333","122.0","MOSONMAGYAROVAR, HU","  58.9","24","  51.2","24","1019.7","24","005.1","24","999.9"," 0","  4.2","24","  7.8"," 13.6","  71.4","*","  48.6"," "," 0.00","G","999.9","000000"
"12815099999","2019-09-11","47.8833333","17.2833333","122.0","MOSONMAGYAROVAR, HU","  60.9","24","  52.2","24","1023.4","24","008.8","24","999.9"," 0","  2.5","23","  3.9","999.9","  75.6"," ","  48.0"," "," 0.00","I","999.9","000000"
"12815099999","2019-09-12","47.8833333","17.2833333","122.0","MOSONMAGYAROVAR, HU","  64.1","24","  52.5","24","1028.7","24","014.2","24","999.9"," 0","  5.5","23"," 11.7","999.9","  77.0"," ","  50.7"," "," 0.00","I","999.9","000000"
"12815099999","2019-09-13","47.8833333","17.2833333","122.0","MOSONMAGYAROVAR, HU","  67.5","23","  55.1","23","1029.4","23","014.9","23","999.9"," 0","  4.6","22","  9.7","999.9","  79.0"," ","  53.1"," "," 0.00","I","999.9","000000"
"12815099999","2019-09-14","47.8833333","17.2833333","122.0","MOSONMAGYAROVAR, HU","  63.3","24","  52.2","24","1030.0","24","015.4","24","999.9"," 0","  5.6","23","  9.7","999.9","  73.4"," ","  50.2","*"," 0.00","I","999.9","000000"
"12815099999","2019-09-15","47.8833333","17.2833333","122.0","MOSONMAGYAROVAR, HU","  60.2","24","  50.5","24","1024.9","24","010.3","24","999.9"," 0","  3.0","21","  5.8","999.9","  76.5"," ","  44.1"," "," 0.00","I","999.9","000000"
"12815099999","2019-09-16","47.8833333","17.2833333","122.0","MOSONMAGYAROVAR, HU","  66.2","24","  55.6","24","1017.4","24","003.1","24","999.9"," 0","  3.8","18","  7.8","999.9","  81.3"," ","  49.8"," "," 0.00","I","999.9","000000"
"12815099999","2019-09-17","47.8833333","17.2833333","122.0","MOSONMAGYAROVAR, HU","  64.4","24","  54.6","24","1014.8","24","000.4","24","999.9"," 0","  5.4","24"," 11.7","999.9","  71.8"," ","  57.9","*"," 0.00","G","999.9","000000"
"12815099999","2019-09-18","47.8833333","17.2833333","122.0","MOSONMAGYAROVAR, HU","  55.1","22","  37.2","22","1021.9","22","007.1","22","999.9"," 0","  7.8","21"," 15.5"," 27.2","  65.7"," ","  42.4","*"," 0.00","G","999.9","000000"
"12815099999","2019-09-19","47.8833333","17.2833333","122.0","MOSONMAGYAROVAR, HU","  51.8","24","  36.7","24","1026.0","24","011.1","24","999.9"," 0","  6.2","24"," 11.7","999.9","  63.7"," ","  41.9"," "," 0.00","I","999.9","000000"
"12815099999","2019-09-20","47.8833333","17.2833333","122.0","MOSONMAGYAROVAR, HU","  50.4","24","  37.6","24","1028.1","24","013.2","24","999.9"," 0","  3.5","20","  5.8","999.9","  64.9"," ","  39.6"," "," 0.00","I","999.9","000000"
"12815099999","2019-09-21","47.8833333","17.2833333","122.0","MOSONMAGYAROVAR, HU","  52.3","19","  39.1","19","1025.2","19","010.4","19","999.9"," 0","  4.3","17","  7.8","999.9","  68.4"," ","  36.1"," "," 0.00","I","999.9","000000"
"12815099999","2019-09-22","47.8833333","17.2833333","122.0","MOSONMAGYAROVAR, HU","  58.8","24","  40.4","24","1017.0","24","002.5","24","999.9"," 0","  5.9","24","  9.7","999.9","  73.2"," ","  44.2"," "," 0.00","I","999.9","000000"
"12815099999","2019-09-23","47.8833333","17.2833333","122.0","MOSONMAGYAROVAR, HU","  59.7","24","  48.1","24","1013.4","24","999.0","24","999.9"," 0","  3.6","24","  5.8","999.9","  71.1"," ","  51.8"," "," 0.00","I","999.9","000000"
"12815099999","2019-09-24","47.8833333","17.2833333","122.0","MOSONMAGYAROVAR, HU","  61.3","24","  53.0","24","1012.9","24","998.5","24","999.9"," 0","  4.7","21","  9.7","999.9","  71.1"," ","  51.8"," "," 0.00","I","999.9","000000"
"12815099999","2019-09-25","47.8833333","17.2833333","122.0","MOSONMAGYAROVAR, HU","  60.9","24","  54.0","24","1010.4","24","996.1","24","999.9"," 0","  3.3","24","  5.8","999.9","  68.7"," ","  51.3"," "," 0.00","I","999.9","000000"
"12815099999","2019-09-26","47.8833333","17.2833333","122.0","MOSONMAGYAROVAR, HU","  61.1","24","  50.6","24","1013.9","24","999.5","24","999.9"," 0","  5.8","22","  9.7","999.9","  72.0"," ","  53.6"," "," 0.00","I","999.9","000000"
"12815099999","2019-09-27","47.8833333","17.2833333","122.0","MOSONMAGYAROVAR, HU","  62.2","24","  52.8","24","1015.6","24","001.1","24","999.9"," 0","  4.5","22","  7.8","999.9","  75.2"," ","  48.0"," "," 0.00","I","999.9","000000"
"12815099999","2019-09-28","47.8833333","17.2833333","122.0","MOSONMAGYAROVAR, HU","  59.6","24","  54.8","24","1017.3","24","002.7","24","999.9"," 0","  3.9","21","  5.8","999.9","  65.5"," ","  54.5"," "," 0.04","E","999.9","000000"
"12815099999","2019-09-29","47.8833333","17.2833333","122.0","MOSONMAGYAROVAR, HU","  63.1","24","  55.3","24","1012.9","24","998.6","24","999.9"," 0","  6.6","24"," 11.7","999.9","  72.3"," ","  55.8"," "," 0.00","I","999.9","000000"
"12815099999","2019-09-30","47.8833333","17.2833333","122.0","MOSONMAGYAROVAR, HU","  65.1","24","  48.4","24","1009.0","24","994.7","24","999.9"," 0","  9.1","24"," 23.3"," 40.8","  76.8"," ","  57.4","*"," 0.00","I","999.9","000000"
"12815099999","2019-10-01","47.8833333","17.2833333","122.0","MOSONMAGYAROVAR, HU","  63.2","24","  47.4","24","1010.8","24","996.4","24","999.9"," 0","  7.1","24"," 13.6","999.9","  76.1"," ","  46.0"," "," 0.00","I","999.9","000000"
"12815099999","2019-10-02","47.8833333","17.2833333","122.0","MOSONMAGYAROVAR, HU","  58.6","22","  53.4","22","1005.3","22","990.9","22","999.9"," 0","  6.3","22"," 15.5","999.9","  70.0"," ","  50.0","*"," 0.31","E","999.9","000000"
"12815099999","2019-10-03","47.8833333","17.2833333","122.0","MOSONMAGYAROVAR, HU","  50.2","24","  40.8","24","1014.7","24","000.0","24","999.9"," 0"," 10.7","24"," 17.5"," 25.3","  56.1"," ","  45.5","*"," 0.04","E","999.9","000000"
"12815099999","2019-10-04","47.8833333","17.2833333","122.0","MOSONMAGYAROVAR, HU","  53.0","21","  41.7","21","1012.8","21","998.1","21","999.9"," 0","  4.0","21","  5.8","999.9","  62.2"," ","  44.2"," "," 0.00","I","999.9","000000"
"12815099999","2019-10-05","47.8833333","17.2833333","122.0","MOSONMAGYAROVAR, HU","  50.8","24","  45.8","24","1009.1","24","994.5","24","999.9"," 0","  7.0","24"," 17.5"," 27.2","  57.4"," ","  47.8"," "," 0.01","G","999.9","000000"
"12815099999","2019-10-06","47.8833333","17.2833333","122.0","MOSONMAGYAROVAR, HU","  47.4","24","  37.7","24","1017.4","24","002.6","24","999.9"," 0","  8.1","23"," 15.5","999.9","  56.8"," ","  39.4","*"," 0.39","G","999.9","000000"
"12815099999","2019-10-07","47.8833333","17.2833333","122.0","MOSONMAGYAROVAR, HU","  44.3","24","  36.8","24","1019.1","24","004.1","24","999.9"," 0","  3.0","21","  5.8","999.9","  55.4"," ","  34.2","*"," 0.00","G","999.9","000000"
"12815099999","2019-10-08","47.8833333","17.2833333","122.0","MOSONMAGYAROVAR, HU","  47.7","24","  36.8","24","1018.7","24","003.8","24","999.9"," 0","  7.6","24"," 13.6","999.9","  60.3"," ","  31.1"," "," 0.00","I","999.9","000000"
"12815099999","2019-10-09","47.8833333","17.2833333","122.0","MOSONMAGYAROVAR, HU","  56.5","24","  46.1","24","1013.0","24","998.5","24","999.9"," 0","  5.0","24"," 15.2"," 31.1","  66.7","*","  48.9"," "," 0.00","I","999.9","000000"
"12815099999","2019-10-10","47.8833333","17.2833333","122.0","MOSONMAGYAROVAR, HU","  54.8","24","  45.7","24","1017.9","24","003.3","24","999.9"," 0","  4.7","24"," 11.7"," 15.5","  64.0"," ","  46.8","*"," 0.00","G","999.9","000000"
"12815099999","2019-10-11","47.8833333","17.2833333","122.0","MOSONMAGYAROVAR, HU","  54.6","24","  46.8","24","1022.9","24","008.1","24","999.9"," 0","  6.3","24","  9.7"," 19.4","  66.0"," ","  43.2"," "," 0.00","G","999.9","000000"
"12815099999","2019-10-12","47.8833333","17.2833333","122.0","MOSONMAGYAROVAR, HU","  52.7","24","  48.9","24","1020.7","24","005.9","24","999.9"," 0","  3.9","24","  7.8","999.9","  63.3"," ","  47.7"," "," 0.00","G","999.9","000000"
"12815099999","2019-10-13","47.8833333","17.2833333","122.0","MOSONMAGYAROVAR, HU","  53.1","24","  49.0","24","1021.1","24","006.3","24","999.9"," 0","  2.7","21","  4.3","999.9","  67.6"," ","  41.5"," "," 0.00","I","999.9","000000"
"12815099999","2019-10-14","47.8833333","17.2833333","122.0","MOSONMAGYAROVAR, HU","  59.5","24","  51.6","24","1019.0","24","004.4","24","999.9"," 0","  4.5","24","  9.7","999.9","  74.5"," ","  43.7"," "," 0.00","I","999.9","000000"
"12815099999","2019-10-15","47.8833333","17.2833333","122.0","MOSONMAGYAROVAR, HU","  63.8","24","  53.1","24","1012.4","24","998.0","24","999.9"," 0","  9.0","24"," 13.6"," 23.3","  75.6"," ","  52.2"," "," 0.00","I","999.9","000000"
"12815099999","2019-10-16","47.8833333","17.2833333","122.0","MOSONMAGYAROVAR, HU","  55.0","24","  48.5","24","1016.4","24","001.8","24","999.9"," 0","  5.1","22"," 11.7"," 15.5","  63.5"," ","  42.8","*"," 0.12","E","999.9","000000"
"12815099999","2019-10-17","47.8833333","17.2833333","122.0","MOSONMAGYAROVAR, HU","  55.0","24","  48.9","24","1018.2","24","003.5","24","999.9"," 0","  3.8","24","  5.8","999.9","  69.8"," ","  42.3"," "," 0.00","I","999.9","000000"
"12815099999","2019-10-18","47.8833333","17.2833333","122.0","MOSONMAGYAROVAR, HU","  52.1","24","  49.1","24","1016.0","24","001.3","24","999.9"," 0","  2.5","22","  5.8","999.9","  61.3"," ","  44.4","*"," 0.00","I","999.9","000000"
"12815099999","2019-10-19","47.8833333","17.2833333","122.0","MOSONMAGYAROVAR, HU","  53.9","24","  49.4","24","1014.6","24","000.0","24","999.9"," 0","  3.3","21","  5.8","999.9","  70.5"," ","  44.2"," "," 0.00","E","999.9","000000"
"12815099999","2019-10-20","47.8833333","17.2833333","122.0","MOSONMAGYAROVAR, HU","  63.5","24","  51.8","24","1014.0","24","999.6","24","999.9"," 0","  7.5","23","  9.7"," 19.4","  77.0"," ","  43.9"," "," 0.00","I","999.9","000000"
"12815099999","2019-10-21","47.8833333","17.2833333","122.0","MOSONMAGYAROVAR, HU","  62.0","24","  53.2","24","1018.5","24","004.0","24","999.9"," 0","  3.4","24","  7.8","999.9","  75.9"," ","  50.0"," "," 0.00","I","999.9","000000"
"12815099999","2019-10-22","47.8833333","17.2833333","122.0","MOSONMAGYAROVAR, HU","  56.7","24","  52.2","24","1022.4","24","007.7","24","999.9"," 0","  2.3","21","  3.9","999.9","  71.8"," ","  47.7"," "," 0.00","I","999.9","000000"
"12815099999","2019-10-23","47.8833333","17.2833333","122.0","MOSONMAGYAROVAR, HU","  58.5","24","  50.2","24","1019.4","24","004.9","24","999.9"," 0","  4.4","18","  7.8","999.9","  76.1"," ","  46.0"," "," 0.00","I","999.9","000000"
"12815099999","2019-10-24","47.8833333","17.2833333","122.0","MOSONMAGYAROVAR, HU","  62.0","24","  48.7","24","1014.7","24","000.2","24","999.9"," 0","  5.5","24","  9.7","999.9","  79.7"," ","  46.6"," "," 0.00","I","999.9","000000"
"12815099999","2019-10-25","47.8833333","17.2833333","122.0","MOSONMAGYAROVAR, HU","  55.1","23","  48.6","23","1020.8","23","006.1","23","999.9"," 0","  4.3","23"," 11.7"," 17.5","  68.5","*","  41.2"," "," 0.00","I","999.9","000000"
"12815099999","2019-10-26","47.8833333","17.2833333","122.0","MOSONMAGYAROVAR, HU","  53.9","23","  46.8","23","1022.4","23","007.6","23","999.9"," 0","  3.4","20","  5.8","999.9","  73.4"," ","  39.7"," "," 0.00","I","999.9","000000"
"12815099999","2019-10-27","47.8833333","17.2833333","122.0","MOSONMAGYAROVAR, HU","  50.0","24","  46.9","24","1019.7","24","004.9","24","999.9"," 0","  2.2","19","  3.9","999.9","  66.2"," ","  39.4"," "," 0.00","I","999.9","000000"
"12815099999","2019-10-28","47.8833333","17.2833333","122.0","MOSONMAGYAROVAR, HU","  49.4","24","  45.4","24","1019.6","24","004.7","24","999.9"," 0","  6.1","24","  9.7","999.9","  54.3"," ","  45.3"," "," 0.08","E","999.9","000000"
"12815099999","2019-10-29","47.8833333","17.2833333","122.0","MOSONMAGYAROVAR, HU","  45.3","24","  40.6","24","1021.5","24","006.5","24","999.9"," 0","  4.5","24","  5.8","999.9","  47.1"," ","  43.3","*"," 0.08","E","999.9","000000"
"12815099999","2019-10-30","47.8833333","17.2833333","122.0","MOSONMAGYAROVAR, HU","  41.2","24","  36.7","24","1027.2","24","012.0","24","999.9"," 0","  3.8","22","  5.8","999.9","  46.8"," ","  30.2","*"," 0.04","E","999.9","000000"
"12815099999","2019-10-31","47.8833333","17.2833333","122.0","MOSONMAGYAROVAR, HU","  36.0","24","  33.9","24","1027.1","24","011.7","24","999.9"," 0","  2.4","20","  3.9","999.9","  44.1"," ","  28.9"," "," 0.00","I","999.9","000000"
"12815099999","2019-11-01","47.8833333","17.2833333","122.0","MOSONMAGYAROVAR, HU","  40.7","21","  33.7","21","1020.9","21","005.7","21","999.9"," 0","  5.9","21"," 11.7","999.9","  50.2","*","  29.3","*"," 0.00","I","999.9","000000"
"12815099999","2019-11-02","47.8833333","17.2833333","122.0","MOSONMAGYAROVAR, HU","  48.9","20","  43.0","20","1006.1","20","991.4","20","999.9"," 0","  5.6","20","  7.8","999.9","  54.0","*","  44.8","*"," 0.00","I","999.9","000000"
"12815099999","2019-11-03","47.8833333","17.2833333","122.0","MOSONMAGYAROVAR, HU","  60.8","20","  51.7","20"," 995.5","20","981.3","20","999.9"," 0"," 10.0","20"," 17.5","999.9","  67.1","*","  48.6","*"," 0.00","I","999.9","000000"
"12815099999","2019-11-04","47.8833333","17.2833333","122.0","MOSONMAGYAROVAR, HU","  54.2","22","  47.5","22"," 997.0","22","982.6","22","999.9"," 0","  5.7","22"," 11.7","999.9","  61.7","*","  47.8","*"," 0.02","E","999.9","000000"
"12815099999","2019-11-05","47.8833333","17.2833333","122.0","MOSONMAGYAROVAR, HU","  47.9","24","  46.6","24","1000.0","24","985.5","24","999.9"," 0","  4.9","23","  9.7","999.9","  50.4"," ","  41.9"," "," 0.56","F","999.9","000000"
"12815099999","2019-11-06","47.8833333","17.2833333","122.0","MOSONMAGYAROVAR, HU","  49.1","24","  43.6","24","1004.8","24","990.2","24","999.9"," 0","  3.4","24","  7.8","999.9","  58.6"," ","  45.0","*"," 0.08","E","999.9","000000"
"12815099999","2019-11-07","47.8833333","17.2833333","122.0","MOSONMAGYAROVAR, HU","  47.3","19","  45.0","19","1007.7","19","993.0","19","999.9"," 0","  2.8","16","  5.8","999.9","  51.6","*","  42.8","*"," 0.21","G","999.9","000000"
"12815099999","2019-11-08","47.8833333","17.2833333","122.0","MOSONMAGYAROVAR, HU","  48.9","24","  45.7","24","1008.2","24","993.5","24","999.9"," 0","  5.7","24","  9.7","999.9","  56.8"," ","  42.3"," "," 0.00","G","999.9","000000"
"12815099999","2019-11-09","47.8833333","17.2833333","122.0","MOSONMAGYAROVAR, HU","  46.6","24","  43.3","24","1010.3","24","995.5","24","999.9"," 0","  5.3","23"," 11.7","999.9","  50.9"," ","  43.5","*"," 0.30","G","999.9","000000"
"12815099999","2019-11-10","47.8833333","17.2833333","122.0","MOSONMAGYAROVAR, HU","  41.8","24","  37.4","24","1012.2","24","997.3","24","999.9"," 0","  6.2","24","  9.7","999.9","  45.5"," ","  38.7"," "," 0.10","G","999.9","000000"
"12815099999","2019-11-11","47.8833333","17.2833333","122.0","MOSONMAGYAROVAR, HU","  42.4","24","  36.8","24","1016.3","24","001.3","24","999.9"," 0","  5.8","23","  9.7","999.9","  51.8"," ","  30.4"," "," 0.02","G","999.9","000000"
"12815099999","2019-11-12","47.8833333","17.2833333","122.0","MOSONMAGYAROVAR, HU","  44.4","24","  41.6","24","1008.9","24","994.1","24","999.9"," 0","  5.3","24","  9.7","999.9","  48.4"," ","  41.5","*"," 0.00","G","999.9","000000"
"12815099999","2019-11-13","47.8833333","17.2833333","122.0","MOSONMAGYAROVAR, HU","  40.4","24","  37.6","24","1003.7","24","988.9","24","999.9"," 0","  9.6","24"," 15.5","999.9","  42.1","*","  38.5","*"," 0.52","G","999.9","000000"
"12815099999","2019-11-14","47.8833333","17.2833333","122.0","MOSONMAGYAROVAR, HU","  40.1","24","  35.9","24","1011.8","24","996.8","24","999.9"," 0","  4.1","21","  7.8","999.9","  50.7"," ","  30.7","*"," 0.34","G","999.9","000000"
"12815099999","2019-11-15","47.8833333","17.2833333","122.0","MOSONMAGYAROVAR, HU","  46.7","24","  42.8","24","1011.0","24","996.2","24","999.9"," 0","  5.3","24","  7.8","999.9","  55.4"," ","  37.0"," "," 0.00","G","999.9","000000"
"12815099999","2019-11-16","47.8833333","17.2833333","122.0","MOSONMAGYAROVAR, HU","  52.5","24","  47.4","24","1013.3","24","998.6","24","999.9"," 0","  6.0","22"," 11.7","999.9","  59.5"," ","  48.4"," "," 0.01","G","999.9","000000"
"12815099999","2019-11-17","47.8833333","17.2833333","122.0","MOSONMAGYAROVAR, HU","  54.0","24","  48.2","24","1012.1","24","997.5","24","999.9"," 0","  7.9","24"," 11.7","999.9","  61.3"," ","  48.9"," "," 0.09","G","999.9","000000"
"12815099999","2019-11-18","47.8833333","17.2833333","122.0","MOSONMAGYAROVAR, HU","  51.7","24","  43.8","24","1012.0","24","997.3","24","999.9"," 0","  7.4","24"," 13.6","999.9","  58.1"," ","  43.7","*"," 0.00","G","999.9","000000"
"12815099999","2019-11-19","47.8833333","17.2833333","122.0","MOSONMAGYAROVAR, HU","  46.8","23","  41.6","23","1019.9","23","005.0","23","999.9"," 0","  4.6","23","  7.8","999.9","  56.7"," ","  37.4"," "," 0.02","G","999.9","000000"
"12815099999","2019-11-20","47.8833333","17.2833333","122.0","MOSONMAGYAROVAR, HU","  46.4","24","  44.4","24","1015.4","24","000.5","24","999.9"," 0","  4.0","24","  7.8","999.9","  50.7"," ","  36.9"," "," 0.00","G","999.9","000000"
"12815099999","2019-11-21","47.8833333","17.2833333","122.0","MOSONMAGYAROVAR, HU","  50.2","24","  46.4","24","1012.4","24","997.7","24","999.9"," 0","  5.6","24","  7.8","999.9","  52.3"," ","  48.0","*"," 0.32","G","999.9","000000"
"12815099999","2019-11-22","47.8833333","17.2833333","122.0","MOSONMAGYAROVAR, HU","  47.8","22","  44.5","22","1015.0","22","000.1","22","999.9"," 0","  6.2","22","  9.7","999.9","  52.3"," ","  42.8","*"," 0.00","G","999.9","000000"
"12815099999","2019-11-23","47.8833333","17.2833333","122.0","MOSONMAGYAROVAR, HU","  42.3","20","  36.3","20","1014.4","20","999.4","20","999.9"," 0","  7.6","20","  9.7","999.9","  46.4"," ","  38.8"," "," 0.00","G","999.9","000000"
"12815099999","2019-11-24","47.8833333","17.2833333","122.0","MOSONMAGYAROVAR, HU","  41.6","24","  36.2","24","1014.3","24","999.4","24","999.9"," 0","  5.7","24","  9.7","999.9","  49.1"," ","  34.9","*"," 0.00","I","999.9","000000"
"12815099999","2019-11-25","47.8833333","17.2833333","122.0","MOSONMAGYAROVAR, HU","  40.8","24","  37.1","24","1013.6","24","998.6","24","999.9"," 0","  3.2","24","  5.8","999.9","  50.7"," ","  31.5"," "," 0.00","I","999.9","000000"
"12815099999","2019-11-26","47.8833333","17.2833333","122.0","MOSONMAGYAROVAR, HU","  44.9","20","  40.3","20","1012.6","20","997.8","20","999.9"," 0","  3.9","20","  5.8","999.9","  48.0"," ","  42.3"," "," 0.00","I","999.9","000000"
"12815099999","2019-11-27","47.8833333","17.2833333","122.0","MOSONMAGYAROVAR, HU","  45.5","24","  42.2","24","1005.4","24","990.6","24","999.9"," 0","  5.2","22","  9.7","999.9","  49.5"," ","  43.7","*"," 0.01","E","999.9","000000"
"12815099999","2019-11-28","47.8833333","17.2833333","122.0","MOSONMAGYAROVAR, HU","  46.6","24","  45.5","24","1003.3","24","988.6","24","999.9"," 0","  2.9","20","  5.8","999.9","  48.6"," ","  43.7"," "," 0.06","G","999.9","000000"
"12815099999","2019-11-29","47.8833333","17.2833333","122.0","MOSONMAGYAROVAR, HU","  46.7","24","  42.0","24","1007.3","24","992.5","24","999.9"," 0","  5.4","24"," 13.6","999.9","  54.0"," ","  41.0","*"," 0.13","G","999.9","000000"
"12815099999","2019-11-30","47.8833333","17.2833333","122.0","MOSONMAGYAROVAR, HU","  37.3","24","  28.3","24","1022.1","24","006.9","24","999.9"," 0","  7.9","24"," 15.5","999.9","  43.3"," ","  28.8","*"," 0.04","G","999.9","000000"
"12815099999","2019-12-01","47.8833333","17.2833333","122.0","MOSONMAGYAROVAR, HU","  32.9","24","  27.0","24","1024.0","24","008.6","24","999.9"," 0","  5.3","23","  7.8"," 13.6","  40.3"," ","  24.3"," "," 0.00","G","999.9","000000"
"12815099999","2019-12-02","47.8833333","17.2833333","122.0","MOSONMAGYAROVAR, HU","  34.3","24","  30.3","24","1021.4","24","006.0","24","999.9"," 0","  5.7","24"," 11.7"," 13.6","  37.0"," ","  32.0","*"," 0.06","G","999.9","000000"
"12815099999","2019-12-03","47.8833333","17.2833333","122.0","MOSONMAGYAROVAR, HU","  35.3","23","  27.3","23","1027.7","23","012.4","23","999.9"," 0","  7.5","21"," 13.6","999.9","  41.0","*","  24.8","*"," 0.09","G","999.9","000000"
"12815099999","2019-12-04","47.8833333","17.2833333","122.0","MOSONMAGYAROVAR, HU","  28.6","24","  25.1","24","1030.4","24","014.8","24","999.9"," 0","  5.5","19","  7.8","999.9","  37.6"," ","  22.1"," "," 0.00","G","999.9","000000"
"12815099999","2019-12-05","47.8833333","17.2833333","122.0","MOSONMAGYAROVAR, HU","  31.4","24","  26.1","24","1028.9","24","013.4","24","999.9"," 0","  7.7","24","  9.7","999.9","  32.7"," ","  28.2"," "," 0.00","I","999.9","000000"
"12815099999","2019-12-06","47.8833333","17.2833333","122.0","MOSONMAGYAROVAR, HU","  31.7","24","  27.8","24","1023.9","23","008.5","23","999.9"," 0","  4.1","24","  5.8","999.9","  32.9"," ","  30.9"," "," 0.00","I","999.9","000000"
"12815099999","2019-12-07","47.8833333","17.2833333","122.0","MOSONMAGYAROVAR, HU","  33.4","24","  31.1","24","1019.0","24","003.7","24","999.9"," 0","  4.6","24","  7.8","999.9","  36.1","*","  31.3"," "," 0.08","E","999.9","000000"
"12815099999","2019-12-08","47.8833333","17.2833333","122.0","MOSONMAGYAROVAR, HU","  36.6","24","  33.1","24","1016.1","24","000.9","24","999.9"," 0","  4.6","24","  7.8","999.9","  44.8"," ","  30.9","*"," 0.00","I","999.9","000000"
"12815099999","2019-12-09","47.8833333","17.2833333","122.0","MOSONMAGYAROVAR, HU","  37.1","23","  36.2","23","1009.8","23","994.7","23","999.9"," 0","  2.6","22","  3.9","999.9","  38.3"," ","  36.0"," "," 0.01","E","999.9","000000"
"12815099999","2019-12-10","47.8833333","17.2833333","122.0","MOSONMAGYAROVAR, HU","  38.2","24","  30.7","24","1020.2","24","005.0","24","999.9"," 0"," 10.2","24"," 19.4","999.9","  44.6"," ","  30.0","*"," 0.00","I","999.9","000000"
"12815099999","2019-12-11","47.8833333","17.2833333","122.0","MOSONMAGYAROVAR, HU","  30.1","24","  23.7","24","1019.4","24","004.0","24","999.9"," 0","  4.2","24","  7.8","999.9","  38.1"," ","  23.0","*"," 0.00","I","999.9","000000"
"12815099999","2019-12-12","47.8833333","17.2833333","122.0","MOSONMAGYAROVAR, HU","  32.7","24","  30.3","24","1008.3","24","993.1","24","999.9"," 0","  2.9","19","  5.8","999.9","  34.3"," ","  28.9"," "," 0.04","E","999.9","000000"
"12815099999","2019-12-13","47.8833333","17.2833333","122.0","MOSONMAGYAROVAR, HU","  34.7","24","  32.1","24"," 994.1","24","979.2","24","999.9"," 0","  6.6","24"," 13.6","999.9","  38.3"," ","  32.0"," "," 0.11","G","999.9","000000"
"12815099999","2019-12-14","47.8833333","17.2833333","122.0","MOSONMAGYAROVAR, HU","  38.7","24","  33.8","24","1000.9","24","986.0","24","999.9"," 0","  5.0","22"," 11.7","999.9","  47.3"," ","  30.7"," "," 0.01","G","999.9","000000"
"12815099999","2019-12-15","47.8833333","17.2833333","122.0","MOSONMAGYAROVAR, HU","  38.3","24","  33.3","24","1012.5","24","997.4","24","999.9"," 0","  4.4","24","  7.8","999.9","  45.1"," ","  32.9","*"," 0.00","G","999.9","000000"
"12815099999","2019-12-16","47.8833333","17.2833333","122.0","MOSONMAGYAROVAR, HU","  38.2","24","  35.9","24","1016.0","24","000.9","24","999.9"," 0","  3.9","23","  7.8","999.9","  54.9"," ","  30.9"," "," 0.00","I","999.9","000000"
"12815099999","2019-12-17","47.8833333","17.2833333","122.0","MOSONMAGYAROVAR, HU","  52.6","23","  42.9","23","1013.3","23","998.6","23","999.9"," 0","  8.2","23"," 15.5","999.9","  60.3"," ","  32.5"," "," 0.00","I","999.9","000000"
"12815099999","2019-12-18","47.8833333","17.2833333","122.0","MOSONMAGYAROVAR, HU","  50.5","24","  44.3","24","1019.6","24","004.8","24","999.9"," 0","  4.5","24","  9.7","999.9","  57.2","*","  42.3","*"," 0.00","I","999.9","000000"
"12815099999","2019-12-19","47.8833333","17.2833333","122.0","MOSONMAGYAROVAR, HU","  47.6","24","  42.1","24","1021.7","24","006.8","24","999.9"," 0","  5.3","24","  9.7","999.9","  57.6"," ","  38.7"," "," 0.00","I","999.9","000000"
"12815099999","2019-12-20","47.8833333","17.2833333","122.0","MOSONMAGYAROVAR, HU","  50.0","24","  41.8","24","1006.8","24","992.2","24","999.9"," 0"," 10.3","24"," 17.5"," 29.1","  56.5","*","  39.6"," "," 0.00","I","999.9","000000"
"12815099999","2019-12-21","47.8833333","17.2833333","122.0","MOSONMAGYAROVAR, HU","  50.9","24","  44.2","24"," 995.4","24","980.9","24","999.9"," 0","  7.9","24"," 15.5","999.9","  55.2","*","  43.7","*"," 0.39","E","999.9","000000"
"12815099999","2019-12-22","47.8833333","17.2833333","122.0","MOSONMAGYAROVAR, HU","  40.3","24","  37.2","24"," 991.7","24","977.0","24","999.9"," 0","  7.4","22"," 13.6","999.9","  44.6"," ","  34.9"," "," 0.16","F","999.9","000000"
"12815099999","2019-12-23","47.8833333","17.2833333","122.0","MOSONMAGYAROVAR, HU","  43.8","23","  39.3","23","1000.5","23","985.7","23","999.9"," 0"," 16.1","23"," 19.4","999.9","  45.9"," ","  39.9","*"," 0.16","E","999.9","000000"
"12815099999","2019-12-24","47.8833333","17.2833333","122.0","MOSONMAGYAROVAR, HU","  43.1","24","  35.4","24","1013.2","24","998.3","24","999.9"," 0"," 10.5","24"," 19.4","999.9","  48.9"," ","  36.9","*"," 0.00","I","999.9","000000"
"12815099999","2019-12-25","47.8833333","17.2833333","122.0","MOSONMAGYAROVAR, HU","  43.9","24","  38.4","24","1013.4","24","998.5","24","999.9"," 0","  6.8","23"," 15.5","999.9","  51.3"," ","  36.5"," "," 0.09","G","999.9","000000"
"12815099999","2019-12-26","47.8833333","17.2833333","122.0","MOSONMAGYAROVAR, HU","  40.8","24","  33.4","24","1023.0","24","007.8","24","999.9"," 0","  9.0","24"," 13.6","999.9","  45.5"," ","  37.0","*"," 0.01","G","999.9","000000"
"12815099999","2019-12-27","47.8833333","17.2833333","122.0","MOSONMAGYAROVAR, HU","  39.0","24","  30.2","24","1025.3","24","010.1","24","999.9"," 0","  7.4","24"," 15.5","999.9","  44.2"," ","  36.1","*"," 0.00","G","999.9","000000"
"12815099999","2019-12-28","47.8833333","17.2833333","122.0","MOSONMAGYAROVAR, HU","  35.6","24","  25.8","24","1034.0","24","018.6","24","999.9"," 0"," 14.6","24"," 19.4","999.9","  39.4"," ","  34.0","*"," 0.00","I","999.9","000000"
"12815099999","2019-12-29","47.8833333","17.2833333","122.0","MOSONMAGYAROVAR, HU","  32.5","24","  23.0","24","1038.2","24","022.5","24","999.9"," 0"," 10.4","24"," 15.5","999.9","  36.3"," ","  26.6","*"," 0.00","I","999.9","000000"
"12815099999","2019-12-30","47.8833333","17.2833333","122.0","MOSONMAGYAROVAR, HU","  29.4","24","  22.4","24","1037.6","24","021.9","24","999.9"," 0","  3.2","24","  5.8","999.9","  36.1"," ","  21.9"," "," 0.00","I","999.9","000000"
"12815099999","2019-12-31","47.8833333","17.2833333","122.0","MOSONMAGYAROVAR, HU","  35.9","24","  27.1","24","1030.1","24","014.7","24","999.9"," 0","  5.0","24"," 13.6","999.9","  44.4"," ","  28.4"," "," 0.00","I","999.9","000000"
