"STATION","DATE","LATITUDE","LONGITUDE","ELEVATION","NAME","TEMP","TEMP_ATTRIBUTES","DEWP","DEWP_ATTRIBUTES","SLP","SLP_ATTRIBUTES","STP","STP_ATTRIBUTES","VISIB","VISIB_ATTRIBUTES","WDSP","WDSP_ATTRIBUTES","MXSPD","GUST","MAX","MAX_ATTRIBUTES","MIN","MIN_ATTRIBUTES","PRCP","PRCP_ATTRIBUTES","SNDP","FRSHTT"
"38880099999","2019-01-01","37.986814","58.360967","210.92","ASHGABAT, TX","  38.8","24","  35.6","24","1026.0"," 8","999.9"," 8","  4.8","24","  5.5","24","  9.9","999.9","  41.0"," ","  37.4","*"," 0.00","E","999.9","000000"
"38880099999","2019-01-02","37.986814","58.360967","210.92","ASHGABAT, TX","  39.8","24","  37.1","24","1024.5"," 8","998.6"," 8","  2.4","24","  5.5","24","  8.0","999.9","  41.4"," ","  37.4","*"," 0.00","I","999.9","000000"
"38880099999","2019-01-03","37.986814","58.360967","210.92","ASHGABAT, TX","  40.0","24","  38.0","24","1019.5"," 8","993.7"," 8","  1.1","24","  5.7","24","  9.7","999.9","  41.9"," ","  38.8"," ","99.99"," ","999.9","110000"
"38880099999","2019-01-04","37.986814","58.360967","210.92","ASHGABAT, TX","  36.4","24","  35.1","24","1022.3"," 8","996.3"," 8","  3.8","24","  9.2","24"," 18.1","999.9","  39.2","*","  35.1","*"," 0.87","F","999.9","110000"
"38880099999","2019-01-05","37.986814","58.360967","210.92","ASHGABAT, TX","  38.2","24","  37.8","24","1022.8"," 8","996.8"," 8","  0.9","24","  9.1","24"," 12.0","999.9","  41.9"," ","  33.8","*"," 0.00","F","999.9","110000"
"38880099999","2019-01-06","37.986814","58.360967","210.92","ASHGABAT, TX","  40.0","24","  38.9","24","1012.7"," 8","987.0"," 8","  1.6","24","  4.3","23","  8.0","999.9","  44.6","*","  35.6","*"," 0.00","F","999.9","110000"
"38880099999","2019-01-07","37.986814","58.360967","210.92","ASHGABAT, TX","  53.2","24","  40.3","24","1008.7"," 8","983.8"," 8","  6.4","24","  6.3","24"," 18.1","999.9","  65.3"," ","  42.4","*"," 0.01","F","999.9","010000"
"38880099999","2019-01-08","37.986814","58.360967","210.92","ASHGABAT, TX","  45.4","24","  41.0","24","1020.5"," 8","995.0"," 8","  5.1","24","  6.0","24","  9.9","999.9","  51.8"," ","  37.4","*"," 0.02","E","999.9","000000"
"38880099999","2019-01-09","37.986814","58.360967","210.92","ASHGABAT, TX","  41.6","24","  39.6","24","1014.1"," 8","988.5"," 8","  1.3","24","  4.5","24","  9.9","999.9","  50.0"," ","  35.6","*"," 0.00","I","999.9","100000"
"38880099999","2019-01-10","37.986814","58.360967","210.92","ASHGABAT, TX","  45.9","24","  36.6","24","1017.9"," 8","992.3"," 8","  5.0","24","  9.8","24"," 22.0"," 29.9","  56.1"," ","  37.4","*"," 0.00","E","999.9","110000"
"38880099999","2019-01-11","37.986814","58.360967","210.92","ASHGABAT, TX","  40.9","24","  33.6","24","1027.9"," 7","001.6"," 8","  6.2","24","  5.2","24","  9.9","999.9","  48.2","*","  32.0","*"," 0.00","I","999.9","000000"
"38880099999","2019-01-12","37.986814","58.360967","210.92","ASHGABAT, TX","  40.3","24","  33.1","24","1019.6"," 8","993.8"," 8","  5.5","24","  6.8","24"," 14.0","999.9","  51.8"," ","  30.2","*"," 0.00","I","999.9","000000"
"38880099999","2019-01-13","37.986814","58.360967","210.92","ASHGABAT, TX","  49.1","24","  30.2","24","1011.4"," 8","986.2"," 8","  6.2","24","  5.1","24","  9.9","999.9","  63.0"," ","  33.8","*"," 0.00","I","999.9","000000"
"38880099999","2019-01-14","37.986814","58.360967","210.92","ASHGABAT, TX","  54.0","24","  37.8","24","1008.1"," 8","983.2"," 8","  6.0","24","  4.5","24"," 12.0","999.9","  64.0"," ","  43.5"," "," 0.00","E","999.9","010000"
"38880099999","2019-01-15","37.986814","58.360967","210.92","ASHGABAT, TX","  47.7","24","  44.7","24","1017.1"," 8","991.7"," 8","  5.1","24","  5.4","24","  9.9","999.9","  50.4"," ","  41.0","*"," 0.12","E","999.9","010000"
"38880099999","2019-01-16","37.986814","58.360967","210.92","ASHGABAT, TX","  48.4","24","  42.4","24","1013.7"," 8","988.5"," 8","  4.5","24","  5.0","24","  9.9","999.9","  63.0"," ","  37.4","*"," 0.00","I","999.9","100000"
"38880099999","2019-01-17","37.986814","58.360967","210.92","ASHGABAT, TX","  55.4","24","  41.6","24","1001.6"," 8","977.0"," 8","  5.9","24","  8.1","23"," 22.0","999.9","  68.0"," ","  42.8","*","99.99"," ","999.9","010000"
"38880099999","2019-01-18","37.986814","58.360967","210.92","ASHGABAT, TX","  46.3","24","  31.4","24","1010.5"," 8","985.3"," 8","  6.2","24"," 12.4","24"," 28.0"," 44.1","  54.3","*","  33.8","*"," 0.20","E","999.9","000000"
"38880099999","2019-01-19","37.986814","58.360967","210.92","ASHGABAT, TX","  40.4","24","  28.7","24","1018.3"," 8","992.5"," 8","  6.2","24","  6.8","24"," 21.4"," 26.0","  50.4"," ","  33.8","*","99.99"," ","999.9","010000"
"38880099999","2019-01-20","37.986814","58.360967","210.92","ASHGABAT, TX","  40.1","24","  32.3","24","1025.6"," 8","999.6"," 8","  6.2","24","  4.8","24","  9.9","999.9","  48.2"," ","  35.6","*"," 0.00","E","999.9","000000"
"38880099999","2019-01-21","37.986814","58.360967","210.92","ASHGABAT, TX","  39.5","24","  31.4","24","1027.0"," 8","000.9"," 8","  5.9","24","  8.2","24"," 14.0","999.9","  49.5"," ","  32.0","*"," 0.00","I","999.9","000000"
"38880099999","2019-01-22","37.986814","58.360967","210.92","ASHGABAT, TX","  39.0","24","  29.9","24","1019.2"," 8","993.3"," 8","  6.1","24","  6.4","23"," 14.0","999.9","  50.9"," ","  30.2","*"," 0.00","I","999.9","000000"
"38880099999","2019-01-23","37.986814","58.360967","210.92","ASHGABAT, TX","  42.2","24","  32.6","24","1022.8"," 8","996.9"," 8","  6.0","24","  5.0","22"," 14.0","999.9","  53.6","*","  30.2","*"," 0.00","I","999.9","000000"
"38880099999","2019-01-24","37.986814","58.360967","210.92","ASHGABAT, TX","  42.0","24","  32.9","24","1025.5"," 8","999.5"," 8","  5.6","24","  5.3","23","  9.9","999.9","  54.3"," ","  31.6"," "," 0.00","I","999.9","000000"
"38880099999","2019-01-25","37.986814","58.360967","210.92","ASHGABAT, TX","  47.9","24","  32.4","24","1016.8"," 8","991.3"," 8","  6.1","24","  4.1","24","  6.0","999.9","  61.2"," ","  32.0","*"," 0.00","I","999.9","000000"
"38880099999","2019-01-26","37.986814","58.360967","210.92","ASHGABAT, TX","  48.9","24","  35.5","24","1019.1"," 8","993.8"," 8","  5.7","24","  5.0","24","  9.9","999.9","  65.3"," ","  37.4","*"," 0.00","E","999.9","010000"
"38880099999","2019-01-27","37.986814","58.360967","210.92","ASHGABAT, TX","  52.1","24","  35.5","24","1016.9"," 8","991.8"," 8","  6.1","24","  4.1","24","  9.9","999.9","  68.4"," ","  35.6","*"," 0.00","I","999.9","000000"
"38880099999","2019-01-28","37.986814","58.360967","210.92","ASHGABAT, TX","  61.9","23","  37.1","23","1010.4"," 8","985.8"," 8","  5.9","23","  4.0","21","  7.8"," 18.1","  76.3"," ","  48.2","*"," 0.00","G","999.9","000000"
"38880099999","2019-01-29","37.986814","58.360967","210.92","ASHGABAT, TX","  54.8","24","  46.4","24","1008.7"," 8","983.9"," 8","  6.1","23","  4.7","24"," 15.9","999.9","  62.6","*","  46.4","*"," 0.02","F","999.9","010000"
"38880099999","2019-01-30","37.986814","58.360967","210.92","ASHGABAT, TX","  41.9","24","  39.0","23","1022.1"," 8","996.3"," 8","  5.3","24","  7.9","23"," 14.0","999.9","  46.4","*","  39.2","*"," 0.03","F","999.9","010000"
"38880099999","2019-01-31","37.986814","58.360967","210.92","ASHGABAT, TX","  42.9","24","  39.5","24","1020.7"," 8","995.0"," 8","  4.5","24","  7.5","24"," 12.0","999.9","  47.3"," ","  39.2","*"," 0.00","E","999.9","010000"
"38880099999","2019-02-01","37.986814","58.360967","210.92","ASHGABAT, TX","  44.1","24","  40.9","24","1019.0"," 8","993.5"," 8","  2.4","24","  3.8","24","  9.9","999.9","  45.9"," ","  42.8","*"," 0.00","E","999.9","010000"
"38880099999","2019-02-02","37.986814","58.360967","210.92","ASHGABAT, TX","  45.1","24","  41.2","24","1018.5"," 8","992.9"," 8","  2.1","24","  5.1","24","  7.8","999.9","  50.9"," ","  42.8","*"," 0.00","I","999.9","000000"
"38880099999","2019-02-03","37.986814","58.360967","210.92","ASHGABAT, TX","  44.9","24","  41.9","24","1020.6"," 7","994.9"," 7","  2.1","24","  9.0","23"," 15.9","999.9","  51.8","*","  39.2","*"," 0.00","E","999.9","110000"
"38880099999","2019-02-04","37.986814","58.360967","210.92","ASHGABAT, TX","  38.1","22","  36.3","22","1029.4"," 8","003.2"," 8","  4.6","22"," 11.8","22"," 18.1","999.9","  41.2","*","  35.6","*"," 1.57","F","999.9","010000"
"38880099999","2019-02-05","37.986814","58.360967","210.92","ASHGABAT, TX","  40.8","24","  34.2","24","1035.6"," 8","009.3"," 8","  6.2","24","  4.1","24","  8.0","999.9","  46.8"," ","  35.6","*"," 0.12","E","999.9","001000"
"38880099999","2019-02-06","37.986814","58.360967","210.92","ASHGABAT, TX","  41.4","24","  34.0","24","1031.9"," 8","005.8"," 8","  6.1","24","  8.0","23"," 12.0","999.9","  50.4"," ","  33.4"," "," 0.00","I","999.9","000000"
"38880099999","2019-02-07","37.986814","58.360967","210.92","ASHGABAT, TX","  41.1","24","  36.2","24","1023.6"," 8","997.7"," 8","  4.5","24","  9.4","24"," 18.1","999.9","  53.6","*","  32.0"," "," 0.00","I","999.9","100000"
"38880099999","2019-02-08","37.986814","58.360967","210.92","ASHGABAT, TX","  46.4","24","  39.5","24","1017.6"," 8","992.2"," 8","  4.0","23","  4.2","23","  8.0","999.9","  60.1"," ","  32.0","*"," 0.00","I","999.9","100000"
"38880099999","2019-02-09","37.986814","58.360967","210.92","ASHGABAT, TX","  45.8","24","  41.4","24","1019.3"," 8","993.7"," 8","  4.8","24","  6.3","24"," 12.0","999.9","  49.6"," ","  40.6"," "," 0.00","E","999.9","010000"
"38880099999","2019-02-10","37.986814","58.360967","210.92","ASHGABAT, TX","  47.3","24","  43.1","23","1020.5"," 8","995.0"," 8","  3.8","24","  2.7","24","  4.1","999.9","  51.8"," ","  42.8","*"," 0.00","F","999.9","010000"
"38880099999","2019-02-11","37.986814","58.360967","210.92","ASHGABAT, TX","  47.3","24","  43.9","24","1020.9"," 8","995.4"," 8","  4.3","24","  5.3","24","  9.9","999.9","  50.7"," ","  44.6","*"," 0.12","E","999.9","010000"
"38880099999","2019-02-12","37.986814","58.360967","210.92","ASHGABAT, TX","  40.5","24","  38.5","24","1021.8"," 8","996.0"," 8","  5.6","24","  6.9","24","  9.9","999.9","  44.6","*","  37.4","*"," 1.34","F","999.9","010000"
"38880099999","2019-02-13","37.986814","58.360967","210.92","ASHGABAT, TX","  43.4","24","  37.9","24","1024.7"," 8","999.0"," 8","  5.6","24","  6.5","24"," 11.7","999.9","  49.5"," ","  37.4","*"," 0.12","F","999.9","010000"
"38880099999","2019-02-14","37.986814","58.360967","210.92","ASHGABAT, TX","  43.6","24","  36.2","24","1023.9"," 8","998.1"," 8","  6.2","24","  4.5","24"," 12.0","999.9","  53.2"," ","  37.4","*"," 0.00","F","999.9","000000"
"38880099999","2019-02-15","37.986814","58.360967","210.92","ASHGABAT, TX","  46.6","24","  40.6","24","1019.5"," 8","994.0"," 8","  5.1","24","  4.9","23","  9.9","999.9","  57.2"," ","  35.6"," "," 0.00","F","999.9","000000"
"38880099999","2019-02-16","37.986814","58.360967","210.92","ASHGABAT, TX","  45.5","24","  42.7","24","1011.2"," 7","985.9"," 7","  3.2","24","  7.3","23"," 23.3","999.9","  57.2"," ","  41.0"," "," 0.02","F","999.9","110000"
"38880099999","2019-02-17","37.986814","58.360967","210.92","ASHGABAT, TX","  42.0","24","  35.3","24","1015.5"," 8","989.8"," 8","  6.0","24","  6.2","24"," 19.4","999.9","  48.9"," ","  35.2"," "," 0.00","F","999.9","010000"
"38880099999","2019-02-18","37.986814","58.360967","210.92","ASHGABAT, TX","  42.8","24","  37.5","24","1012.0"," 8","986.5"," 8","  5.4","24","  7.7","24"," 14.0","999.9","  52.7"," ","  36.3"," "," 0.12","F","999.9","010000"
"38880099999","2019-02-19","37.986814","58.360967","210.92","ASHGABAT, TX","  40.7","24","  33.5","24","1015.1"," 8","989.4"," 8","  6.2","24"," 11.4","24"," 24.1","999.9","  44.2"," ","  36.7"," "," 0.00","F","999.9","010000"
"38880099999","2019-02-20","37.986814","58.360967","210.92","ASHGABAT, TX","  35.8","24","  24.0","24","1029.4"," 8","003.2"," 8","  6.2","24","  6.8","24"," 12.0","999.9","  40.3"," ","  32.0","*"," 0.00","F","999.9","000000"
"38880099999","2019-02-21","37.986814","58.360967","210.92","ASHGABAT, TX","  38.8","24","  31.0","24","1025.1"," 7","999.0"," 7","  5.8","24","  8.6","23"," 15.9","999.9","  50.0","*","  30.2","*"," 0.00","F","999.9","000000"
"38880099999","2019-02-22","37.986814","58.360967","210.92","ASHGABAT, TX","  48.4","24","  30.7","24","1019.2"," 8","993.8"," 8","  5.2","24","  4.5","21","  6.0"," 15.9","  61.2"," ","  32.0","*"," 0.00","F","999.9","000000"
"38880099999","2019-02-23","37.986814","58.360967","210.92","ASHGABAT, TX","  50.3","24","  35.7","24","1021.9"," 7","996.5"," 7","  6.2","24","  5.6","24"," 12.0","999.9","  61.2"," ","  39.2","*"," 0.00","G","999.9","000000"
"38880099999","2019-02-24","37.986814","58.360967","210.92","ASHGABAT, TX","  51.7","24","  35.3","24","1022.4"," 7","997.0"," 7","  6.1","24","  5.6","24","  9.9","999.9","  63.3"," ","  39.2","*"," 0.00","F","999.9","000000"
"38880099999","2019-02-25","37.986814","58.360967","210.92","ASHGABAT, TX","  46.5","24","  37.9","24","1022.9"," 8","997.2"," 8","  6.2","24","  4.5","24","  9.7","999.9","  54.0"," ","  39.2","*"," 0.00","F","999.9","000000"
"38880099999","2019-02-26","37.986814","58.360967","210.92","ASHGABAT, TX","  46.7","24","  37.1","24","1015.9"," 6","990.6"," 6","  6.0","24","  4.4","24","  8.0","999.9","  57.6"," ","  39.2","*"," 0.00","F","999.9","000000"
"38880099999","2019-02-27","37.986814","58.360967","210.92","ASHGABAT, TX","  57.5","24","  36.1","24","1002.5"," 7","977.9"," 7","  5.8","24","  5.1","24"," 12.0","999.9","  69.8"," ","  37.4","*"," 0.00","F","999.9","000000"
"38880099999","2019-02-28","37.986814","58.360967","210.92","ASHGABAT, TX","  54.8","24","  40.1","24","1002.8"," 8","978.1"," 8","  6.1","24","  5.6","24"," 12.0","999.9","  63.3"," ","  44.6","*"," 0.00","F","999.9","000000"
"38880099999","2019-03-01","37.986814","58.360967","210.92","ASHGABAT, TX","  48.6","24","  44.0","24","1000.6"," 7","975.7"," 7","  5.7","24","  7.3","24"," 15.9","999.9","  54.5"," ","  42.8","*"," 0.00","G","999.9","010000"
"38880099999","2019-03-02","37.986814","58.360967","210.92","ASHGABAT, TX","  51.7","24","  37.7","24","1007.7"," 7","982.8"," 7","  6.0","24","  5.1","24"," 12.0","999.9","  65.3"," ","  42.8","*"," 0.00","E","999.9","000000"
"38880099999","2019-03-03","37.986814","58.360967","210.92","ASHGABAT, TX","  54.7","24","  35.5","24","1011.1"," 7","986.2"," 7","  6.1","24","  5.7","22"," 12.0","999.9","  67.6"," ","  39.2"," "," 0.00","F","999.9","000000"
"38880099999","2019-03-04","37.986814","58.360967","210.92","ASHGABAT, TX","  48.5","24","  36.7","24","1020.2"," 8","994.8"," 8","  6.2","24","  6.6","24"," 15.9","999.9","  54.3"," ","  41.0","*"," 0.00","F","999.9","000000"
"38880099999","2019-03-05","37.986814","58.360967","210.92","ASHGABAT, TX","  50.4","24","  39.0","24","1018.9"," 7","993.6"," 7","  6.2","24","  5.6","24"," 12.0","999.9","  59.0"," ","  39.2"," "," 0.00","G","999.9","000000"
"38880099999","2019-03-06","37.986814","58.360967","210.92","ASHGABAT, TX","  51.8","24","  37.6","24","1019.4"," 8","994.2"," 8","  6.2","24","  6.4","24"," 13.6","999.9","  62.6"," ","  39.2","*"," 0.00","F","999.9","000000"
"38880099999","2019-03-07","37.986814","58.360967","210.92","ASHGABAT, TX","  50.6","24","  39.6","24","1016.4"," 8","991.0"," 8","  6.1","24","  5.2","23","  9.9","999.9","  61.5"," ","  38.7"," "," 0.00","F","999.9","000000"
"38880099999","2019-03-08","37.986814","58.360967","210.92","ASHGABAT, TX","  51.0","24","  32.2","24","1025.1"," 8","999.7"," 8","  6.2","24","  6.9","24"," 12.0","999.9","  57.6"," ","  43.2"," "," 0.00","F","999.9","000000"
"38880099999","2019-03-09","37.986814","58.360967","210.92","ASHGABAT, TX","  50.4","24","  29.2","24","1028.7"," 7","003.2"," 7","  6.2","24","  4.8","24","  6.0"," 15.9","  57.9"," ","  41.0","*"," 0.00","F","999.9","000000"
"38880099999","2019-03-10","37.986814","58.360967","210.92","ASHGABAT, TX","  50.8","23","  31.3","23","1022.1"," 8","996.8"," 8","  6.2","23","  5.8","22"," 12.0","999.9","  59.4"," ","  41.0","*"," 0.00","F","999.9","000000"
"38880099999","2019-03-11","37.986814","58.360967","210.92","ASHGABAT, TX","  54.3","24","  33.7","24","1014.3"," 8","989.3"," 8","  6.2","24","  4.5","23","  8.0"," 14.0","  69.3"," ","  37.4","*"," 0.00","F","999.9","000000"
"38880099999","2019-03-12","37.986814","58.360967","210.92","ASHGABAT, TX","  58.6","24","  32.5","24","1018.0"," 8","993.1"," 8","  6.2","24","  5.0","24","  9.7","999.9","  71.6"," ","  43.9"," "," 0.00","F","999.9","000000"
"38880099999","2019-03-13","37.986814","58.360967","210.92","ASHGABAT, TX","  58.1","18","  36.1","18","1014.7"," 7","989.8"," 7","  6.2","18","  5.8","18","  9.9","999.9","  75.2"," ","  44.6","*"," 0.00","F","999.9","000000"
"38880099999","2019-03-14","37.986814","58.360967","210.92","ASHGABAT, TX","  65.8","24","  35.3","24","1012.6"," 8","988.1"," 8","  6.2","24","  4.5","24"," 12.0","999.9","  79.7"," ","  49.6"," "," 0.00","F","999.9","000000"
"38880099999","2019-03-15","37.986814","58.360967","210.92","ASHGABAT, TX","  62.4","24","  43.3","24","1010.7"," 7","986.2"," 7","  6.2","24","  6.7","24"," 15.9","999.9","  71.6"," ","  55.4","*"," 0.00","F","999.9","010000"
"38880099999","2019-03-16","37.986814","58.360967","210.92","ASHGABAT, TX","  54.7","20","  47.4","20","1010.6"," 7","985.5"," 8","  5.9","20","  5.3","20"," 14.0","999.9","  61.5"," ","  46.4","*"," 0.00","F","999.9","010000"
"38880099999","2019-03-17","37.986814","58.360967","210.92","ASHGABAT, TX","  66.5","24","  42.4","24","1004.0"," 8","979.8"," 8","  6.0","24","  6.3","24"," 13.6"," 18.1","  79.9"," ","  44.6","*"," 0.00","F","999.9","010000"
"38880099999","2019-03-18","37.986814","58.360967","210.92","ASHGABAT, TX","  57.2","24","  44.0","24"," 999.2"," 8","974.8"," 8","  6.1","24"," 12.2","24"," 26.0"," 35.9","  61.5"," ","  51.8","*"," 0.00","F","999.9","010000"
"38880099999","2019-03-19","37.986814","58.360967","210.92","ASHGABAT, TX","  51.7","24","  38.1","24","1012.9"," 8","987.8"," 8","  6.1","24"," 14.2","24"," 28.0"," 35.9","  58.5"," ","  46.2","*"," 3.91","G","999.9","010000"
"38880099999","2019-03-20","37.986814","58.360967","210.92","ASHGABAT, TX","  48.3","24","  43.7","24","1019.5"," 8","994.1"," 8","  6.0","24","  3.2","24","  8.0","999.9","  51.1"," ","  46.0"," "," 0.00","G","999.9","010000"
"38880099999","2019-03-21","37.986814","58.360967","210.92","ASHGABAT, TX","  48.1","24","  46.3","24","1021.8"," 8","996.3"," 8","  3.4","24","  4.2","24"," 11.7","999.9","  50.0","*","  46.4","*"," 0.08","F","999.9","010000"
"38880099999","2019-03-22","37.986814","58.360967","210.92","ASHGABAT, TX","  45.3","24","  42.2","24","1023.0"," 8","997.4"," 8","  5.6","24","  4.6","24","  8.0","999.9","  46.4","*","  42.8","*"," 0.63","F","999.9","010000"
"38880099999","2019-03-23","37.986814","58.360967","210.92","ASHGABAT, TX","  50.8","24","  41.8","24","1020.1"," 8","994.8"," 8","  6.2","24","  6.5","24"," 12.0","999.9","  60.1"," ","  39.2","*"," 0.00","F","999.9","000000"
"38880099999","2019-03-24","37.986814","58.360967","210.92","ASHGABAT, TX","  57.4","24","  48.8","24","1012.7"," 8","987.9"," 8","  5.4","24","  6.5","24"," 11.7","999.9","  71.6"," ","  42.8"," "," 0.00","F","999.9","000000"
"38880099999","2019-03-25","37.986814","58.360967","210.92","ASHGABAT, TX","  56.8","24","  51.3","24","1010.7"," 8","986.0"," 8","  6.8","24","  6.5","24"," 15.9","999.9","  64.4"," ","  51.8"," "," 0.00","F","999.9","010000"
"38880099999","2019-03-26","37.986814","58.360967","210.92","ASHGABAT, TX","  50.3","24","  48.6","24","1015.9"," 8","991.7"," 8","  5.1","24","  5.2","24","  9.7","999.9","  51.8"," ","  48.2","*"," 0.35","F","999.9","010000"
"38880099999","2019-03-27","37.986814","58.360967","210.92","ASHGABAT, TX","  50.3","24","  47.6","24","1014.2"," 7","989.2"," 7","  4.6","24","  3.9","23","  8.0","999.9","  55.4","*","  46.4"," "," 0.28","F","999.9","110000"
"38880099999","2019-03-28","37.986814","58.360967","210.92","ASHGABAT, TX","  54.8","24","  49.8","24","1016.5"," 8","992.2"," 8","  5.2","24","  6.4","24"," 13.6","999.9","  63.3"," ","  45.3"," "," 0.02","E","999.9","110010"
"38880099999","2019-03-29","37.986814","58.360967","210.92","ASHGABAT, TX","  54.7","24","  46.9","24","1020.6"," 7","995.5"," 7","  6.0","24","  4.4","24","  9.9","999.9","  62.6"," ","  46.4","*"," 0.24","F","999.9","000000"
"38880099999","2019-03-30","37.986814","58.360967","210.92","ASHGABAT, TX","  58.0","24","  50.2","24","1016.6"," 7","991.8"," 7","  6.1","24","  5.4","23","  8.0","999.9","  69.8"," ","  46.2"," "," 0.00","F","999.9","000000"
"38880099999","2019-03-31","37.986814","58.360967","210.92","ASHGABAT, TX","  48.7","24","  43.8","24","1025.2"," 8","999.7"," 8","  5.9","24","  8.2","24"," 15.9","999.9","  54.5","*","  46.4","*"," 0.00","F","999.9","010000"
"38880099999","2019-04-01","37.986814","58.360967","210.92","ASHGABAT, TX","  51.4","24","  44.1","24","1015.8"," 8","990.6"," 8","  6.2","24"," 14.4","24"," 22.0","999.9","  56.5"," ","  44.6"," "," 0.04","F","999.9","010000"
"38880099999","2019-04-02","37.986814","58.360967","210.92","ASHGABAT, TX","  60.4","24","  49.7","24","1007.0"," 8","982.5"," 8","  5.8","24","  6.9","24"," 25.3"," 40.0","  73.8"," ","  49.3"," "," 0.00","F","999.9","010000"
"38880099999","2019-04-03","37.986814","58.360967","210.92","ASHGABAT, TX","  64.5","24","  49.9","24","1013.7"," 8","989.5"," 7","  6.2","24","  6.5","24"," 17.5","999.9","  76.6"," ","  50.0","*"," 0.00","F","999.9","000000"
"38880099999","2019-04-04","37.986814","58.360967","210.92","ASHGABAT, TX","  58.9","24","  47.8","24","1019.0"," 8","994.4"," 8","  6.2","24","  9.2","24"," 15.5","999.9","  63.5"," ","  53.6","*"," 0.00","F","999.9","010000"
"38880099999","2019-04-05","37.986814","58.360967","210.92","ASHGABAT, TX","  62.9","24","  54.0","24","1020.7"," 8","996.0"," 7","  6.2","24","  6.3","24","  9.9","999.9","  72.1"," ","  53.6","*"," 0.02","F","999.9","010000"
"38880099999","2019-04-06","37.986814","58.360967","210.92","ASHGABAT, TX","  64.8","24","  57.9","24","1016.3"," 8","991.8"," 8","  5.3","24","  9.2","24"," 21.4","999.9","  75.2"," ","  57.2"," "," 0.12","F","999.9","010010"
"38880099999","2019-04-07","37.986814","58.360967","210.92","ASHGABAT, TX","  62.9","24","  58.5","24","1013.7"," 8","989.2"," 8","  5.3","24","  4.4","23","  8.0","999.9","  70.5"," ","  58.8"," "," 1.14","E","999.9","010000"
"38880099999","2019-04-08","37.986814","58.360967","210.92","ASHGABAT, TX","  57.9","24","  57.1","24","1011.9"," 8","987.3"," 8","  4.0","24","  4.4","23","  8.0"," 12.0","  62.6","*","  55.4","*"," 0.91","F","999.9","010000"
"38880099999","2019-04-09","37.986814","58.360967","210.92","ASHGABAT, TX","  61.4","24","  55.5","24","1012.3"," 8","987.8"," 8","  6.1","24","  3.9","24","  8.0","999.9","  68.0"," ","  54.3"," "," 0.24","F","999.9","000000"
"38880099999","2019-04-10","37.986814","58.360967","210.92","ASHGABAT, TX","  64.2","24","  57.1","24","1012.5"," 8","988.1"," 8","  6.2","24","  4.9","24","  8.0","999.9","  74.1"," ","  55.4","*"," 0.00","F","999.9","010000"
"38880099999","2019-04-11","37.986814","58.360967","210.92","ASHGABAT, TX","  69.0","24","  58.2","24","1012.3"," 7","988.1"," 7","  6.0","24","  5.9","24","  9.9","999.9","  79.9"," ","  55.4","*"," 0.02","F","999.9","000000"
"38880099999","2019-04-12","37.986814","58.360967","210.92","ASHGABAT, TX","  71.7","24","  60.1","24","1009.9"," 8","986.0"," 8","  5.8","24","  4.2","24","  9.9","999.9","  84.2"," ","  57.2","*"," 0.00","F","999.9","000000"
"38880099999","2019-04-13","37.986814","58.360967","210.92","ASHGABAT, TX","  64.7","24","  59.2","24","1012.9"," 8","988.5"," 8","  6.1","24","  7.8","24"," 20.0","999.9","  73.0"," ","  59.0","*"," 0.24","F","999.9","010010"
"38880099999","2019-04-14","37.986814","58.360967","210.92","ASHGABAT, TX","  58.6","24","  55.3","24","1016.6"," 8","991.8"," 8","  5.2","24","  4.7","24","  8.0"," 14.0","  61.2"," ","  56.7","*"," 0.35","F","999.9","010000"
"38880099999","2019-04-15","37.986814","58.360967","210.92","ASHGABAT, TX","  60.3","24","  50.3","24","1015.4"," 8","990.7"," 8","  6.2","24","  6.9","24"," 11.7","999.9","  66.2","*","  55.4","*"," 0.31","F","999.9","010000"
"38880099999","2019-04-16","37.986814","58.360967","210.92","ASHGABAT, TX","  65.3","24","  52.3","24","1012.1"," 8","987.7"," 8","  6.2","24","  9.5","24"," 14.0","999.9","  74.3"," ","  55.4","*"," 0.01","F","999.9","000000"
"38880099999","2019-04-17","37.986814","58.360967","210.92","ASHGABAT, TX","  71.8","24","  57.3","24","1005.5"," 8","981.2"," 7","  6.1","24","  5.5","24"," 12.0"," 20.0","  85.3"," ","  55.4","*"," 0.00","F","999.9","000000"
"38880099999","2019-04-18","37.986814","58.360967","210.92","ASHGABAT, TX","  68.9","24","  55.6","24","1009.7"," 8","985.6"," 8","  6.2","24","  7.3","24"," 17.5","999.9","  75.6"," ","  59.0","*"," 0.00","F","999.9","010000"
"38880099999","2019-04-19","37.986814","58.360967","210.92","ASHGABAT, TX","  53.3","24","  49.7","24","1016.0"," 8","991.0"," 8","  5.7","24","  5.9","24"," 11.7","999.9","  59.7","*","  50.0","*"," 0.39","F","999.9","010010"
"38880099999","2019-04-20","37.986814","58.360967","210.92","ASHGABAT, TX","  52.0","24","  50.1","24","1015.2"," 8","990.1"," 8","  4.8","24","  6.9","24"," 12.0","999.9","  55.4"," ","  49.8"," "," 0.31","F","999.9","010010"
"38880099999","2019-04-21","37.986814","58.360967","210.92","ASHGABAT, TX","  53.8","24","  48.5","24","1019.3"," 8","994.2"," 8","  6.0","24","  4.7","24","  8.0","999.9","  57.9"," ","  49.6"," "," 0.20","F","999.9","010000"
"38880099999","2019-04-22","37.986814","58.360967","210.92","ASHGABAT, TX","  55.6","24","  51.2","24","1016.1"," 8","991.2"," 8","  6.1","24","  7.5","23"," 14.0","999.9","  59.9"," ","  51.4"," "," 0.02","F","999.9","010000"
"38880099999","2019-04-23","37.986814","58.360967","210.92","ASHGABAT, TX","  52.9","24","  48.7","24","1017.2"," 8","992.1"," 8","  5.9","24","  7.7","24"," 18.1","999.9","  55.9"," ","  48.2","*"," 0.11","F","999.9","010000"
"38880099999","2019-04-24","37.986814","58.360967","210.92","ASHGABAT, TX","  53.1","24","  38.9","24","1025.7"," 7","000.4"," 7","  6.2","23"," 10.6","24"," 18.1"," 26.0","  61.2"," ","  44.6","*"," 0.02","F","999.9","000000"
"38880099999","2019-04-25","37.986814","58.360967","210.92","ASHGABAT, TX","  55.0","24","  39.8","24","1027.2"," 8","001.8"," 8","  6.2","24","  3.5","24","  7.8","999.9","  64.4"," ","  44.6","*"," 0.00","F","999.9","000000"
"38880099999","2019-04-26","37.986814","58.360967","210.92","ASHGABAT, TX","  57.8","24","  42.3","24","1025.8"," 7","000.6"," 6","  7.1","24","  4.6","24"," 12.0"," 15.9","  65.8"," ","  48.2","*"," 0.00","F","999.9","010000"
"38880099999","2019-04-27","37.986814","58.360967","210.92","ASHGABAT, TX","  61.4","24","  43.0","24","1022.3"," 8","997.5"," 8","  6.2","24","  7.6","24"," 14.0"," 18.1","  73.4"," ","  46.4","*"," 0.00","F","999.9","000000"
"38880099999","2019-04-28","37.986814","58.360967","210.92","ASHGABAT, TX","  66.7","24","  45.4","24","1014.5"," 8","990.2"," 8","  6.2","24","  4.6","24","  8.0","999.9","  79.7"," ","  48.2","*"," 0.00","F","999.9","000000"
"38880099999","2019-04-29","37.986814","58.360967","210.92","ASHGABAT, TX","  70.4","24","  44.6","24","1012.0"," 8","987.9"," 8","  6.0","24","  6.9","24"," 12.0"," 15.9","  81.5"," ","  55.4","*"," 0.00","F","999.9","000000"
"38880099999","2019-04-30","37.986814","58.360967","210.92","ASHGABAT, TX","  68.3","24","  48.9","24","1015.6"," 8","991.2"," 8","  6.2","24","  5.2","23","  8.0","999.9","  78.4"," ","  57.2","*"," 0.00","F","999.9","000000"
"38880099999","2019-05-01","37.986814","58.360967","210.92","ASHGABAT, TX","  71.3","24","  49.1","24","1015.1"," 8","990.9"," 8","  6.2","24","  4.9","24","  8.0","999.9","  82.8"," ","  57.2","*"," 0.00","F","999.9","000000"
"38880099999","2019-05-02","37.986814","58.360967","210.92","ASHGABAT, TX","  74.2","24","  49.9","24","1011.1"," 6","987.3"," 6","  6.1","24","  9.2","24"," 17.5"," 26.0","  88.5"," ","  59.0","*"," 0.00","F","999.9","000000"
"38880099999","2019-05-03","37.986814","58.360967","210.92","ASHGABAT, TX","  75.6","24","  50.2","24","1009.8"," 8","986.0"," 8","  6.0","24"," 12.8","24"," 24.1","999.9","  91.4"," ","  57.2","*"," 0.00","F","999.9","000000"
"38880099999","2019-05-04","37.986814","58.360967","210.92","ASHGABAT, TX","  76.8","24","  54.3","24","1011.3"," 8","987.6"," 8","  6.1","24","  6.7","24","  9.9","999.9","  90.7"," ","  60.8"," "," 0.00","F","999.9","000000"
"38880099999","2019-05-05","37.986814","58.360967","210.92","ASHGABAT, TX","  74.3","24","  58.6","24","1012.5"," 8","988.6"," 8","  6.2","24","  8.7","24"," 14.0","999.9","  84.6"," ","  60.8","*"," 0.00","F","999.9","010010"
"38880099999","2019-05-06","37.986814","58.360967","210.92","ASHGABAT, TX","  78.6","24","  56.7","24","1013.6"," 7","989.8"," 7","  6.0","24","  5.3","24","  8.0","999.9","  88.5"," ","  67.3"," "," 0.00","F","999.9","000010"
"38880099999","2019-05-07","37.986814","58.360967","210.92","ASHGABAT, TX","  80.9","24","  56.7","24","1009.2"," 8","985.7"," 8","  6.2","24","  6.3","24"," 12.0","999.9","  93.2"," ","  69.8"," "," 0.00","F","999.9","000000"
"38880099999","2019-05-08","37.986814","58.360967","210.92","ASHGABAT, TX","  81.6","24","  55.8","24","1007.4"," 6","983.1"," 5","  6.0","24","  8.2","24"," 20.0","999.9","  92.8"," ","  68.0"," "," 0.04","E","999.9","010010"
"38880099999","2019-05-09","37.986814","58.360967","210.92","ASHGABAT, TX","  84.4","24","  53.6","24","1006.5"," 6","983.2"," 6","  6.0","24","  5.1","24","  8.0"," 14.0","  96.1"," ","  69.8","*"," 0.00","F","999.9","000000"
"38880099999","2019-05-10","37.986814","58.360967","210.92","ASHGABAT, TX","  88.7","24","  53.3","24","1006.1"," 6","982.9"," 6","  6.1","24","  5.4","24","  9.9","999.9","  99.3"," ","  69.8","*"," 0.00","F","999.9","000010"
"38880099999","2019-05-11","37.986814","58.360967","210.92","ASHGABAT, TX","  79.0","24","  60.2","24","1010.1"," 6","986.5"," 6","  6.1","24","  5.6","24"," 12.0","999.9","  86.0","*","  71.6","*"," 0.00","F","999.9","010010"
"38880099999","2019-05-12","37.986814","58.360967","210.92","ASHGABAT, TX","  79.9","24","  57.3","24","1014.1"," 6","990.4"," 6","  6.1","24","  6.1","24"," 13.6","999.9","  87.8"," ","  71.6","*"," 0.00","F","999.9","000000"
"38880099999","2019-05-13","37.986814","58.360967","210.92","ASHGABAT, TX","  81.4","24","  53.7","24","1013.8"," 6","990.1"," 6","  6.1","24","  6.0","24","  9.7","999.9","  90.0"," ","  69.8","*"," 0.00","F","999.9","000000"
"38880099999","2019-05-14","37.986814","58.360967","210.92","ASHGABAT, TX","  81.6","23","  52.4","23","1013.1"," 6","989.5"," 6","  6.0","23","  8.6","23"," 12.0","999.9","  91.4"," ","  74.1"," "," 0.00","F","999.9","000000"
"38880099999","2019-05-15","37.986814","58.360967","210.92","ASHGABAT, TX","  69.1","23","  58.7","23","1015.0"," 6","990.8"," 6","  6.2","23","  9.8","23"," 24.1"," 35.9","  80.6"," ","  60.8","*"," 0.12","F","999.9","010010"
"38880099999","2019-05-16","37.986814","58.360967","210.92","ASHGABAT, TX","  69.1","24","  56.2","24","1013.2"," 6","989.1"," 6","  6.2","24","  4.4","24","  8.0","999.9","  77.0"," ","  60.8","*"," 0.00","F","999.9","010010"
"38880099999","2019-05-17","37.986814","58.360967","210.92","ASHGABAT, TX","  69.5","24","  57.0","24","1011.9"," 7","987.8"," 7","  6.2","24","  6.2","24"," 17.5"," 26.0","  82.4"," ","  61.7"," "," 0.04","F","999.9","000010"
"38880099999","2019-05-18","37.986814","58.360967","210.92","ASHGABAT, TX","  75.7","24","  53.0","24","1012.7"," 8","988.8"," 8","  6.0","24","  6.3","24","  9.9","999.9","  84.4"," ","  63.0"," "," 0.00","F","999.9","000000"
"38880099999","2019-05-19","37.986814","58.360967","210.92","ASHGABAT, TX","  81.7","24","  51.8","24","1008.2"," 8","984.6"," 8","  6.0","24","  8.5","23"," 14.0","999.9","  94.3"," ","  64.4"," "," 0.00","F","999.9","000000"
"38880099999","2019-05-20","37.986814","58.360967","210.92","ASHGABAT, TX","  86.9","24","  49.6","24","1007.1"," 8","983.9"," 8","  6.1","24","  7.6","24"," 12.0","999.9","  98.6"," ","  66.2","*"," 0.00","F","999.9","000000"
"38880099999","2019-05-21","37.986814","58.360967","210.92","ASHGABAT, TX","  76.8","24","  53.8","24","1013.6"," 8","989.8"," 8","  6.1","24"," 11.6","24"," 20.0","999.9","  82.6"," ","  64.4","*"," 0.00","F","999.9","010010"
"38880099999","2019-05-22","37.986814","58.360967","210.92","ASHGABAT, TX","  62.0","22","  55.9","22","1019.2"," 8","994.6"," 8","  6.2","22","  5.3","22","  8.0","999.9","  64.4","*","  60.4","*"," 0.43","F","999.9","010000"
"38880099999","2019-05-23","37.986814","58.360967","210.92","ASHGABAT, TX","  68.7","23","  49.1","23","1013.9"," 6","989.7"," 6","  6.5","23","  6.6","23","  9.9"," 18.1","  78.8","*","  59.0","*"," 0.00","F","999.9","000000"
"38880099999","2019-05-24","37.986814","58.360967","210.92","ASHGABAT, TX","  76.4","24","  54.1","24","1011.3"," 8","987.4"," 8","  6.1","24","  6.1","24","  9.9","999.9","  88.2"," ","  59.0","*"," 0.00","F","999.9","000000"
"38880099999","2019-05-25","37.986814","58.360967","210.92","ASHGABAT, TX","  78.4","24","  52.3","24","1014.0"," 8","990.2"," 8","  6.1","24","  5.2","24","  9.9","999.9","  87.8"," ","  66.9"," "," 0.00","F","999.9","000000"
"38880099999","2019-05-26","37.986814","58.360967","210.92","ASHGABAT, TX","  83.6","24","  55.7","24","1010.9"," 7","987.4"," 7","  6.2","24","  6.8","23"," 12.0","999.9","  97.0"," ","  64.4","*"," 0.00","F","999.9","000000"
"38880099999","2019-05-27","37.986814","58.360967","210.92","ASHGABAT, TX","  86.8","24","  57.1","24","1009.8"," 8","986.4"," 8","  6.2","24","  7.8","24"," 14.0","999.9"," 100.4","*","  70.3"," "," 0.00","F","999.9","000000"
"38880099999","2019-05-28","37.986814","58.360967","210.92","ASHGABAT, TX","  80.4","24","  60.5","24","1014.7"," 7","991.1"," 7","  6.2","24","  8.8","24"," 14.0","999.9","  87.8","*","  71.6","*"," 0.00","F","999.9","010000"
"38880099999","2019-05-29","37.986814","58.360967","210.92","ASHGABAT, TX","  73.4","24","  58.3","24","1015.9"," 6","991.9"," 6","  6.1","24","  9.8","24"," 19.4"," 29.9","  84.6"," ","  62.6","*"," 0.39","F","999.9","010110"
"38880099999","2019-05-30","37.986814","58.360967","210.92","ASHGABAT, TX","  73.6","24","  57.5","24","1016.1"," 6","992.0"," 6","  6.2","24","  5.7","24"," 12.0"," 15.9","  80.6","*","  64.4","*"," 0.04","F","999.9","000000"
"38880099999","2019-05-31","37.986814","58.360967","210.92","ASHGABAT, TX","  74.0","24","  57.0","24","1014.3"," 6","990.3"," 6","  6.0","24","  6.5","24"," 14.0"," 26.0","  80.6"," ","  66.2","*"," 0.00","F","999.9","010010"
"38880099999","2019-06-01","37.986814","58.360967","210.92","ASHGABAT, TX","  75.3","24","  57.3","24","1013.9"," 6","990.0"," 6","  5.9","24","  7.5","24"," 14.0"," 29.9","  84.2"," ","  66.2","*"," 0.24","F","999.9","010010"
"38880099999","2019-06-02","37.986814","58.360967","210.92","ASHGABAT, TX","  82.0","24","  52.3","24","1013.6"," 6","990.0"," 6","  6.2","24","  9.9","24"," 18.1","999.9","  91.4","*","  64.4"," "," 0.51","F","999.9","000000"
"38880099999","2019-06-03","37.986814","58.360967","210.92","ASHGABAT, TX","  84.4","24","  51.6","24","1012.7"," 6","990.8"," 6","  6.2","24","  9.4","24"," 17.5"," 20.0","  95.0"," ","  71.2"," "," 0.00","G","999.9","010010"
"38880099999","2019-06-04","37.986814","58.360967","210.92","ASHGABAT, TX","  87.2","24","  50.9","24","1011.1"," 6","987.7"," 6","  6.1","24","  5.1","24","  9.9","999.9","  97.5"," ","  76.6"," "," 0.00","F","999.9","000000"
"38880099999","2019-06-05","37.986814","58.360967","210.92","ASHGABAT, TX","  89.7","24","  49.4","24","1010.1"," 6","987.0"," 5","  6.0","24","  6.4","24"," 12.0"," 15.9"," 102.2"," ","  73.4","*"," 0.00","F","999.9","000000"
"38880099999","2019-06-06","37.986814","58.360967","210.92","ASHGABAT, TX","  87.5","24","  52.0","24","1011.6"," 6","988.3"," 6","  6.0","24","  7.8","24"," 14.0","999.9"," 100.4","*","  71.6","*"," 0.00","F","999.9","000000"
"38880099999","2019-06-07","37.986814","58.360967","210.92","ASHGABAT, TX","  86.2","24","  46.5","24","1012.3"," 6","988.9"," 6","  6.1","24","  4.2","24","  7.8","999.9","  99.0"," ","  71.6","*"," 0.00","F","999.9","000000"
"38880099999","2019-06-08","37.986814","58.360967","210.92","ASHGABAT, TX","  85.2","24","  43.4","24","1013.5"," 6","989.9"," 6","  6.1","24","  5.4","24"," 13.6","999.9","  95.7"," ","  73.4"," "," 0.00","F","999.9","000000"
"38880099999","2019-06-09","37.986814","58.360967","210.92","ASHGABAT, TX","  82.1","24","  47.7","24","1014.6"," 6","991.0"," 6","  6.1","24","  7.7","24"," 18.1","999.9","  92.1"," ","  71.6","*"," 0.00","F","999.9","000000"
"38880099999","2019-06-10","37.986814","58.360967","210.92","ASHGABAT, TX","  79.1","24","  41.5","24","1017.4"," 6","993.5"," 6","  6.0","24","  4.6","24","  8.0","999.9","  88.2"," ","  66.2","*"," 0.00","F","999.9","000000"
"38880099999","2019-06-11","37.986814","58.360967","210.92","ASHGABAT, TX","  79.8","24","  41.1","24","1015.6"," 6","991.8"," 6","  6.1","24","  7.6","23"," 12.0"," 18.1","  89.6"," ","  64.4","*"," 0.00","F","999.9","000000"
"38880099999","2019-06-12","37.986814","58.360967","210.92","ASHGABAT, TX","  82.5","24","  41.5","24","1009.9"," 6","986.3"," 6","  6.1","24"," 11.0","23"," 18.1","999.9","  93.2"," ","  66.2","*"," 0.00","F","999.9","000000"
"38880099999","2019-06-13","37.986814","58.360967","210.92","ASHGABAT, TX","  84.6","24","  44.5","24","1005.8"," 6","982.4"," 6","  6.2","24","  6.5","24"," 15.9","999.9","  96.8","*","  66.2","*"," 0.00","F","999.9","000000"
"38880099999","2019-06-14","37.986814","58.360967","210.92","ASHGABAT, TX","  88.0","24","  51.0","24","1006.8"," 7","983.5"," 7","  6.0","24","  8.1","24"," 28.0","999.9"," 100.0"," ","  69.8"," "," 0.00","F","999.9","010010"
"38880099999","2019-06-15","37.986814","58.360967","210.92","ASHGABAT, TX","  87.6","24","  50.3","24","1009.8"," 7","986.5"," 7","  6.0","24","  5.5","24"," 12.0","999.9","  98.6","*","  73.4","*"," 0.00","F","999.9","000000"
"38880099999","2019-06-16","37.986814","58.360967","210.92","ASHGABAT, TX","  86.3","24","  41.5","24","1008.4"," 6","985.0"," 6","  6.2","24","  6.2","24"," 12.0","999.9","  98.6"," ","  69.4"," "," 0.00","F","999.9","000000"
"38880099999","2019-06-17","37.986814","58.360967","210.92","ASHGABAT, TX","  88.7","24","  44.4","24","1005.4"," 6","982.2"," 6","  6.2","24","  7.6","24"," 12.0"," 22.0"," 101.1"," ","  71.6","*"," 0.00","I","999.9","000000"
"38880099999","2019-06-18","37.986814","58.360967","210.92","ASHGABAT, TX","  91.6","24","  45.0","24","1004.3"," 8","981.2"," 8","  6.2","24","  7.1","24"," 15.5","999.9"," 104.7"," ","  73.4","*"," 0.00","F","999.9","000000"
"38880099999","2019-06-19","37.986814","58.360967","210.92","ASHGABAT, TX","  90.0","24","  56.3","24","1004.1"," 8","981.0"," 8","  6.2","24","  7.6","24"," 13.6","999.9","  98.6","*","  78.8","*"," 0.00","F","999.9","000000"
"38880099999","2019-06-20","37.986814","58.360967","210.92","ASHGABAT, TX","  90.3","24","  53.1","24","1005.3"," 8","982.3"," 8","  6.4","24","  6.1","24"," 15.5","999.9"," 101.1"," ","  78.8","*"," 0.00","F","999.9","000000"
"38880099999","2019-06-21","37.986814","58.360967","210.92","ASHGABAT, TX","  92.8","24","  48.0","24","1004.7"," 8","981.7"," 8","  6.2","24","  6.2","24","  9.9","999.9"," 104.0","*","  77.0","*"," 0.00","F","999.9","000000"
"38880099999","2019-06-22","37.986814","58.360967","210.92","ASHGABAT, TX","  92.6","24","  45.3","24","1007.9"," 8","984.6"," 7","  6.1","24","  8.6","24"," 20.0","999.9"," 104.0","*","  80.6","*"," 0.00","F","999.9","000000"
"38880099999","2019-06-23","37.986814","58.360967","210.92","ASHGABAT, TX","  91.2","24","  42.6","24","1010.3"," 8","987.2"," 8","  6.1","24","  5.3","23","  9.7","999.9"," 104.0","*","  73.4","*"," 0.00","F","999.9","000000"
"38880099999","2019-06-24","37.986814","58.360967","210.92","ASHGABAT, TX","  90.0","24","  41.7","24","1010.2"," 7","986.9"," 7","  6.0","24","  5.6","24","  9.9","999.9"," 104.0","*","  73.4","*"," 0.00","F","999.9","000000"
"38880099999","2019-06-25","37.986814","58.360967","210.92","ASHGABAT, TX","  91.0","24","  39.0","24","1009.4"," 7","986.2"," 7","  5.8","24","  5.5","23","  9.9","999.9"," 104.0","*","  71.6","*"," 0.00","F","999.9","000000"
"38880099999","2019-06-26","37.986814","58.360967","210.92","ASHGABAT, TX","  92.7","24","  37.4","23","1008.4"," 8","985.3"," 8","  6.1","24","  7.5","24"," 12.0","999.9"," 104.0","*","  75.2","*"," 0.00","F","999.9","000000"
"38880099999","2019-06-27","37.986814","58.360967","210.92","ASHGABAT, TX","  93.6","24","  51.0","24","1005.8"," 8","982.7"," 8","  6.0","24"," 10.1","24"," 22.0"," 32.1"," 103.6"," ","  82.4","*"," 0.00","F","999.9","000000"
"38880099999","2019-06-28","37.986814","58.360967","210.92","ASHGABAT, TX","  84.7","24","  59.0","24","1004.5"," 8","981.2"," 8","  6.2","24","  5.7","24"," 15.9","999.9","  91.4","*","  73.4","*"," 0.02","F","999.9","010000"
"38880099999","2019-06-29","37.986814","58.360967","210.92","ASHGABAT, TX","  89.0","24","  55.2","24","1001.3"," 8","976.9"," 7","  8.1","24","  7.0","23"," 12.0","999.9","  99.7"," ","  73.4"," "," 0.00","F","999.9","000000"
"38880099999","2019-06-30","37.986814","58.360967","210.92","ASHGABAT, TX","  92.9","24","  57.4","23"," 999.5"," 6","976.6"," 6","  6.1","24","  5.1","23","  8.0","999.9"," 106.2"," ","  75.2","*"," 0.00","F","999.9","000000"
"38880099999","2019-07-01","37.986814","58.360967","210.92","ASHGABAT, TX","  87.1","24","  65.8","24","1005.2"," 8","982.1"," 8","  6.1","24"," 11.2","24"," 24.1"," 32.1","  95.4"," ","  69.8","*"," 0.00","F","999.9","000000"
"38880099999","2019-07-02","37.986814","58.360967","210.92","ASHGABAT, TX","  76.2","24","  53.7","24","1016.1"," 8","992.2"," 8","  6.2","24","  8.6","24"," 21.4","999.9","  84.6"," ","  68.0"," "," 0.00","F","999.9","010000"
"38880099999","2019-07-03","37.986814","58.360967","210.92","ASHGABAT, TX","  81.7","24","  49.2","24","1013.2"," 7","989.6"," 7","  6.2","24","  7.2","24"," 13.6"," 15.9","  91.4","*","  71.6","*"," 0.00","F","999.9","000000"
"38880099999","2019-07-04","37.986814","58.360967","210.92","ASHGABAT, TX","  86.7","24","  47.6","24","1008.0"," 8","984.7"," 8","  6.2","24","  7.1","24"," 17.5"," 20.0","  98.6","*","  69.8","*"," 0.00","F","999.9","000000"
"38880099999","2019-07-05","37.986814","58.360967","210.92","ASHGABAT, TX","  89.9","24","  51.0","24","1005.5"," 8","982.3"," 8","  6.2","24","  6.9","24"," 15.9","999.9"," 101.1"," ","  71.6","*"," 0.00","F","999.9","000000"
"38880099999","2019-07-06","37.986814","58.360967","210.92","ASHGABAT, TX","  92.5","24","  55.0","24","1003.0"," 8","980.0"," 8","  6.2","24","  7.5","24"," 14.0"," 15.9"," 102.2"," ","  80.6","*"," 0.00","F","999.9","000000"
"38880099999","2019-07-07","37.986814","58.360967","210.92","ASHGABAT, TX","  92.4","24","  59.0","24","1003.3"," 7","980.4"," 7","  6.2","24"," 10.1","24"," 14.0","999.9"," 102.2","*","  82.4","*"," 0.00","F","999.9","000000"
"38880099999","2019-07-08","37.986814","58.360967","210.92","ASHGABAT, TX","  88.5","24","  63.1","24","1005.0"," 8","981.9"," 8","  6.2","24","  5.4","24","  9.7","999.9","  96.8","*","  78.8","*"," 0.00","F","999.9","000000"
"38880099999","2019-07-09","37.986814","58.360967","210.92","ASHGABAT, TX","  94.1","24","  58.4","24","1000.7"," 7","977.9"," 7","  6.2","24","  6.8","23"," 14.0","999.9"," 105.8","*","  81.3"," "," 0.04","F","999.9","010010"
"38880099999","2019-07-10","37.986814","58.360967","210.92","ASHGABAT, TX","  89.9","24","  60.6","24","1002.6"," 8","979.6"," 8","  6.2","24"," 13.3","24"," 22.0"," 34.0"," 100.9"," ","  82.4"," "," 0.00","F","999.9","000000"
"38880099999","2019-07-11","37.986814","58.360967","210.92","ASHGABAT, TX","  90.6","24","  60.1","24","1002.2"," 8","979.3"," 8","  6.1","24","  6.8","24"," 15.9","999.9"," 103.3"," ","  80.6"," "," 0.00","F","999.9","000000"
"38880099999","2019-07-12","37.986814","58.360967","210.92","ASHGABAT, TX","  96.8","24","  50.0","24"," 998.2"," 8","975.6"," 8","  6.2","24","  7.0","24"," 12.0","999.9"," 109.8"," ","  77.0","*"," 0.00","F","999.9","000000"
"38880099999","2019-07-13","37.986814","58.360967","210.92","ASHGABAT, TX","  97.3","24","  57.3","24"," 999.0"," 7","976.6"," 6","  6.2","24"," 10.4","24"," 18.1","999.9"," 109.4","*","  80.6","*"," 0.00","F","999.9","000000"
"38880099999","2019-07-14","37.986814","58.360967","210.92","ASHGABAT, TX","  92.6","24","  69.2","24","1002.7"," 6","979.8"," 6","  6.2","24","  9.9","24"," 15.9","999.9"," 101.5"," ","  84.2","*"," 0.00","F","999.9","000000"
"38880099999","2019-07-15","37.986814","58.360967","210.92","ASHGABAT, TX","  90.4","24","  66.5","24","1003.9"," 8","980.9"," 8","  6.2","24","  7.4","24"," 18.1","999.9","  99.3"," ","  82.4","*"," 0.00","F","999.9","000000"
"38880099999","2019-07-16","37.986814","58.360967","210.92","ASHGABAT, TX","  97.3","24","  58.9","24","1000.0"," 7","977.4"," 7","  6.2","24","  7.3","24"," 13.6","999.9"," 110.7"," ","  82.4"," "," 0.00","F","999.9","000000"
"38880099999","2019-07-17","37.986814","58.360967","210.92","ASHGABAT, TX","  98.7","24","  63.0","24","1000.9"," 7","978.3"," 7","  6.2","24","  9.7","24"," 15.9","999.9"," 111.2","*","  80.6","*"," 0.00","F","999.9","000000"
"38880099999","2019-07-18","37.986814","58.360967","210.92","ASHGABAT, TX","  94.6","24","  64.1","24","1002.6"," 7","979.9"," 7","  6.2","24","  6.0","24"," 12.0","999.9"," 105.8"," ","  84.2","*"," 0.00","F","999.9","000000"
"38880099999","2019-07-19","37.986814","58.360967","210.92","ASHGABAT, TX","  97.7","24","  62.5","24","1003.4"," 8","980.7"," 8","  6.2","24","  9.0","24"," 15.9","999.9"," 109.8"," ","  84.9"," "," 0.00","F","999.9","000000"
"38880099999","2019-07-20","37.986814","58.360967","210.92","ASHGABAT, TX","  95.4","24","  69.1","24","1008.6"," 8","985.7"," 8","  6.2","24"," 11.7","24"," 14.0","999.9"," 104.5"," ","  84.2","*"," 0.00","F","999.9","000000"
"38880099999","2019-07-21","37.986814","58.360967","210.92","ASHGABAT, TX","  94.5","24","  64.0","24","1009.6"," 8","986.5"," 8","  6.2","24"," 12.1","24"," 18.1","999.9"," 102.9"," ","  86.0","*"," 0.00","F","999.9","000000"
"38880099999","2019-07-22","37.986814","58.360967","210.92","ASHGABAT, TX","  93.5","24","  50.5","24","1007.2"," 8","984.3"," 8","  6.2","24","  4.2","24","  8.0","999.9"," 105.8"," ","  77.0","*"," 0.00","F","999.9","000000"
"38880099999","2019-07-23","37.986814","58.360967","210.92","ASHGABAT, TX","  93.5","24","  43.8","24","1005.3"," 8","982.4"," 8","  6.2","24","  6.0","23"," 12.0","999.9"," 107.6","*","  78.8","*"," 0.00","F","999.9","000000"
"38880099999","2019-07-24","37.986814","58.360967","210.92","ASHGABAT, TX","  95.4","24","  54.7","24","1003.2"," 7","980.4"," 7","  6.1","24","  5.9","24"," 11.7","999.9"," 108.7"," ","  82.4","*"," 0.00","F","999.9","000000"
"38880099999","2019-07-25","37.986814","58.360967","210.92","ASHGABAT, TX","  97.6","24","  50.8","24","1002.0"," 8","979.3"," 8","  6.2","24","  9.5","24"," 15.9","999.9"," 109.4"," ","  82.4","*"," 0.00","F","999.9","000000"
"38880099999","2019-07-26","37.986814","58.360967","210.92","ASHGABAT, TX","  96.6","24","  58.4","24","1001.6"," 8","978.9"," 8","  6.2","24","  8.4","24"," 20.0","999.9"," 107.6","*","  80.2"," "," 0.00","F","999.9","000000"
"38880099999","2019-07-27","37.986814","58.360967","210.92","ASHGABAT, TX","  92.5","24","  66.1","24","1001.0"," 7","978.2"," 7","  6.2","24","  6.8","24"," 14.0","999.9"," 101.1"," ","  84.2","*"," 0.00","F","999.9","000000"
"38880099999","2019-07-28","37.986814","58.360967","210.92","ASHGABAT, TX","  90.9","24","  66.5","24","1001.2"," 6","978.3"," 6","  6.2","24","  9.4","24"," 15.9","999.9","  98.6","*","  84.0"," "," 0.00","F","999.9","000000"
"38880099999","2019-07-29","37.986814","58.360967","210.92","ASHGABAT, TX","  87.0","24","  57.7","24","1006.3"," 5","983.2"," 5","  6.2","24","  7.4","24"," 17.5","999.9","  95.0"," ","  80.6","*"," 0.00","F","999.9","000000"
"38880099999","2019-07-30","37.986814","58.360967","210.92","ASHGABAT, TX","  91.6","24","  54.3","24","1004.8"," 6","981.8"," 6","  6.2","24","  8.2","24"," 15.9","999.9"," 101.8"," ","  78.8","*"," 0.00","F","999.9","000000"
"38880099999","2019-07-31","37.986814","58.360967","210.92","ASHGABAT, TX","  92.6","24","  53.2","24","1001.6"," 6","978.7"," 6","  6.2","24","  7.0","24"," 15.5","999.9"," 104.0"," ","  77.0","*"," 0.00","F","999.9","000000"
"38880099999","2019-08-01","37.986814","58.360967","210.92","ASHGABAT, TX","  97.1","24","  53.1","24","1000.5"," 6","977.8"," 6","  6.0","24","  5.8","24"," 24.1","999.9"," 108.5"," ","  78.8","*"," 0.00","F","999.9","000000"
"38880099999","2019-08-02","37.986814","58.360967","210.92","ASHGABAT, TX","  94.1","24","  58.8","24","1001.6"," 6","978.8"," 6","  5.9","24","  9.2","24"," 22.0","999.9"," 104.2"," ","  86.0","*"," 0.00","F","999.9","000000"
"38880099999","2019-08-03","37.986814","58.360967","210.92","ASHGABAT, TX","  91.1","24","  61.4","24","1001.5"," 6","978.6"," 6","  6.2","24","  8.5","24"," 18.1","999.9"," 100.0"," ","  78.8","*"," 0.00","F","999.9","000000"
"38880099999","2019-08-04","37.986814","58.360967","210.92","ASHGABAT, TX","  89.7","24","  52.8","24","1001.8"," 5","978.8"," 5","  6.2","24","  4.9","24","  8.0","999.9"," 100.0"," ","  80.2"," "," 0.00","F","999.9","000000"
"38880099999","2019-08-05","37.986814","58.360967","210.92","ASHGABAT, TX","  93.4","24","  59.4","24"," 998.8"," 7","976.0"," 7","  6.2","24"," 10.2","24"," 14.0","999.9"," 102.6"," ","  80.6","*"," 0.00","F","999.9","000000"
"38880099999","2019-08-06","37.986814","58.360967","210.92","ASHGABAT, TX","  91.9","24","  67.7","24","1005.6"," 6","984.3"," 6","  6.2","24","  9.7","24"," 15.9","999.9"," 100.8"," ","  84.2","*"," 0.00","F","999.9","000000"
"38880099999","2019-08-07","37.986814","58.360967","210.92","ASHGABAT, TX","  87.1","24","  61.2","24","1010.3"," 7","987.0"," 7","  6.2","24"," 12.6","24"," 18.1"," 22.0","  93.6"," ","  80.6","*"," 0.00","F","999.9","000000"
"38880099999","2019-08-08","37.986814","58.360967","210.92","ASHGABAT, TX","  85.0","24","  47.2","24","1011.6"," 7","988.1"," 7","  4.9","24"," 11.6","24"," 20.0","999.9","  93.9"," ","  75.2","*"," 0.00","F","999.9","000000"
"38880099999","2019-08-09","37.986814","58.360967","210.92","ASHGABAT, TX","  84.4","24","  43.9","24","1012.7"," 8","989.2"," 8","  6.2","24","  6.0","24"," 13.6"," 24.1","  93.9"," ","  71.6","*"," 0.00","F","999.9","000000"
"38880099999","2019-08-10","37.986814","58.360967","210.92","ASHGABAT, TX","  84.7","24","  36.4","24","1007.2"," 8","983.9"," 8","  6.2","24","  5.9","24"," 12.0","999.9","  95.4"," ","  69.1"," "," 0.00","F","999.9","000000"
"38880099999","2019-08-11","37.986814","58.360967","210.92","ASHGABAT, TX","  88.7","24","  48.5","24","1006.0"," 8","982.8"," 8","  6.2","24","  8.0","24"," 12.0","999.9","  99.3"," ","  68.0","*"," 0.00","F","999.9","000000"
"38880099999","2019-08-12","37.986814","58.360967","210.92","ASHGABAT, TX","  81.4","24","  56.9","24","1012.5"," 8","988.9"," 8","  6.2","24"," 11.6","24"," 17.5","999.9","  86.7"," ","  75.2","*"," 0.00","F","999.9","000000"
"38880099999","2019-08-13","37.986814","58.360967","210.92","ASHGABAT, TX","  77.3","24","  46.0","24","1014.6"," 8","990.7"," 8","  6.2","24","  9.9","24"," 18.1","999.9","  87.8"," ","  68.0","*"," 0.00","F","999.9","000000"
"38880099999","2019-08-14","37.986814","58.360967","210.92","ASHGABAT, TX","  76.9","24","  45.8","24","1014.3"," 8","990.5"," 8","  6.2","24","  7.7","24"," 17.5","999.9","  88.2"," ","  64.4","*"," 0.00","F","999.9","000000"
"38880099999","2019-08-15","37.986814","58.360967","210.92","ASHGABAT, TX","  77.6","24","  41.5","24","1013.4"," 8","990.4"," 8","  6.1","24","  6.4","24","  9.9","999.9","  88.5"," ","  62.6","*"," 0.00","F","999.9","000000"
"38880099999","2019-08-16","37.986814","58.360967","210.92","ASHGABAT, TX","  80.4","24","  41.4","24","1012.1"," 7","988.4"," 7","  6.2","24","  6.1","24","  9.9","999.9","  91.4","*","  68.0","*"," 0.00","F","999.9","000000"
"38880099999","2019-08-17","37.986814","58.360967","210.92","ASHGABAT, TX","  82.4","24","  42.1","24","1009.1"," 8","985.8"," 8","  6.0","24"," 10.8","24"," 19.4","999.9","  93.4"," ","  69.8","*"," 0.00","F","999.9","000000"
"38880099999","2019-08-18","37.986814","58.360967","210.92","ASHGABAT, TX","  84.1","24","  41.5","24","1010.8"," 8","987.3"," 8","  6.2","24","  9.4","24"," 15.5","999.9","  96.8","*","  66.2","*"," 0.00","F","999.9","000000"
"38880099999","2019-08-19","37.986814","58.360967","210.92","ASHGABAT, TX","  85.6","24","  41.7","24","1013.0"," 8","989.5"," 8","  6.2","24","  8.0","24"," 17.5"," 26.0","  96.8"," ","  69.8","*"," 0.00","F","999.9","000000"
"38880099999","2019-08-20","37.986814","58.360967","210.92","ASHGABAT, TX","  86.0","24","  42.4","24","1014.1"," 8","990.6"," 8","  6.0","24","  4.4","24","  9.7","999.9","  98.6","*","  69.8","*"," 0.00","F","999.9","000000"
"38880099999","2019-08-21","37.986814","58.360967","210.92","ASHGABAT, TX","  87.8","24","  45.8","24","1012.2"," 7","988.9"," 7","  6.1","24","  4.9","24","  8.0","999.9"," 100.4"," ","  72.7"," "," 0.00","F","999.9","000000"
"38880099999","2019-08-22","37.986814","58.360967","210.92","ASHGABAT, TX","  88.9","24","  47.8","24","1009.8"," 6","986.6"," 6","  6.2","24","  4.6","24","  8.0","999.9"," 101.1"," ","  75.2","*"," 0.00","F","999.9","000000"
"38880099999","2019-08-23","37.986814","58.360967","210.92","ASHGABAT, TX","  90.3","24","  45.4","24","1011.0"," 6","987.7"," 6","  6.1","24","  5.2","24"," 11.7"," 15.9"," 100.9"," ","  73.4","*"," 0.00","F","999.9","000000"
"38880099999","2019-08-24","37.986814","58.360967","210.92","ASHGABAT, TX","  82.8","24","  39.3","24","1012.5"," 7","989.0"," 7","  6.2","24","  4.4","24","  8.0","999.9","  95.0","*","  68.0","*"," 0.00","F","999.9","000000"
"38880099999","2019-08-25","37.986814","58.360967","210.92","ASHGABAT, TX","  83.5","24","  37.0","24","1010.7"," 6","987.1"," 6","  6.1","24","  4.2","24","  7.8","999.9","  97.3"," ","  64.4","*"," 0.00","F","999.9","000000"
"38880099999","2019-08-26","37.986814","58.360967","210.92","ASHGABAT, TX","  84.3","24","  35.6","24","1011.6"," 6","988.0"," 6","  6.2","24","  5.8","24","  9.9","999.9","  96.8"," ","  68.9"," "," 0.00","F","999.9","000000"
"38880099999","2019-08-27","37.986814","58.360967","210.92","ASHGABAT, TX","  85.7","24","  45.0","24","1012.1"," 6","988.5"," 6","  6.2","24","  6.0","24"," 12.0"," 15.9","  98.2"," ","  68.4"," "," 0.00","F","999.9","000000"
"38880099999","2019-08-28","37.986814","58.360967","210.92","ASHGABAT, TX","  88.0","24","  48.8","24","1008.9"," 6","984.7"," 6","  6.2","24","  8.5","24"," 15.9","999.9","  98.6"," ","  69.8","*"," 0.00","F","999.9","000000"
"38880099999","2019-08-29","37.986814","58.360967","210.92","ASHGABAT, TX","  81.6","24","  50.3","24","1015.1"," 6","991.4"," 6","  6.2","24","  9.6","24"," 15.9","999.9","  89.8"," ","  73.4","*"," 0.00","F","999.9","000000"
"38880099999","2019-08-30","37.986814","58.360967","210.92","ASHGABAT, TX","  78.6","22","  49.2","22","1015.4"," 5","991.6"," 5","  6.1","22","  5.8","22","  9.9","999.9","  87.8"," ","  68.0","*"," 0.00","F","999.9","000000"
"38880099999","2019-08-31","37.986814","58.360967","210.92","ASHGABAT, TX","  74.3","24","  42.0","24","1013.3"," 6","989.3"," 6","  6.2","24","  6.6","24"," 15.9","999.9","  86.4"," ","  62.6","*"," 0.00","F","999.9","000000"
"38880099999","2019-09-01","37.986814","58.360967","210.92","ASHGABAT, TX","  72.8","24","  44.9","24","1014.1"," 6","990.0"," 6","  6.2","24","  4.3","24","  8.0","999.9","  79.2"," ","  66.2","*"," 0.00","F","999.9","010000"
"38880099999","2019-09-02","37.986814","58.360967","210.92","ASHGABAT, TX","  76.5","24","  44.0","24","1011.0"," 7","987.2"," 7","  6.1","24","  6.3","23","  9.9","999.9","  87.8","*","  64.4","*"," 0.00","F","999.9","000000"
"38880099999","2019-09-03","37.986814","58.360967","210.92","ASHGABAT, TX","  76.6","24","  44.6","24","1009.7"," 7","985.9"," 7","  6.1","24","  8.7","24"," 22.0","999.9","  91.4","*","  65.8"," "," 0.00","F","999.9","000000"
"38880099999","2019-09-04","37.986814","58.360967","210.92","ASHGABAT, TX","  75.4","24","  51.7","24","1012.5"," 6","988.4"," 5","  6.2","24","  6.1","24","  9.9"," 15.9","  84.2"," ","  64.4","*"," 0.00","F","999.9","000000"
"38880099999","2019-09-05","37.986814","58.360967","210.92","ASHGABAT, TX","  76.1","24","  46.0","24","1014.2"," 7","989.5"," 7","  6.2","24","  6.3","24"," 12.0","999.9","  85.1"," ","  66.2","*"," 0.00","F","999.9","000000"
"38880099999","2019-09-06","37.986814","58.360967","210.92","ASHGABAT, TX","  76.0","24","  42.7","24","1013.6"," 6","989.6"," 6","  6.2","24","  6.3","24","  9.7","999.9","  87.8","*","  62.6","*"," 0.00","G","999.9","000000"
"38880099999","2019-09-07","37.986814","58.360967","210.92","ASHGABAT, TX","  76.5","24","  39.8","24","1009.6"," 6","985.8"," 6","  6.2","24","  9.3","24"," 17.5","999.9","  88.5"," ","  62.6","*"," 0.00","F","999.9","000000"
"38880099999","2019-09-08","37.986814","58.360967","210.92","ASHGABAT, TX","  74.6","24","  36.2","24","1012.5"," 7","988.5"," 7","  6.2","24","  5.0","24","  9.7","999.9","  85.3"," ","  63.0"," "," 0.00","F","999.9","000000"
"38880099999","2019-09-09","37.986814","58.360967","210.92","ASHGABAT, TX","  74.0","24","  42.2","24","1018.2"," 6","994.1"," 6","  6.2","24","  5.1","24","  9.7","999.9","  82.4","*","  62.6","*"," 0.00","F","999.9","000000"
"38880099999","2019-09-10","37.986814","58.360967","210.92","ASHGABAT, TX","  72.5","24","  38.0","24","1019.0"," 6","994.7"," 6","  6.2","24"," 10.0","24"," 21.4","999.9","  82.8"," ","  59.0","*"," 0.00","F","999.9","000000"
"38880099999","2019-09-11","37.986814","58.360967","210.92","ASHGABAT, TX","  71.4","24","  36.2","24","1019.4"," 6","995.1"," 6","  6.2","24","  6.7","24"," 14.0","999.9","  84.2","*","  56.8"," "," 0.00","F","999.9","000000"
"38880099999","2019-09-12","37.986814","58.360967","210.92","ASHGABAT, TX","  74.0","24","  36.2","24","1018.1"," 6","993.9"," 6","  6.2","24","  5.3","24"," 12.0","999.9","  86.0","*","  57.2","*"," 0.00","F","999.9","000000"
"38880099999","2019-09-13","37.986814","58.360967","210.92","ASHGABAT, TX","  73.3","23","  43.1","23","1017.5"," 5","993.4"," 5","  6.2","23","  9.9","23"," 15.9","999.9","  83.1"," ","  64.4","*"," 0.00","F","999.9","000000"
"38880099999","2019-09-14","37.986814","58.360967","210.92","ASHGABAT, TX","  73.8","24","  48.5","24","1019.0"," 6","994.8"," 6","  6.2","24","  6.6","24"," 12.0","999.9","  82.4","*","  64.4","*"," 0.00","F","999.9","000000"
"38880099999","2019-09-15","37.986814","58.360967","210.92","ASHGABAT, TX","  74.6","24","  42.3","24","1018.4"," 6","994.3"," 6","  6.2","24","  5.1","24","  9.7","999.9","  84.9"," ","  62.6","*"," 0.00","F","999.9","000000"
"38880099999","2019-09-16","37.986814","58.360967","210.92","ASHGABAT, TX","  76.1","24","  41.6","24","1017.6"," 6","993.6"," 6","  6.2","24","  5.9","23","  9.9","999.9","  87.8"," ","  60.8","*"," 0.00","F","999.9","000000"
"38880099999","2019-09-17","37.986814","58.360967","210.92","ASHGABAT, TX","  79.1","24","  40.0","24","1011.5"," 6","986.8"," 6","  5.5","24"," 11.3","24"," 22.0","999.9","  94.3"," ","  62.6","*"," 0.00","F","999.9","000000"
"38880099999","2019-09-18","37.986814","58.360967","210.92","ASHGABAT, TX","  81.1","21","  51.5","21","1011.6"," 5","987.9"," 5","  6.2","21","  7.1","21"," 18.1","999.9","  93.6"," ","  66.2","*"," 0.00","F","999.9","000000"
"38880099999","2019-09-19","37.986814","58.360967","210.92","ASHGABAT, TX","  82.3","24","  58.1","24","1014.1"," 6","990.5"," 6","  6.2","24","  4.8","23","  9.9","999.9","  91.8"," ","  73.4","*"," 0.00","F","999.9","000000"
"38880099999","2019-09-20","37.986814","58.360967","210.92","ASHGABAT, TX","  82.3","24","  51.8","24","1013.3"," 5","989.8"," 5","  6.1","24","  5.8","24","  9.9","999.9","  95.0","*","  71.6","*"," 0.00","F","999.9","000000"
"38880099999","2019-09-21","37.986814","58.360967","210.92","ASHGABAT, TX","  82.8","19","  51.1","19","1004.3"," 7","980.9"," 7","  6.1","19","  6.1","18"," 18.1","999.9"," 102.4"," ","  69.8","*"," 0.00","F","999.9","000000"
"38880099999","2019-09-22","37.986814","58.360967","210.92","ASHGABAT, TX","  71.1","24","  50.6","24","1015.9"," 7","991.8"," 7","  5.9","24"," 12.4","23"," 20.0"," 29.9","  77.4"," ","  62.6","*"," 0.00","F","999.9","000000"
"38880099999","2019-09-23","37.986814","58.360967","210.92","ASHGABAT, TX","  69.7","24","  46.1","24","1018.2"," 8","993.9"," 8","  6.2","24","  7.7","24"," 15.5","999.9","  78.8","*","  60.4"," "," 0.00","G","999.9","000000"
"38880099999","2019-09-24","37.986814","58.360967","210.92","ASHGABAT, TX","  72.7","24","  43.7","24","1015.5"," 8","991.3"," 8","  6.2","24","  4.4","24","  8.0","999.9","  82.8"," ","  60.1"," "," 0.00","F","999.9","000000"
"38880099999","2019-09-25","37.986814","58.360967","210.92","ASHGABAT, TX","  74.4","24","  41.1","24","1013.4"," 8","989.4"," 8","  6.0","24","  3.9","24","  8.0"," 18.1","  88.2"," ","  60.8","*"," 0.00","F","999.9","000000"
"38880099999","2019-09-26","37.986814","58.360967","210.92","ASHGABAT, TX","  78.8","24","  44.3","24","1011.0"," 8","987.2"," 8","  6.2","24","  6.8","24"," 15.9","999.9","  91.8"," ","  62.6","*"," 0.00","F","999.9","000000"
"38880099999","2019-09-27","37.986814","58.360967","210.92","ASHGABAT, TX","  77.1","24","  57.3","24","1012.4"," 8","988.7"," 8","  6.2","24","  6.7","24"," 12.0","999.9","  84.2"," ","  69.4"," "," 0.00","F","999.9","000000"
"38880099999","2019-09-28","37.986814","58.360967","210.92","ASHGABAT, TX","  76.6","24","  54.3","24","1010.2"," 8","986.4"," 8","  6.2","24","  6.2","24"," 11.7","999.9","  86.0"," ","  68.0","*"," 0.00","F","999.9","000000"
"38880099999","2019-09-29","37.986814","58.360967","210.92","ASHGABAT, TX","  74.5","24","  56.3","24","1014.3"," 8","990.3"," 8","  6.2","24","  8.9","24"," 15.9","999.9","  84.2","*","  66.2","*"," 0.00","F","999.9","000000"
"38880099999","2019-09-30","37.986814","58.360967","210.92","ASHGABAT, TX","  70.7","24","  44.5","24","1016.0"," 7","991.8"," 7","  6.2","24","  7.1","24"," 14.0","999.9","  78.8","*","  62.6","*"," 0.00","F","999.9","000000"
"38880099999","2019-10-01","37.986814","58.360967","210.92","ASHGABAT, TX","  68.5","24","  40.0","24","1016.0"," 8","991.6"," 8","  6.2","24","  8.9","24"," 15.5","999.9","  78.8","*","  59.0","*"," 0.00","F","999.9","000000"
"38880099999","2019-10-02","37.986814","58.360967","210.92","ASHGABAT, TX","  65.2","21","  38.5","21","1017.4"," 7","993.0"," 7","  6.2","21","  4.8","21","  8.0","999.9","  77.7"," ","  53.6","*"," 0.00","F","999.9","000000"
"38880099999","2019-10-03","37.986814","58.360967","210.92","ASHGABAT, TX","  66.8","24","  33.8","24","1017.7"," 8","993.3"," 8","  6.2","24","  4.0","24","  7.8","999.9","  77.7"," ","  53.6","*"," 0.00","F","999.9","000000"
"38880099999","2019-10-04","37.986814","58.360967","210.92","ASHGABAT, TX","  63.6","22","  30.5","22","1016.6"," 6","992.1"," 6","  6.2","22","  4.4","22","  7.8","999.9","  77.0","*","  51.8","*"," 0.00","E","999.9","000000"
"38880099999","2019-10-05","37.986814","58.360967","210.92","ASHGABAT, TX","  67.3","24","  33.6","24","1015.5"," 6","991.1"," 6","  6.2","24","  4.2","24","  9.7","999.9","  78.8","*","  52.3"," "," 0.00","F","999.9","000000"
"38880099999","2019-10-06","37.986814","58.360967","210.92","ASHGABAT, TX","  69.4","24","  33.2","24","1008.4"," 6","984.2"," 6","  6.2","24","  6.0","24"," 11.7","999.9","  85.3"," ","  53.6","*"," 0.00","F","999.9","000000"
"38880099999","2019-10-07","37.986814","58.360967","210.92","ASHGABAT, TX","  76.3","24","  34.9","24","1008.8"," 6","984.8"," 6","  6.1","24","  3.6","24","  6.0"," 14.0","  91.4"," ","  55.4","*"," 0.00","F","999.9","000000"
"38880099999","2019-10-08","37.986814","58.360967","210.92","ASHGABAT, TX","  73.6","24","  51.9","24","1018.7"," 6","994.6"," 6","  6.2","24","  3.1","24","  6.0","999.9","  84.6"," ","  59.4"," "," 0.00","F","999.9","000000"
"38880099999","2019-10-09","37.986814","58.360967","210.92","ASHGABAT, TX","  77.2","24","  50.8","24","1017.0"," 7","993.0"," 7","  6.1","24","  5.0","24"," 15.9","999.9","  89.6","*","  64.0"," "," 0.00","F","999.9","000000"
"38880099999","2019-10-10","37.986814","58.360967","210.92","ASHGABAT, TX","  72.3","24","  53.8","24","1022.4"," 5","998.2"," 5","  6.2","24","  8.8","24"," 15.5","999.9","  79.0"," ","  64.4","*"," 0.00","F","999.9","000000"
"38880099999","2019-10-11","37.986814","58.360967","210.92","ASHGABAT, TX","  67.5","24","  45.9","24","1020.9"," 6","996.5"," 6","  6.2","24","  7.6","24"," 12.0","999.9","  77.9"," ","  59.0","*"," 0.00","F","999.9","000000"
"38880099999","2019-10-12","37.986814","58.360967","210.92","ASHGABAT, TX","  69.2","24","  46.9","24","1016.1"," 6","992.1"," 6","  6.2","24","  4.5","24","  8.0","999.9","  83.5"," ","  53.6","*"," 0.00","F","999.9","000000"
"38880099999","2019-10-13","37.986814","58.360967","210.92","ASHGABAT, TX","  62.8","24","  48.4","24","1026.2"," 7","001.4"," 7","  5.7","24"," 12.2","24"," 24.1","999.9","  69.8","*","  55.4","*"," 0.00","F","999.9","000000"
"38880099999","2019-10-14","37.986814","58.360967","210.92","ASHGABAT, TX","  61.7","24","  43.6","24","1030.1"," 6","005.2"," 6","  6.2","24","  4.7","24","  8.0","999.9","  71.6"," ","  51.8","*"," 0.00","F","999.9","000000"
"38880099999","2019-10-15","37.986814","58.360967","210.92","ASHGABAT, TX","  63.2","24","  35.4","24","1024.8"," 6","000.0"," 6","  6.2","24","  6.1","24"," 13.6","999.9","  77.7"," ","  50.0"," "," 0.00","F","999.9","000000"
"38880099999","2019-10-16","37.986814","58.360967","210.92","ASHGABAT, TX","  64.6","24","  35.7","24","1020.4"," 8","995.7"," 8","  6.1","24","  4.0","23","  8.0","999.9","  79.5"," ","  48.2","*"," 0.00","F","999.9","000000"
"38880099999","2019-10-17","37.986814","58.360967","210.92","ASHGABAT, TX","  66.2","24","  35.0","24","1023.0"," 8","998.4"," 8","  6.2","24","  4.3","22","  8.0","999.9","  80.6","*","  51.8","*"," 0.00","F","999.9","000000"
"38880099999","2019-10-18","37.986814","58.360967","210.92","ASHGABAT, TX","  66.3","24","  36.2","24","1019.9"," 7","995.4"," 7","  6.2","24","  6.4","23"," 15.5","999.9","  81.3"," ","  51.8","*"," 0.00","F","999.9","000000"
"38880099999","2019-10-19","37.986814","58.360967","210.92","ASHGABAT, TX","  64.5","24","  37.8","24","1018.1"," 7","993.5"," 7","  5.9","24","  3.9","24","  8.0","999.9","  78.8","*","  50.0","*"," 0.00","F","999.9","000000"
"38880099999","2019-10-20","37.986814","58.360967","210.92","ASHGABAT, TX","  69.3","24","  36.9","24","1019.6"," 8","995.2"," 7","  6.1","24","  4.0","24"," 12.0","999.9","  82.4","*","  52.2"," "," 0.00","F","999.9","000000"
"38880099999","2019-10-21","37.986814","58.360967","210.92","ASHGABAT, TX","  67.5","24","  47.2","24","1021.6"," 8","997.1"," 8","  6.2","24","  4.3","24","  7.8","999.9","  75.9"," ","  59.4"," "," 0.00","F","999.9","000000"
"38880099999","2019-10-22","37.986814","58.360967","210.92","ASHGABAT, TX","  65.8","24","  46.1","24","1021.0"," 8","996.4"," 8","  6.2","24","  3.8","22","  6.0"," 15.9","  76.6"," ","  55.4","*"," 0.00","F","999.9","000000"
"38880099999","2019-10-23","37.986814","58.360967","210.92","ASHGABAT, TX","  67.7","24","  38.5","24","1019.9"," 7","995.3"," 7","  6.2","24","  5.3","24","  8.0","999.9","  78.8","*","  53.6"," "," 0.00","F","999.9","010000"
"38880099999","2019-10-24","37.986814","58.360967","210.92","ASHGABAT, TX","  66.4","24","  40.3","24","1021.3"," 8","996.8"," 8","  6.2","24","  4.1","23","  7.8","999.9","  73.4"," ","  59.0","*"," 0.00","F","999.9","010000"
"38880099999","2019-10-25","37.986814","58.360967","210.92","ASHGABAT, TX","  65.6","23","  35.4","23","1019.6"," 8","995.0"," 8","  6.2","23","  6.5","22"," 17.5","999.9","  73.6"," ","  55.4"," "," 0.00","F","999.9","000000"
"38880099999","2019-10-26","37.986814","58.360967","210.92","ASHGABAT, TX","  64.1","23","  30.8","23","1019.4"," 8","994.8"," 8","  6.2","23","  6.3","23"," 15.5","999.9","  73.4","*","  51.8","*"," 0.00","F","999.9","000000"
"38880099999","2019-10-27","37.986814","58.360967","210.92","ASHGABAT, TX","  61.2","24","  27.6","24","1020.5"," 8","995.7"," 8","  6.2","24","  2.7","24","  4.1","999.9","  73.4","*","  49.6"," "," 0.00","F","999.9","000000"
"38880099999","2019-10-28","37.986814","58.360967","210.92","ASHGABAT, TX","  61.9","24","  29.0","24","1018.6"," 8","993.9"," 8","  6.2","24","  5.7","24"," 14.0","999.9","  75.2"," ","  50.0","*"," 0.00","F","999.9","000000"
"38880099999","2019-10-29","37.986814","58.360967","210.92","ASHGABAT, TX","  61.6","24","  37.5","24","1013.2"," 8","988.4"," 7","  7.2","24","  6.5","23"," 18.1","999.9","  71.6","*","  50.0","*"," 0.01","F","999.9","010000"
"38880099999","2019-10-30","37.986814","58.360967","210.92","ASHGABAT, TX","  64.5","24","  45.2","24","1013.5"," 8","989.0"," 8","  6.1","24","  4.2","24","  8.0","999.9","  75.2","*","  51.8","*"," 0.00","F","999.9","010000"
"38880099999","2019-10-31","37.986814","58.360967","210.92","ASHGABAT, TX","  59.7","24","  51.0","24","1017.9"," 8","993.2"," 8","  6.1","24","  3.8","24","  9.7","999.9","  65.1"," ","  51.8","*"," 0.02","F","999.9","010000"
"38880099999","2019-11-01","37.986814","58.360967","210.92","ASHGABAT, TX","  60.2","24","  49.5","24","1016.9"," 8","992.1"," 8","  6.1","24","  4.3","22","  8.0","999.9","  69.8"," ","  50.0","*"," 0.00","F","999.9","000000"
"38880099999","2019-11-02","37.986814","58.360967","210.92","ASHGABAT, TX","  61.9","24","  48.5","24","1013.0"," 8","988.5"," 8","  5.8","24","  5.6","23"," 11.7","999.9","  75.2","*","  48.2","*"," 0.00","F","999.9","000000"
"38880099999","2019-11-03","37.986814","58.360967","210.92","ASHGABAT, TX","  50.0","24","  40.9","24","1025.2"," 8","999.8"," 8","  6.0","24"," 12.2","24"," 25.3"," 26.0","  65.8","*","  39.2","*"," 0.08","F","999.9","010000"
"38880099999","2019-11-04","37.986814","58.360967","210.92","ASHGABAT, TX","  42.3","24","  32.3","24","1033.3"," 6","007.2"," 6","  6.2","24","  6.4","24","  9.9","999.9","  49.6"," ","  35.2"," "," 0.00","F","999.9","000000"
"38880099999","2019-11-05","37.986814","58.360967","210.92","ASHGABAT, TX","  43.7","24","  34.7","24","1030.3"," 6","004.4"," 6","  6.0","24","  8.8","24"," 15.5","999.9","  53.8"," ","  35.4"," "," 0.00","F","999.9","000000"
"38880099999","2019-11-06","37.986814","58.360967","210.92","ASHGABAT, TX","  46.6","24","  28.3","24","1024.1"," 6","998.5"," 6","  6.2","24","  8.2","24"," 17.5","999.9","  61.2"," ","  33.8","*"," 0.00","F","999.9","000000"
"38880099999","2019-11-07","37.986814","58.360967","210.92","ASHGABAT, TX","  48.6","19","  29.2","19","1022.6"," 5","997.0"," 5","  6.0","19","  3.4","17","  6.0","999.9","  65.5","*","  32.0","*"," 0.00","E","999.9","000000"
"38880099999","2019-11-08","37.986814","58.360967","210.92","ASHGABAT, TX","  51.9","24","  28.6","24","1025.3"," 6","999.9"," 6","  5.9","24","  4.4","24"," 11.7","999.9","  68.0","*","  39.2"," "," 0.00","F","999.9","000000"
"38880099999","2019-11-09","37.986814","58.360967","210.92","ASHGABAT, TX","  52.5","24","  30.3","24","1026.5"," 6","001.1"," 6","  6.2","24","  3.7","24","  7.8","999.9","  66.2"," ","  38.1"," "," 0.00","F","999.9","000000"
"38880099999","2019-11-10","37.986814","58.360967","210.92","ASHGABAT, TX","  53.4","24","  30.5","24","1029.4"," 6","004.1"," 6","  6.2","24","  3.8","24","  6.0"," 15.9","  67.6"," ","  40.6"," "," 0.00","F","999.9","000000"
"38880099999","2019-11-11","37.986814","58.360967","210.92","ASHGABAT, TX","  50.0","24","  25.8","24","1028.3"," 6","002.8"," 6","  6.2","24","  4.3","24","  7.8","999.9","  66.2"," ","  37.4","*"," 0.00","F","999.9","000000"
"38880099999","2019-11-12","37.986814","58.360967","210.92","ASHGABAT, TX","  47.1","24","  24.7","24","1026.7"," 7","001.0"," 7","  6.2","24","  3.1","24","  6.0","999.9","  62.6","*","  35.6","*"," 0.00","F","999.9","000000"
"38880099999","2019-11-13","37.986814","58.360967","210.92","ASHGABAT, TX","  48.2","24","  18.6","24","1025.1"," 7","999.4"," 7","  6.1","24","  3.3","24","  6.0","999.9","  63.3"," ","  33.8","*"," 0.00","F","999.9","000000"
"38880099999","2019-11-14","37.986814","58.360967","210.92","ASHGABAT, TX","  53.3","24","  30.6","24","1024.0"," 8","998.7"," 8","  6.1","24","  4.1","24"," 12.0","999.9","  64.8"," ","  37.4","*"," 0.00","F","999.9","000000"
"38880099999","2019-11-15","37.986814","58.360967","210.92","ASHGABAT, TX","  42.8","24","  40.3","24","1028.0"," 8","002.1"," 8","  5.0","24","  4.5","24"," 11.7","999.9","  44.6","*","  41.0"," "," 0.09","F","999.9","010000"
"38880099999","2019-11-16","37.986814","58.360967","210.92","ASHGABAT, TX","  44.2","24","  37.9","24","1033.0"," 8","007.0"," 8","  5.9","24","  3.6","24","  7.8","999.9","  48.9"," ","  39.2","*"," 0.01","F","999.9","000000"
"38880099999","2019-11-17","37.986814","58.360967","210.92","ASHGABAT, TX","  43.8","24","  33.3","24","1033.3"," 8","007.3"," 8","  5.8","24","  2.8","23","  6.0","999.9","  50.4"," ","  35.2"," "," 0.00","F","999.9","000000"
"38880099999","2019-11-18","37.986814","58.360967","210.92","ASHGABAT, TX","  43.8","24","  30.8","24","1029.2"," 8","003.3"," 8","  6.2","24","  2.4","24","  4.1","999.9","  48.2"," ","  35.6","*"," 0.00","F","999.9","000000"
"38880099999","2019-11-19","37.986814","58.360967","210.92","ASHGABAT, TX","  47.5","24","  32.7","24","1024.0"," 7","998.4"," 7","  6.1","24","  4.7","24","  9.9","999.9","  54.0"," ","  40.6"," "," 0.00","F","999.9","000000"
"38880099999","2019-11-20","37.986814","58.360967","210.92","ASHGABAT, TX","  48.2","24","  34.1","24","1022.1"," 7","996.6"," 7","  6.1","24","  4.2","24","  8.0"," 15.9","  52.5"," ","  43.2"," "," 0.00","F","999.9","010000"
"38880099999","2019-11-21","37.986814","58.360967","210.92","ASHGABAT, TX","  37.8","24","  27.9","24","1028.2"," 8","002.0"," 8","  6.2","24","  7.1","24"," 11.7","999.9","  46.4","*","  33.8","*"," 0.02","F","999.9","010000"
"38880099999","2019-11-22","37.986814","58.360967","210.92","ASHGABAT, TX","  35.3","23","  16.6","23","1032.1"," 6","005.6"," 6","  6.2","23","  4.2","23","  6.0","999.9","  41.7"," ","  31.6"," "," 0.00","F","999.9","000000"
"38880099999","2019-11-23","37.986814","58.360967","210.92","ASHGABAT, TX","  28.2","19","  20.6","19","1035.7"," 6","008.8"," 6","  5.8","19","  6.4","19","  9.9","999.9","  31.8"," ","  24.8","*"," 0.02","E","999.9","001000"
"38880099999","2019-11-24","37.986814","58.360967","210.92","ASHGABAT, TX","  27.7","24","  20.5","24","1036.7"," 6","009.7"," 6","  6.2","22","  5.2","24","  9.7","999.9","  35.2"," ","  22.6"," "," 0.00","F","999.9","000000"
"38880099999","2019-11-25","37.986814","58.360967","210.92","ASHGABAT, TX","  31.5","24","  22.8","24","1031.9"," 7","005.3"," 7","  6.1","22","  4.6","24","  8.0","999.9","  44.6","*","  20.5"," "," 0.00","F","999.9","000000"
"38880099999","2019-11-26","37.986814","58.360967","210.92","ASHGABAT, TX","  31.1","20","  22.8","20","1029.5"," 6","002.9"," 6","  5.8","20","  5.1","20"," 12.0","999.9","  47.1"," ","  21.2","*"," 0.00","F","999.9","000000"
"38880099999","2019-11-27","37.986814","58.360967","210.92","ASHGABAT, TX","  35.8","24","  24.3","24","1026.7"," 7","000.5"," 7","  5.9","24","  6.6","24"," 12.0","999.9","  50.4"," ","  23.0","*"," 0.00","F","999.9","000000"
"38880099999","2019-11-28","37.986814","58.360967","210.92","ASHGABAT, TX","  38.6","24","  26.0","24","1023.7"," 8","997.6"," 8","  6.0","24","  6.7","24"," 11.7","999.9","  50.0","*","  26.2"," "," 0.00","F","999.9","000000"
"38880099999","2019-11-29","37.986814","58.360967","210.92","ASHGABAT, TX","  42.2","24","  30.4","24","1021.7"," 7","995.9"," 7","  5.0","24","  5.1","24","  8.0","999.9","  51.8","*","  32.7"," "," 0.00","F","999.9","000000"
"38880099999","2019-11-30","37.986814","58.360967","210.92","ASHGABAT, TX","  51.7","24","  34.3","24","1015.9"," 8","990.8"," 8","  5.1","24","  4.2","23","  6.0","999.9","  66.6"," ","  35.6"," "," 0.00","F","999.9","000000"
"38880099999","2019-12-01","37.986814","58.360967","210.92","ASHGABAT, TX","  59.6","24","  32.7","24","1015.1"," 7","990.4"," 7","  6.4","24","  3.7","23","  6.0","999.9","  77.0","*","  42.8","*"," 0.00","F","999.9","000000"
"38880099999","2019-12-02","37.986814","58.360967","210.92","ASHGABAT, TX","  59.6","24","  34.9","24","1014.6"," 7","989.8"," 7","  6.1","24","  4.5","24","  8.0","999.9","  75.2","*","  44.6","*"," 0.00","F","999.9","000000"
"38880099999","2019-12-03","37.986814","58.360967","210.92","ASHGABAT, TX","  51.4","24","  43.4","24","1019.7"," 8","994.5"," 8","  5.6","24","  4.5","24","  9.9","999.9","  55.4","*","  48.2","*"," 0.00","F","999.9","000000"
"38880099999","2019-12-04","37.986814","58.360967","210.92","ASHGABAT, TX","  49.0","23","  40.5","23","1018.7"," 7","993.3"," 7","  4.6","23","  3.5","22","  6.0","999.9","  55.4","*","  44.6","*"," 0.01","F","999.9","010000"
"38880099999","2019-12-05","37.986814","58.360967","210.92","ASHGABAT, TX","  45.8","24","  42.5","23","1027.9"," 8","002.2"," 8","  4.2","24","  5.8","24","  9.7","999.9","  51.8","*","  41.0","*"," 0.03","F","999.9","010000"
"38880099999","2019-12-06","37.986814","58.360967","210.92","ASHGABAT, TX","  42.5","24","  41.2","24","1034.0"," 7","007.8"," 7","  4.0","24","  6.3","23","  8.0","999.9","  44.6","*","  39.2"," "," 0.12","F","999.9","010000"
"38880099999","2019-12-07","37.986814","58.360967","210.92","ASHGABAT, TX","  45.0","24","  43.9","24","1027.7"," 6","001.6"," 6","  2.5","24","  5.8","24","  8.0","999.9","  46.4","*","  42.8","*"," 0.05","F","999.9","010000"
"38880099999","2019-12-08","37.986814","58.360967","210.92","ASHGABAT, TX","  41.7","24","  41.0","24","1017.1"," 6","991.4"," 6","  1.2","24","  5.6","24","  9.7","999.9","  42.8","*","  41.0","*"," 0.02","F","999.9","110000"
"38880099999","2019-12-09","37.986814","58.360967","210.92","ASHGABAT, TX","  45.1","24","  42.0","24","1016.5"," 6","991.1"," 6","  4.3","24","  5.4","23"," 15.5","999.9","  50.4"," ","  40.3"," "," 0.07","F","999.9","010000"
"38880099999","2019-12-10","37.986814","58.360967","210.92","ASHGABAT, TX","  46.5","24","  41.8","24","1020.5"," 6","995.0"," 6","  5.5","24","  4.2","24","  8.0","999.9","  54.3"," ","  39.2"," "," 0.00","F","999.9","010000"
"38880099999","2019-12-11","37.986814","58.360967","210.92","ASHGABAT, TX","  45.9","24","  40.9","24","1019.5"," 6","994.0"," 6","  5.9","24","  4.6","24","  9.9","999.9","  47.1"," ","  41.7"," "," 0.00","F","999.9","010000"
"38880099999","2019-12-12","37.986814","58.360967","210.92","ASHGABAT, TX","  45.0","24","  40.3","24","1021.4"," 6","995.7"," 6","  5.1","24","  2.8","23","  8.0","999.9","  48.9"," ","  39.6","*"," 0.00","F","999.9","010000"
"38880099999","2019-12-13","37.986814","58.360967","210.92","ASHGABAT, TX","  46.9","24","  39.1","24","1020.1"," 6","994.7"," 6","  5.3","24","  4.3","23","  8.0","999.9","  54.3"," ","  39.2","*"," 0.00","E","999.9","000000"
"38880099999","2019-12-14","37.986814","58.360967","210.92","ASHGABAT, TX","  42.9","24","  37.3","24","1025.4"," 7","999.7"," 7","  5.7","24","  7.9","24"," 11.7","999.9","  46.8"," ","  37.4","*"," 0.00","F","999.9","000000"
"38880099999","2019-12-15","37.986814","58.360967","210.92","ASHGABAT, TX","  39.2","24","  34.7","24","1024.1"," 6","998.1"," 6","  3.0","24","  7.2","24"," 13.6"," 18.1","  46.4"," ","  35.6"," "," 0.00","F","999.9","000000"
"38880099999","2019-12-16","37.986814","58.360967","210.92","ASHGABAT, TX","  40.6","24","  35.6","24","1023.3"," 6","997.4"," 6","  2.2","24","  4.2","24","  8.0","999.9","  48.6"," ","  35.6","*"," 0.00","F","999.9","100000"
"38880099999","2019-12-17","37.986814","58.360967","210.92","ASHGABAT, TX","  43.4","24","  37.3","24","1027.3"," 8","001.4"," 8","  2.8","24","  5.4","24"," 14.0","999.9","  50.0","*","  33.8"," "," 0.00","F","999.9","010000"
"38880099999","2019-12-18","37.986814","58.360967","210.92","ASHGABAT, TX","  42.7","24","  35.0","24","1031.6"," 8","005.6"," 8","  5.9","24","  3.8","23","  8.0","999.9","  50.7"," ","  33.8","*"," 0.00","F","999.9","000000"
"38880099999","2019-12-19","37.986814","58.360967","210.92","ASHGABAT, TX","  45.6","24","  31.7","24","1026.7"," 8","001.0"," 8","  6.1","24","  3.9","22","  6.0","999.9","  59.4"," ","  33.8"," "," 0.00","F","999.9","000000"
"38880099999","2019-12-20","37.986814","58.360967","210.92","ASHGABAT, TX","  51.4","24","  29.5","24","1021.7"," 8","996.4"," 8","  6.2","24","  5.1","24"," 14.0","999.9","  68.7"," ","  37.4"," "," 0.00","F","999.9","000000"
"38880099999","2019-12-21","37.986814","58.360967","210.92","ASHGABAT, TX","  42.1","24","  30.4","24","1026.4"," 8","000.6"," 8","  6.1","24","  3.3","24","  7.8","999.9","  52.9"," ","  33.8","*"," 0.00","F","999.9","000000"
"38880099999","2019-12-22","37.986814","58.360967","210.92","ASHGABAT, TX","  42.7","24","  31.7","24","1022.8"," 6","997.1"," 6","  6.2","24","  4.0","23","  9.9","999.9","  54.7"," ","  32.0","*"," 0.00","F","999.9","000000"
"38880099999","2019-12-23","37.986814","58.360967","210.92","ASHGABAT, TX","  38.8","24","  28.5","24","1021.0"," 6","995.2"," 6","  6.2","24","  4.7","24","  6.0","999.9","  48.2"," ","  32.0","*"," 0.00","F","999.9","000000"
"38880099999","2019-12-24","37.986814","58.360967","210.92","ASHGABAT, TX","  40.5","24","  30.0","24","1020.3"," 6","994.5"," 6","  6.1","24","  6.9","24"," 13.6","999.9","  53.6"," ","  28.4","*"," 0.00","F","999.9","000000"
"38880099999","2019-12-25","37.986814","58.360967","210.92","ASHGABAT, TX","  47.4","24","  31.3","24","1015.3"," 6","990.0"," 6","  5.4","24","  3.4","23","  6.0","999.9","  68.0","*","  30.2","*"," 0.00","F","999.9","000000"
"38880099999","2019-12-26","37.986814","58.360967","210.92","ASHGABAT, TX","  53.6","24","  25.9","24","1008.8"," 6","983.9"," 6","  5.9","24","  3.8","24","  6.0","999.9","  72.0","*","  40.6"," "," 0.00","F","999.9","000000"
"38880099999","2019-12-27","37.986814","58.360967","210.92","ASHGABAT, TX","  55.3","24","  27.5","24","1009.9"," 7","985.1"," 7","  6.1","24","  5.5","24","  9.9","999.9","  72.0"," ","  42.4"," "," 0.00","F","999.9","000000"
"38880099999","2019-12-28","37.986814","58.360967","210.92","ASHGABAT, TX","  53.4","24","  34.8","24","1013.0"," 6","988.1"," 6","  6.2","24","  4.6","24"," 11.7","999.9","  66.6"," ","  44.6"," "," 0.00","F","999.9","000000"
"38880099999","2019-12-29","37.986814","58.360967","210.92","ASHGABAT, TX","  50.8","24","  40.2","24","1021.5"," 6","996.1"," 6","  6.2","24","  3.8","23","  6.0","999.9","  59.0"," ","  39.2","*"," 0.00","F","999.9","000000"
"38880099999","2019-12-30","37.986814","58.360967","210.92","ASHGABAT, TX","  47.9","24","  41.2","24","1024.9"," 6","999.3"," 6","  5.2","23","  3.3","23","  6.0","999.9","  55.8"," ","  35.6","*"," 0.00","F","999.9","000000"
"38880099999","2019-12-31","37.986814","58.360967","210.92","ASHGABAT, TX","  42.1","23","  38.2","23","1020.0"," 6","994.2"," 6","  3.5","22","  4.3","22","  8.0","999.9","  47.1"," ","  32.0","*"," 0.00","F","999.9","110000"
