"STATION","DATE","LATITUDE","LONGITUDE","ELEVATION","NAME","TEMP","TEMP_ATTRIBUTES","DEWP","DEWP_ATTRIBUTES","SLP","SLP_ATTRIBUTES","STP","STP_ATTRIBUTES","VISIB","VISIB_ATTRIBUTES","WDSP","WDSP_ATTRIBUTES","MXSPD","GUST","MAX","MAX_ATTRIBUTES","MIN","MIN_ATTRIBUTES","PRCP","PRCP_ATTRIBUTES","SNDP","FRSHTT"
"48480099999","2019-01-01","12.6","102.1166667","4.0","CHANTHABURI, TH","  78.3"," 8","  61.1"," 8","1014.6"," 8","014.2"," 8","  5.0"," 8","  9.3"," 8"," 15.0","999.9","  86.0","*","  70.2"," "," 0.00","I","999.9","000000"
"48480099999","2019-01-02","12.6","102.1166667","4.0","CHANTHABURI, TH","  78.8"," 8","  62.2"," 8","1014.1"," 8","013.7"," 8","  5.0"," 8","  5.0"," 8","  8.9","999.9","  89.1"," ","  71.1"," "," 0.00","I","999.9","000000"
"48480099999","2019-01-03","12.6","102.1166667","4.0","CHANTHABURI, TH","  78.9"," 8","  63.6"," 8","1014.0"," 8","013.5"," 8","  5.0"," 8","  7.9"," 8"," 15.0","999.9","  82.4","*","  74.7"," "," 0.00","I","999.9","000000"
"48480099999","2019-01-04","12.6","102.1166667","4.0","CHANTHABURI, TH","  78.8"," 8","  67.4"," 8","1013.0"," 8","012.5"," 8","  5.1"," 8","  4.0"," 8"," 13.0","999.9","  81.0","*","  75.4"," "," 0.00","I","999.9","000000"
"48480099999","2019-01-05","12.6","102.1166667","4.0","CHANTHABURI, TH","  81.8"," 8","  72.6"," 8","1012.9"," 8","012.5"," 8","  4.6"," 8","  2.1"," 8","  7.0","999.9","  89.2","*","  75.9"," "," 0.00","G","999.9","010000"
"48480099999","2019-01-06","12.6","102.1166667","4.0","CHANTHABURI, TH","  83.1"," 8","  73.7"," 8","1012.9"," 8","012.5"," 8","  4.6"," 8","  0.0"," 8","999.9","999.9","  91.4","*","  75.0"," "," 0.00","G","999.9","000000"
"48480099999","2019-01-07","12.6","102.1166667","4.0","CHANTHABURI, TH","  83.8"," 8","  75.2"," 8","1011.6"," 8","011.2"," 8","  4.7"," 8","  0.0"," 8","999.9","999.9","  91.9","*","  75.2"," "," 0.00","G","999.9","000000"
"48480099999","2019-01-08","12.6","102.1166667","4.0","CHANTHABURI, TH","  83.0"," 8","  75.6"," 8","1012.4"," 8","012.0"," 8","  4.4"," 8","  1.5"," 8","  4.1","999.9","  90.0","*","  76.8"," "," 0.00","G","999.9","000000"
"48480099999","2019-01-09","12.6","102.1166667","4.0","CHANTHABURI, TH","  82.9"," 8","  75.7"," 8","1012.8"," 8","012.3"," 8","  4.7"," 8","  0.9"," 8","  4.1","999.9","  90.9","*","  76.6"," "," 0.00","I","999.9","000000"
"48480099999","2019-01-10","12.6","102.1166667","4.0","CHANTHABURI, TH","  82.7"," 8","  74.5"," 8","1012.2"," 8","011.8"," 8","  4.6"," 8","  0.9"," 8","  4.1","999.9","  91.8","*","  74.7","*"," 0.00","I","999.9","000000"
"48480099999","2019-01-11","12.6","102.1166667","4.0","CHANTHABURI, TH","  82.8"," 8","  74.9"," 8","1012.2"," 8","011.8"," 8","  4.6"," 8","  1.4"," 8","  4.1","999.9","  91.8","*","  73.2"," "," 0.00","I","999.9","000000"
"48480099999","2019-01-12","12.6","102.1166667","4.0","CHANTHABURI, TH","  83.9"," 8","  73.6"," 8","1011.6"," 8","011.2"," 8","  4.6"," 8","  0.5"," 8","  4.1","999.9","  95.5"," ","  74.5"," "," 0.00","I","999.9","000000"
"48480099999","2019-01-13","12.6","102.1166667","4.0","CHANTHABURI, TH","  82.8"," 8","  74.8"," 8","1011.3"," 8","010.9"," 8","  4.3"," 8","  1.0"," 8","  5.1","999.9","  91.0","*","  74.1"," "," 0.00","I","999.9","000000"
"48480099999","2019-01-14","12.6","102.1166667","4.0","CHANTHABURI, TH","  83.1"," 8","  74.5"," 8","1010.4"," 8","010.0"," 8","  4.5"," 8","  1.0"," 8","  5.1","999.9","  94.6"," ","  74.5"," "," 0.00","I","999.9","000000"
"48480099999","2019-01-15","12.6","102.1166667","4.0","CHANTHABURI, TH","  83.1"," 8","  73.6"," 8","1010.7"," 8","010.3"," 8","  4.6"," 8","  0.4"," 8","  2.9","999.9","  93.4","*","  73.8"," "," 0.00","I","999.9","000000"
"48480099999","2019-01-16","12.6","102.1166667","4.0","CHANTHABURI, TH","  83.0"," 8","  71.7"," 8","1010.9"," 8","010.5"," 8","  4.6"," 8","  0.9"," 8","  4.1","999.9","  94.5","*","  72.7"," "," 0.00","I","999.9","000000"
"48480099999","2019-01-17","12.6","102.1166667","4.0","CHANTHABURI, TH","  83.3"," 8","  71.0"," 8","1011.1"," 8","010.7"," 8","  4.6"," 8","  2.1"," 8","  8.0","999.9","  93.2","*","  73.8"," "," 0.00","I","999.9","000000"
"48480099999","2019-01-18","12.6","102.1166667","4.0","CHANTHABURI, TH","  83.2"," 8","  66.6"," 8","1011.6"," 8","011.2"," 8","  5.0"," 8","  3.4"," 8","  7.0","999.9","  92.7","*","  75.2"," "," 0.00","I","999.9","000000"
"48480099999","2019-01-19","12.6","102.1166667","4.0","CHANTHABURI, TH","  83.8"," 8","  66.4"," 8","1011.4"," 8","011.0"," 8","  4.8"," 8","  2.6"," 8","  6.0","999.9","  94.8","*","  74.5","*"," 0.00","I","999.9","000000"
"48480099999","2019-01-20","12.6","102.1166667","4.0","CHANTHABURI, TH","  83.4"," 8","  72.4"," 8","1011.5"," 8","011.1"," 8","  4.8"," 8","  0.4"," 8","  2.9","999.9","  93.2","*","  72.5"," "," 0.00","I","999.9","000000"
"48480099999","2019-01-21","12.6","102.1166667","4.0","CHANTHABURI, TH","  83.5"," 8","  70.6"," 8","1012.2"," 8","011.8"," 8","  4.6"," 8","  2.1"," 8","  6.0","999.9","  93.2","*","  74.1","*"," 0.00","I","999.9","000000"
"48480099999","2019-01-22","12.6","102.1166667","4.0","CHANTHABURI, TH","  82.5"," 8","  67.0"," 8","1013.1"," 8","012.7"," 8","  4.6"," 8","  4.0"," 8","  9.9","999.9","  94.1","*","  73.6"," "," 0.00","I","999.9","000000"
"48480099999","2019-01-23","12.6","102.1166667","4.0","CHANTHABURI, TH","  82.5"," 8","  64.4"," 8","1012.9"," 8","012.5"," 8","  4.7"," 8","  3.6"," 8","  8.0","999.9","  93.2","*","  72.5"," "," 0.00","I","999.9","000000"
"48480099999","2019-01-24","12.6","102.1166667","4.0","CHANTHABURI, TH","  80.8"," 8","  63.7"," 8","1013.4"," 8","013.0"," 8","  4.6"," 8","  1.5"," 8","  5.1","999.9","  92.7","*","  69.4","*"," 0.00","I","999.9","000000"
"48480099999","2019-01-25","12.6","102.1166667","4.0","CHANTHABURI, TH","  79.9"," 8","  62.4"," 8","1013.9"," 8","013.5"," 8","  4.7"," 8","  3.3"," 8","  8.0","999.9","  93.2","*","  67.8"," "," 0.00","I","999.9","000000"
"48480099999","2019-01-26","12.6","102.1166667","4.0","CHANTHABURI, TH","  79.9"," 8","  62.8"," 8","1014.4"," 8","014.0"," 8","  4.4"," 8","  3.0"," 8","  6.0","999.9","  92.8"," ","  68.0"," "," 0.00","I","999.9","000000"
"48480099999","2019-01-27","12.6","102.1166667","4.0","CHANTHABURI, TH","  79.5"," 8","  63.0"," 8","1013.9"," 8","013.5"," 8","  4.7"," 8","  3.9"," 8","  8.0","999.9","  90.0","*","  70.7"," "," 0.00","I","999.9","000000"
"48480099999","2019-01-28","12.6","102.1166667","4.0","CHANTHABURI, TH","  81.3"," 8","  63.3"," 8","1013.0"," 8","012.6"," 8","  4.6"," 8","  2.4"," 8","  6.0","999.9","  90.5","*","  70.3"," "," 0.00","I","999.9","000000"
"48480099999","2019-01-29","12.6","102.1166667","4.0","CHANTHABURI, TH","  82.5"," 8","  70.3"," 8","1012.7"," 8","012.3"," 8","  4.7"," 8","  1.3"," 8","  5.1","999.9","  94.6"," ","  71.8"," "," 0.00","I","999.9","000000"
"48480099999","2019-01-30","12.6","102.1166667","4.0","CHANTHABURI, TH","  82.1"," 8","  75.1"," 8","1012.9"," 8","012.4"," 8","  4.6"," 8","  0.8"," 8","  6.0","999.9","  88.3","*","  73.4"," "," 0.00","I","999.9","000000"
"48480099999","2019-01-31","12.6","102.1166667","4.0","CHANTHABURI, TH","  82.6"," 8","  75.9"," 8","1013.2"," 8","012.8"," 8","  4.4"," 8","  0.8"," 8","  2.9","999.9","  91.4","*","  75.4"," "," 0.00","I","999.9","000000"
"48480099999","2019-02-01","12.6","102.1166667","4.0","CHANTHABURI, TH","  82.6"," 8","  75.5"," 8","1012.9"," 8","012.4"," 8","  4.4"," 8","  1.1"," 8","  4.1","999.9","  90.9","*","  75.2"," "," 0.15","G","999.9","000000"
"48480099999","2019-02-02","12.6","102.1166667","4.0","CHANTHABURI, TH","  83.6"," 8","  74.8"," 8","1012.6"," 8","012.2"," 8","  4.6"," 8","  1.9"," 8","  5.1","999.9","  93.0","*","  77.2"," "," 0.00","I","999.9","000000"
"48480099999","2019-02-03","12.6","102.1166667","4.0","CHANTHABURI, TH","  84.1"," 8","  77.0"," 8","1013.1"," 8","012.7"," 8","  4.8"," 8","  0.6"," 8","  5.1","999.9","  91.6","*","  76.3"," "," 0.00","I","999.9","000000"
"48480099999","2019-02-04","12.6","102.1166667","4.0","CHANTHABURI, TH","  84.5"," 8","  77.2"," 8","1013.3"," 8","012.9"," 8","  4.5"," 8","  1.4"," 8","  4.1","999.9","  92.5"," ","  78.1"," "," 0.00","I","999.9","000000"
"48480099999","2019-02-05","12.6","102.1166667","4.0","CHANTHABURI, TH","  83.7"," 8","  77.0"," 8","1012.6"," 8","012.2"," 8","  4.4"," 8","  2.9"," 8","  8.0","999.9","  89.6","*","  79.2"," "," 0.03","G","999.9","000000"
"48480099999","2019-02-06","12.6","102.1166667","4.0","CHANTHABURI, TH","  83.6"," 8","  77.4"," 8","1011.8"," 8","011.4"," 8","  4.6"," 8","  1.0"," 8","  4.1","999.9","  88.7","*","  78.8"," "," 0.00","G","999.9","000000"
"48480099999","2019-02-07","12.6","102.1166667","4.0","CHANTHABURI, TH","  84.0"," 8","  76.9"," 8","1012.7"," 8","012.3"," 8","  4.7"," 8","  1.2"," 8","  4.1","999.9","  91.0","*","  78.3"," "," 0.00","G","999.9","000000"
"48480099999","2019-02-08","12.6","102.1166667","4.0","CHANTHABURI, TH","  84.7"," 8","  77.0"," 8","1011.9"," 8","011.5"," 8","  4.5"," 8","  0.9"," 8","  4.1","999.9","  91.4","*","  78.1"," "," 0.00","I","999.9","000000"
"48480099999","2019-02-09","12.6","102.1166667","4.0","CHANTHABURI, TH","  85.5"," 8","  77.9"," 8","1012.2"," 8","011.7"," 8","  4.6"," 8","  1.6"," 8","  7.0","999.9","  93.6"," ","  77.7"," "," 0.00","I","999.9","000000"
"48480099999","2019-02-10","12.6","102.1166667","4.0","CHANTHABURI, TH","  84.4"," 8","  77.8"," 8","1013.9"," 8","013.5"," 8","  4.4"," 8","  2.1"," 8","  8.0","999.9","  92.1","*","  78.4","*"," 0.00","I","999.9","000000"
"48480099999","2019-02-11","12.6","102.1166667","4.0","CHANTHABURI, TH","  82.9"," 8","  75.3"," 8","1014.7"," 8","014.3"," 8","  4.6"," 8","  1.5"," 8","  5.1","999.9","  90.3","*","  75.9","*"," 0.00","I","999.9","000000"
"48480099999","2019-02-12","12.6","102.1166667","4.0","CHANTHABURI, TH","  84.2"," 8","  74.1"," 8","1015.8"," 8","015.3"," 8","  4.8"," 8","  0.9"," 8","  4.1","999.9","  96.6"," ","  73.9"," "," 0.00","I","999.9","000000"
"48480099999","2019-02-13","12.6","102.1166667","4.0","CHANTHABURI, TH","  84.0"," 8","  75.6"," 8","1014.4"," 8","014.0"," 8","  4.5"," 8","  1.0"," 8","  5.1","999.9","  91.4","*","  73.8"," "," 0.00","I","999.9","000000"
"48480099999","2019-02-14","12.6","102.1166667","4.0","CHANTHABURI, TH","  83.8"," 8","  75.4"," 8","1013.6"," 8","013.2"," 8","  4.6"," 8","  1.1"," 8","  2.9","999.9","  90.5","*","  76.8"," "," 0.00","I","999.9","000000"
"48480099999","2019-02-15","12.6","102.1166667","4.0","CHANTHABURI, TH","  82.6"," 8","  75.3"," 8","1013.9"," 8","013.5"," 8","  4.5"," 8","  1.4"," 8","  4.1","999.9","  88.7","*","  75.4"," "," 0.00","I","999.9","000000"
"48480099999","2019-02-16","12.6","102.1166667","4.0","CHANTHABURI, TH","  82.4"," 8","  73.8"," 8","1013.2"," 8","012.8"," 8","  4.9"," 8","  2.2"," 8","  5.1","999.9","  91.0"," ","  75.2"," "," 0.00","I","999.9","000000"
"48480099999","2019-02-17","12.6","102.1166667","4.0","CHANTHABURI, TH","  82.6"," 8","  75.1"," 8","1012.4"," 8","012.0"," 8","  4.8"," 8","  1.7"," 8","  5.1","999.9","  91.0","*","  74.8"," "," 0.00","I","999.9","000000"
"48480099999","2019-02-18","12.6","102.1166667","4.0","CHANTHABURI, TH","  82.1"," 8","  73.7"," 8","1012.1"," 8","011.7"," 8","  4.7"," 8","  1.8"," 8","  6.0","999.9","  90.7","*","  74.5"," "," 0.00","I","999.9","000000"
"48480099999","2019-02-19","12.6","102.1166667","4.0","CHANTHABURI, TH","  83.4"," 8","  76.1"," 8","1013.4"," 8","013.0"," 8","  4.8"," 8","  1.2"," 8","  7.0","999.9","  93.0"," ","  74.1"," "," 0.00","I","999.9","000000"
"48480099999","2019-02-20","12.6","102.1166667","4.0","CHANTHABURI, TH","  83.7"," 8","  75.5"," 8","1014.2"," 8","013.8"," 8","  4.9"," 8","  2.0"," 8","  6.0","999.9","  90.5","*","  76.3"," "," 0.04","G","999.9","000000"
"48480099999","2019-02-21","12.6","102.1166667","4.0","CHANTHABURI, TH","  84.7"," 8","  76.1"," 8","1013.2"," 8","012.8"," 8","  5.1"," 8","  1.7"," 8","  4.1","999.9","  91.9","*","  76.1"," "," 0.00","G","999.9","000000"
"48480099999","2019-02-22","12.6","102.1166667","4.0","CHANTHABURI, TH","  84.6"," 8","  76.6"," 8","1011.5"," 8","011.1"," 8","  5.0"," 8","  1.9"," 8","  5.1","999.9","  91.0","*","  77.7"," "," 0.00","I","999.9","000000"
"48480099999","2019-02-23","12.6","102.1166667","4.0","CHANTHABURI, TH","  84.3"," 8","  76.9"," 8","1010.5"," 8","010.1"," 8","  4.5"," 8","  1.3"," 8","  5.1","999.9","  91.6","*","  77.4","*","99.99"," ","999.9","010000"
"48480099999","2019-02-24","12.6","102.1166667","4.0","CHANTHABURI, TH","  84.1"," 8","  77.8"," 8","1010.5"," 8","010.1"," 8","  4.7"," 8","  1.5"," 8","  6.0","999.9","  91.0","*","  77.2"," "," 0.24","G","999.9","000000"
"48480099999","2019-02-25","12.6","102.1166667","4.0","CHANTHABURI, TH","  84.8"," 8","  76.2"," 8","1010.7"," 8","010.3"," 8","  4.6"," 8","  2.4"," 8","  4.1","999.9","  93.2"," ","  77.7"," "," 0.00","G","999.9","000000"
"48480099999","2019-02-26","12.6","102.1166667","4.0","CHANTHABURI, TH","  83.6"," 8","  73.5"," 8","1011.0"," 8","010.6"," 8","  4.9"," 8","  1.2"," 8","  4.1","999.9","  92.3","*","  77.2","*"," 0.00","I","999.9","000000"
"48480099999","2019-02-27","12.6","102.1166667","4.0","CHANTHABURI, TH","  83.7"," 8","  74.1"," 8","1010.0"," 8","009.6"," 8","  4.7"," 8","  1.2"," 8","  4.1","999.9","  92.1","*","  75.4"," "," 0.00","I","999.9","000000"
"48480099999","2019-02-28","12.6","102.1166667","4.0","CHANTHABURI, TH","  84.5"," 8","  75.7"," 8","1010.2"," 8","009.7"," 8","  4.7"," 8","  1.5"," 8","  5.1","999.9","  92.5"," ","  75.0"," "," 0.00","I","999.9","000000"
"48480099999","2019-03-01","12.6","102.1166667","4.0","CHANTHABURI, TH","  85.1"," 8","  76.3"," 8","1010.4"," 8","010.0"," 8","  4.8"," 8","  2.1"," 8","  6.0","999.9","  92.3","*","  78.1"," "," 0.00","I","999.9","000000"
"48480099999","2019-03-02","12.6","102.1166667","4.0","CHANTHABURI, TH","  84.8"," 8","  77.1"," 8","1009.2"," 8","008.8"," 8","  4.5"," 8","  2.6"," 8","  6.0","999.9","  93.0"," ","  78.1"," "," 0.00","G","999.9","000000"
"48480099999","2019-03-03","12.6","102.1166667","4.0","CHANTHABURI, TH","  85.5"," 8","  77.6"," 8","1008.7"," 8","008.3"," 8","  4.7"," 8","  1.4"," 8","  5.1","999.9","  91.0","*","  81.1"," "," 0.00","G","999.9","000000"
"48480099999","2019-03-04","12.6","102.1166667","4.0","CHANTHABURI, TH","  84.2"," 8","  76.6"," 8","1009.5"," 8","009.1"," 8","  4.7"," 8","  1.2"," 8","  4.1","999.9","  93.0"," ","  76.1","*"," 0.00","I","999.9","000000"
"48480099999","2019-03-05","12.6","102.1166667","4.0","CHANTHABURI, TH","  82.4"," 8","  73.4"," 8","1010.8"," 8","010.4"," 8","  4.6"," 8","  1.0"," 8","  5.1","999.9","  90.5","*","  74.1"," "," 0.00","I","999.9","000000"
"48480099999","2019-03-06","12.6","102.1166667","4.0","CHANTHABURI, TH","  82.2"," 8","  73.6"," 8","1011.1"," 8","010.7"," 8","  4.9"," 8","  1.1"," 8","  2.9","999.9","  93.0"," ","  73.6"," "," 0.00","I","999.9","000000"
"48480099999","2019-03-07","12.6","102.1166667","4.0","CHANTHABURI, TH","  83.1"," 8","  73.9"," 8","1010.7"," 8","010.3"," 8","  4.8"," 8","  1.5"," 8","  4.1","999.9","  91.2","*","  72.5"," "," 0.00","I","999.9","000000"
"48480099999","2019-03-08","12.6","102.1166667","4.0","CHANTHABURI, TH","  83.2"," 8","  74.2"," 8","1011.1"," 8","010.7"," 8","  4.9"," 8","  2.0"," 8","  4.1","999.9","  93.2"," ","  73.2"," "," 0.00","I","999.9","000000"
"48480099999","2019-03-09","12.6","102.1166667","4.0","CHANTHABURI, TH","  83.2"," 8","  75.1"," 8","1011.3"," 8","010.9"," 8","  4.8"," 8","  1.5"," 8","  5.1","999.9","  93.0"," ","  74.5"," "," 0.00","I","999.9","000000"
"48480099999","2019-03-10","12.6","102.1166667","4.0","CHANTHABURI, TH","  82.8"," 8","  73.3"," 8","1011.7"," 8","011.3"," 8","  4.7"," 8","  0.0"," 8","999.9","999.9","  91.6","*","  73.6","*"," 0.00","I","999.9","000000"
"48480099999","2019-03-11","12.6","102.1166667","4.0","CHANTHABURI, TH","  82.7"," 8","  73.6"," 8","1011.4"," 8","011.0"," 8","  4.9"," 8","  1.2"," 8","  4.1","999.9","  92.5","*","  72.0"," "," 0.00","I","999.9","000000"
"48480099999","2019-03-12","12.6","102.1166667","4.0","CHANTHABURI, TH","  83.6"," 8","  75.3"," 8","1011.4"," 8","011.0"," 8","  4.9"," 8","  1.7"," 8","  4.1","999.9","  94.6"," ","  73.2"," "," 0.00","I","999.9","000000"
"48480099999","2019-03-13","12.6","102.1166667","4.0","CHANTHABURI, TH","  84.4"," 6","  75.4"," 6","1012.2"," 6","011.8"," 6","  4.9"," 6","  1.8"," 6","  6.0","999.9","  94.1","*","  75.4"," "," 0.00","I","999.9","000000"
"48480099999","2019-03-14","12.6","102.1166667","4.0","CHANTHABURI, TH","  84.8"," 8","  75.8"," 8","1012.9"," 8","012.5"," 8","  4.6"," 8","  1.1"," 8","  2.9","999.9","  91.8","*","  75.2"," "," 0.00","I","999.9","000000"
"48480099999","2019-03-15","12.6","102.1166667","4.0","CHANTHABURI, TH","  85.5"," 8","  76.1"," 8","1012.5"," 8","012.1"," 8","  4.6"," 8","  1.2"," 8","  4.1","999.9","  92.1","*","  77.5"," "," 0.01","G","999.9","010000"
"48480099999","2019-03-16","12.6","102.1166667","4.0","CHANTHABURI, TH","  80.6"," 8","  75.9"," 8","1013.5"," 8","013.0"," 8","  4.4"," 8","  0.0"," 8","999.9","999.9","  85.5","*","  76.1","*"," 0.04","G","999.9","010000"
"48480099999","2019-03-17","12.6","102.1166667","4.0","CHANTHABURI, TH","  84.8"," 8","  77.0"," 8","1012.0"," 8","011.6"," 8","  4.3"," 8","  1.3"," 8","  2.9","999.9","  90.9","*","  74.8"," "," 0.01","G","999.9","000000"
"48480099999","2019-03-18","12.6","102.1166667","4.0","CHANTHABURI, TH","  85.0"," 8","  78.0"," 8","1011.1"," 8","010.6"," 8","  4.4"," 8","  0.5"," 8","  4.1","999.9","  93.0"," ","  79.3"," "," 0.00","G","999.9","000000"
"48480099999","2019-03-19","12.6","102.1166667","4.0","CHANTHABURI, TH","  85.0"," 8","  76.5"," 8","1010.5"," 8","010.1"," 8","  4.5"," 8","  1.8"," 8","  6.0","999.9","  93.0","*","  79.0"," "," 0.00","I","999.9","000000"
"48480099999","2019-03-20","12.6","102.1166667","4.0","CHANTHABURI, TH","  85.0"," 8","  75.9"," 8","1010.6"," 8","010.2"," 8","  4.5"," 8","  1.7"," 8","  5.1","999.9","  93.7","*","  77.5"," "," 0.00","I","999.9","000000"
"48480099999","2019-03-21","12.6","102.1166667","4.0","CHANTHABURI, TH","  85.9"," 8","  76.6"," 8","1010.3"," 8","009.9"," 8","  4.8"," 8","  1.7"," 8","  5.1","999.9","  94.8","*","  78.6"," "," 0.00","I","999.9","000000"
"48480099999","2019-03-22","12.6","102.1166667","4.0","CHANTHABURI, TH","  85.9"," 8","  77.7"," 8","1009.5"," 8","009.1"," 8","  4.6"," 8","  1.1"," 8","  2.9","999.9","  94.1","*","  77.7"," "," 0.00","I","999.9","000000"
"48480099999","2019-03-23","12.6","102.1166667","4.0","CHANTHABURI, TH","  86.2"," 8","  76.2"," 8","1009.1"," 8","008.7"," 8","  4.7"," 8","  1.1"," 8","  5.1","999.9","  96.4"," ","  78.6"," "," 0.00","I","999.9","000000"
"48480099999","2019-03-24","12.6","102.1166667","4.0","CHANTHABURI, TH","  81.1"," 8","  76.6"," 8","1009.8"," 8","009.4"," 8","  4.4"," 8","  1.7"," 8","  8.0","999.9","  88.9","*","  77.4","*"," 0.03","G","999.9","000010"
"48480099999","2019-03-25","12.6","102.1166667","4.0","CHANTHABURI, TH","  77.8"," 8","  76.2"," 8","1011.8"," 8","011.3"," 8","  4.3"," 8","  1.1"," 8","  2.9","999.9","  84.2","*","  75.6","*"," 3.66","G","999.9","010010"
"48480099999","2019-03-26","12.6","102.1166667","4.0","CHANTHABURI, TH","  85.3"," 8","  76.0"," 8","1012.1"," 8","011.6"," 8","  4.5"," 8","  1.1"," 8","  4.1","999.9","  94.1","*","  74.1"," "," 1.93","G","999.9","000000"
"48480099999","2019-03-27","12.6","102.1166667","4.0","CHANTHABURI, TH","  85.4"," 8","  77.4"," 8","1012.3"," 8","011.9"," 8","  4.6"," 8","  0.9"," 8","  4.1","999.9","  91.0","*","  79.2"," "," 0.00","G","999.9","000000"
"48480099999","2019-03-28","12.6","102.1166667","4.0","CHANTHABURI, TH","  85.3"," 8","  76.9"," 8","1010.3"," 8","009.9"," 8","  4.3"," 8","  1.2"," 8","  4.1","999.9","  91.8","*","  78.6"," ","99.99"," ","999.9","010000"
"48480099999","2019-03-29","12.6","102.1166667","4.0","CHANTHABURI, TH","  83.9"," 8","  75.9"," 8","1009.7"," 8","009.3"," 8","  4.6"," 8","  1.2"," 8","  4.1","999.9","  92.3","*","  77.5"," "," 0.10","G","999.9","000010"
"48480099999","2019-03-30","12.6","102.1166667","4.0","CHANTHABURI, TH","  86.0"," 8","  75.7"," 8","1009.5"," 8","009.1"," 8","  5.2"," 8","  1.9"," 8","  5.1","999.9","  94.6"," ","  76.6"," "," 0.00","G","999.9","000000"
"48480099999","2019-03-31","12.6","102.1166667","4.0","CHANTHABURI, TH","  83.2"," 8","  74.7"," 8","1010.7"," 8","010.3"," 8","  4.5"," 8","  1.7"," 8","  4.1","999.9","  94.8","*","  75.7","*"," 0.18","G","999.9","010010"
"48480099999","2019-04-01","12.6","102.1166667","4.0","CHANTHABURI, TH","  81.7"," 8","  75.6"," 8","1011.9"," 8","011.5"," 8","  4.4"," 8","  1.5"," 8","  5.1","999.9","  90.3","*","  75.0"," "," 0.01","G","999.9","010010"
"48480099999","2019-04-02","12.6","102.1166667","4.0","CHANTHABURI, TH","  81.7"," 8","  74.7"," 8","1011.3"," 8","010.9"," 8","  4.4"," 8","  0.7"," 8","  2.9","999.9","  93.2"," ","  76.1"," "," 1.15","G","999.9","010010"
"48480099999","2019-04-03","12.6","102.1166667","4.0","CHANTHABURI, TH","  83.6"," 8","  76.6"," 8","1011.9"," 8","011.5"," 8","  4.7"," 8","  1.3"," 8","  4.1","999.9","  90.1","*","  75.7"," "," 0.03","G","999.9","000000"
"48480099999","2019-04-04","12.6","102.1166667","4.0","CHANTHABURI, TH","  84.4"," 8","  75.1"," 8","1011.4"," 8","011.0"," 8","  5.1"," 8","  0.7"," 8","  2.9","999.9","  92.8","*","  76.5"," "," 0.00","G","999.9","000000"
"48480099999","2019-04-05","12.6","102.1166667","4.0","CHANTHABURI, TH","  84.3"," 8","  75.8"," 8","1011.3"," 8","010.9"," 8","  4.9"," 8","  0.8"," 8","  2.9","999.9","  92.5"," ","  77.2","*"," 0.00","I","999.9","000000"
"48480099999","2019-04-06","12.6","102.1166667","4.0","CHANTHABURI, TH","  83.6"," 8","  75.9"," 8","1010.6"," 8","010.2"," 8","  4.6"," 8","  0.5"," 8","  4.1","999.9","  91.4","*","  76.3"," "," 0.01","G","999.9","000000"
"48480099999","2019-04-07","12.6","102.1166667","4.0","CHANTHABURI, TH","  82.4"," 8","  76.5"," 8","1010.9"," 8","010.5"," 8","  4.3"," 8","  1.9"," 8","  6.0","999.9","  91.9","*","  76.1","*"," 1.43","G","999.9","010010"
"48480099999","2019-04-08","12.6","102.1166667","4.0","CHANTHABURI, TH","  84.6"," 8","  75.9"," 8","1009.6"," 8","009.2"," 8","  4.5"," 8","  0.0"," 8","999.9","999.9","  93.4"," ","  74.5"," "," 1.06","G","999.9","000000"
"48480099999","2019-04-09","12.6","102.1166667","4.0","CHANTHABURI, TH","  86.5"," 8","  77.9"," 8","1009.5"," 8","009.1"," 8","  5.0"," 8","  0.4"," 8","  2.9","999.9","  93.7","*","  77.4"," "," 0.00","G","999.9","000000"
"48480099999","2019-04-10","12.6","102.1166667","4.0","CHANTHABURI, TH","  86.4"," 8","  78.7"," 8","1009.0"," 8","008.5"," 8","  4.9"," 8","  1.5"," 8","  2.9","999.9","  92.3","*","  80.4"," "," 0.00","I","999.9","000000"
"48480099999","2019-04-11","12.6","102.1166667","4.0","CHANTHABURI, TH","  86.9"," 8","  78.6"," 8","1008.3"," 8","007.9"," 8","  4.8"," 8","  1.4"," 8","  4.1","999.9","  93.4","*","  80.4"," "," 0.00","I","999.9","000000"
"48480099999","2019-04-12","12.6","102.1166667","4.0","CHANTHABURI, TH","  87.2"," 8","  77.5"," 8","1008.5"," 8","008.0"," 8","  5.0"," 8","  0.8"," 8","  6.0","999.9","  94.8","*","  79.3"," "," 0.00","I","999.9","000000"
"48480099999","2019-04-13","12.6","102.1166667","4.0","CHANTHABURI, TH","  87.4"," 8","  78.1"," 8","1009.3"," 8","008.9"," 8","  5.1"," 8","  2.5"," 8","  6.0","999.9","  93.2","*","  78.8"," "," 0.00","I","999.9","000000"
"48480099999","2019-04-14","12.6","102.1166667","4.0","CHANTHABURI, TH","  84.7"," 8","  78.9"," 8","1009.8"," 8","009.4"," 8","  4.5"," 8","  1.6"," 8","  6.0","999.9","  91.4","*","  80.6","*"," 0.47","G","999.9","010010"
"48480099999","2019-04-15","12.6","102.1166667","4.0","CHANTHABURI, TH","  86.9"," 8","  77.9"," 8","1009.4"," 8","009.0"," 8","  4.7"," 8","  2.1"," 8","  7.0","999.9","  94.1","*","  79.7"," "," 0.04","G","999.9","000000"
"48480099999","2019-04-16","12.6","102.1166667","4.0","CHANTHABURI, TH","  87.7"," 8","  77.1"," 8","1009.5"," 8","009.1"," 8","  4.8"," 8","  1.7"," 8","  4.1","999.9","  95.5"," ","  79.3"," "," 0.00","G","999.9","000000"
"48480099999","2019-04-17","12.6","102.1166667","4.0","CHANTHABURI, TH","  87.6"," 8","  78.4"," 8","1009.2"," 8","008.8"," 8","  4.7"," 8","  1.2"," 8","  4.1","999.9","  95.5"," ","  79.7"," "," 0.00","I","999.9","000000"
"48480099999","2019-04-18","12.6","102.1166667","4.0","CHANTHABURI, TH","  88.3"," 8","  78.3"," 8","1008.7"," 8","008.3"," 8","  5.0"," 8","  1.6"," 8","  4.1","999.9","  95.2","*","  80.6"," "," 0.00","I","999.9","000000"
"48480099999","2019-04-19","12.6","102.1166667","4.0","CHANTHABURI, TH","  87.8"," 8","  79.0"," 8","1007.3"," 8","006.9"," 8","  5.2"," 8","  1.8"," 8","  5.1","999.9","  94.8","*","  81.3"," "," 0.00","I","999.9","000000"
"48480099999","2019-04-20","12.6","102.1166667","4.0","CHANTHABURI, TH","  89.1"," 8","  80.3"," 8","1005.5"," 8","005.1"," 8","  4.7"," 8","  2.4"," 8","  8.0","999.9","  95.2","*","  81.1"," "," 0.00","I","999.9","000000"
"48480099999","2019-04-21","12.6","102.1166667","4.0","CHANTHABURI, TH","  88.6"," 8","  78.6"," 8","1005.5"," 8","005.1"," 8","  5.1"," 8","  1.9"," 8","  7.0","999.9","  95.4","*","  81.1","*"," 0.00","I","999.9","000000"
"48480099999","2019-04-22","12.6","102.1166667","4.0","CHANTHABURI, TH","  84.2"," 8","  76.3"," 8","1007.1"," 8","006.7"," 8","  4.6"," 8","  1.2"," 8","  7.0","999.9","  94.3","*","  78.8","*"," 0.12","G","999.9","010010"
"48480099999","2019-04-23","12.6","102.1166667","4.0","CHANTHABURI, TH","  87.9"," 8","  79.0"," 8","1008.3"," 8","007.9"," 8","  4.8"," 8","  0.9"," 8","  4.1","999.9","  97.0"," ","  77.9"," "," 0.03","G","999.9","000000"
"48480099999","2019-04-24","12.6","102.1166667","4.0","CHANTHABURI, TH","  86.2"," 8","  76.8"," 8","1008.0"," 8","007.6"," 8","  4.6"," 8","  0.4"," 8","  2.9","999.9","  95.0","*","  80.6","*"," 0.00","G","999.9","000010"
"48480099999","2019-04-25","12.6","102.1166667","4.0","CHANTHABURI, TH","  83.3"," 8","  77.4"," 8","1008.1"," 8","007.7"," 8","  4.0"," 8","  1.5"," 8","  4.1","999.9","  95.7","*","  77.9","*"," 0.74","G","999.9","010010"
"48480099999","2019-04-26","12.6","102.1166667","4.0","CHANTHABURI, TH","  84.5"," 8","  77.9"," 8","1007.4"," 8","007.0"," 8","  4.7"," 8","  1.0"," 8","  5.1","999.9","  96.6"," ","  77.2"," "," 0.10","G","999.9","000000"
"48480099999","2019-04-27","12.6","102.1166667","4.0","CHANTHABURI, TH","  88.1"," 8","  78.5"," 8","1008.3"," 8","007.9"," 8","  4.7"," 8","  0.4"," 8","  2.9","999.9","  94.6","*","  78.1"," "," 0.00","I","999.9","000000"
"48480099999","2019-04-28","12.6","102.1166667","4.0","CHANTHABURI, TH","  88.1"," 8","  78.1"," 8","1009.1"," 8","008.7"," 8","  4.7"," 8","  1.3"," 8","  6.0","999.9","  95.0","*","  80.6"," "," 0.00","I","999.9","000000"
"48480099999","2019-04-29","12.6","102.1166667","4.0","CHANTHABURI, TH","  88.6"," 8","  78.3"," 8","1008.9"," 8","008.5"," 8","  5.4"," 8","  2.8"," 8","  7.0","999.9","  96.8","*","  80.1","*"," 0.01","G","999.9","000010"
"48480099999","2019-04-30","12.6","102.1166667","4.0","CHANTHABURI, TH","  86.7"," 8","  79.0"," 8","1009.0"," 8","008.6"," 8","  4.9"," 8","  1.0"," 8","  5.1","999.9","  92.3","*","  79.2"," "," 0.00","G","999.9","000000"
"48480099999","2019-05-01","12.6","102.1166667","4.0","CHANTHABURI, TH","  87.1"," 8","  78.8"," 8","1007.9"," 8","007.5"," 8","  4.6"," 8","  0.5"," 8","  4.1","999.9","  96.4"," ","  79.9"," "," 0.00","G","999.9","000000"
"48480099999","2019-05-02","12.6","102.1166667","4.0","CHANTHABURI, TH","  88.4"," 8","  79.2"," 8","1008.4"," 8","008.0"," 8","  5.0"," 8","  0.9"," 8","  4.1","999.9","  97.5"," ","  79.7"," "," 0.00","I","999.9","000000"
"48480099999","2019-05-03","12.6","102.1166667","4.0","CHANTHABURI, TH","  89.1"," 8","  79.8"," 8","1009.4"," 8","009.0"," 8","  5.2"," 8","  2.0"," 8","  5.1","999.9","  97.3"," ","  80.4"," "," 0.00","I","999.9","000000"
"48480099999","2019-05-04","12.6","102.1166667","4.0","CHANTHABURI, TH","  86.6"," 8","  78.7"," 8","1009.6"," 8","009.2"," 8","  4.7"," 8","  0.4"," 8","  2.9","999.9","  94.3"," ","  78.3","*"," 0.13","G","999.9","010010"
"48480099999","2019-05-05","12.6","102.1166667","4.0","CHANTHABURI, TH","  87.4"," 8","  78.8"," 8","1008.0"," 8","007.6"," 8","  5.2"," 8","  0.6"," 8","  5.1","999.9","  95.5"," ","  77.2"," "," 0.05","G","999.9","000000"
"48480099999","2019-05-06","12.6","102.1166667","4.0","CHANTHABURI, TH","  87.6"," 8","  79.8"," 8","1006.2"," 8","005.8"," 8","  4.8"," 8","  2.4"," 8","  6.0","999.9","  94.6","*","  78.6"," "," 0.04","G","999.9","000000"
"48480099999","2019-05-07","12.6","102.1166667","4.0","CHANTHABURI, TH","  87.4"," 8","  79.2"," 8","1005.3"," 8","004.9"," 8","  4.6"," 8","  0.6"," 8","  2.9","999.9","  94.1"," ","  80.6"," "," 0.00","G","999.9","000000"
"48480099999","2019-05-08","12.6","102.1166667","4.0","CHANTHABURI, TH","  87.5"," 8","  79.5"," 8","1005.4"," 8","004.9"," 8","  4.7"," 8","  1.0"," 8","  4.1","999.9","  95.5"," ","  80.2"," "," 0.65","G","999.9","000000"
"48480099999","2019-05-09","12.6","102.1166667","4.0","CHANTHABURI, TH","  82.3"," 8","  78.6"," 8","1006.5"," 8","006.0"," 8","  4.1"," 8","  1.2"," 8","  4.1","999.9","  90.1"," ","  77.7","*"," 0.57","G","999.9","010010"
"48480099999","2019-05-10","12.6","102.1166667","4.0","CHANTHABURI, TH","  82.6"," 8","  77.4"," 8","1007.9"," 8","007.5"," 8","  3.7"," 8","  1.3"," 8","  4.1","999.9","  92.3"," ","  75.9"," "," 0.83","G","999.9","010010"
"48480099999","2019-05-11","12.6","102.1166667","4.0","CHANTHABURI, TH","  83.3"," 8","  79.1"," 8","1008.1"," 8","007.6"," 8","  3.7"," 8","  1.1"," 8","  4.1","999.9","  89.4"," ","  79.0"," "," 0.89","G","999.9","010010"
"48480099999","2019-05-12","12.6","102.1166667","4.0","CHANTHABURI, TH","  80.3"," 8","  77.3"," 8","1007.6"," 8","007.1"," 8","  4.0"," 8","  0.4"," 8","  2.9","999.9","  89.4"," ","  77.0","*"," 0.22","G","999.9","010010"
"48480099999","2019-05-13","12.6","102.1166667","4.0","CHANTHABURI, TH","  82.0"," 8","  77.5"," 8","1007.7"," 8","007.3"," 8","  4.6"," 8","  0.6"," 8","  5.1","999.9","  91.0"," ","  75.7"," "," 0.85","G","999.9","010000"
"48480099999","2019-05-14","12.6","102.1166667","4.0","CHANTHABURI, TH","  82.6"," 8","  79.0"," 8","1008.0"," 8","007.6"," 8","  4.3"," 8","  0.4"," 8","  2.9","999.9","  91.0"," ","  77.9"," "," 0.63","G","999.9","010010"
"48480099999","2019-05-15","12.6","102.1166667","4.0","CHANTHABURI, TH","  81.1"," 8","  78.5"," 8","1008.6"," 8","008.2"," 8","  4.5"," 8","  0.0"," 8","999.9","999.9","  86.7"," ","  77.0"," "," 0.51","G","999.9","010010"
"48480099999","2019-05-16","12.6","102.1166667","4.0","CHANTHABURI, TH","  81.6"," 8","  78.2"," 8","1009.2"," 8","008.7"," 8","  4.2"," 8","  1.5"," 8","  6.0","999.9","  88.7"," ","  78.1"," "," 0.76","G","999.9","010010"
"48480099999","2019-05-17","12.6","102.1166667","4.0","CHANTHABURI, TH","  83.5"," 8","  79.2"," 8","1007.7"," 8","007.3"," 8","  4.3"," 8","  0.0"," 8","999.9","999.9","  91.0"," ","  78.3"," "," 0.46","G","999.9","010010"
"48480099999","2019-05-18","12.6","102.1166667","4.0","CHANTHABURI, TH","  86.4"," 8","  79.5"," 8","1007.3"," 8","006.9"," 8","  4.7"," 8","  2.3"," 8","  5.1","999.9","  93.7"," ","  79.2"," "," 0.16","G","999.9","000000"
"48480099999","2019-05-19","12.6","102.1166667","4.0","CHANTHABURI, TH","  86.9"," 8","  79.7"," 8","1008.1"," 8","007.7"," 8","  4.6"," 8","  1.4"," 8","  4.1","999.9","  94.6"," ","  80.8"," "," 0.00","G","999.9","010000"
"48480099999","2019-05-20","12.6","102.1166667","4.0","CHANTHABURI, TH","  87.1"," 8","  80.2"," 8","1008.2"," 8","007.8"," 8","  4.6"," 8","  0.9"," 8","  4.1","999.9","  95.4"," ","  80.6"," "," 0.00","G","999.9","010000"
"48480099999","2019-05-21","12.6","102.1166667","4.0","CHANTHABURI, TH","  87.2"," 8","  80.3"," 8","1008.2"," 8","007.8"," 8","  4.7"," 8","  2.1"," 8","  5.1","999.9","  94.5"," ","  80.8"," "," 0.26","G","999.9","010000"
"48480099999","2019-05-22","12.6","102.1166667","4.0","CHANTHABURI, TH","  84.6"," 8","  78.4"," 8","1008.8"," 8","008.4"," 8","  4.6"," 8","  2.0"," 8","  7.0","999.9","  91.8"," ","  77.7"," "," 0.45","G","999.9","010010"
"48480099999","2019-05-23","12.6","102.1166667","4.0","CHANTHABURI, TH","  84.6"," 7","  77.1"," 7","1009.2"," 7","008.8"," 7","  4.6"," 7","  3.4"," 7","  5.1","999.9","  89.6","*","  77.9","*"," 0.46","G","999.9","010010"
"48480099999","2019-05-24","12.6","102.1166667","4.0","CHANTHABURI, TH","  82.4"," 8","  78.3"," 8","1008.4"," 8","008.0"," 8","  4.6"," 8","  0.0"," 8","999.9","999.9","  89.4"," ","  77.4"," "," 0.44","G","999.9","000000"
"48480099999","2019-05-25","12.6","102.1166667","4.0","CHANTHABURI, TH","  85.1"," 8","  78.7"," 8","1006.9"," 8","006.5"," 8","  4.3"," 8","  1.2"," 8","  7.0","999.9","  93.2"," ","  78.4"," "," 0.01","G","999.9","010010"
"48480099999","2019-05-26","12.6","102.1166667","4.0","CHANTHABURI, TH","  81.7"," 8","  79.7"," 8","1007.0"," 8","006.6"," 8","  4.6"," 8","  0.0"," 8","999.9","999.9","  86.0"," ","  77.5"," "," 1.58","G","999.9","010010"
"48480099999","2019-05-27","12.6","102.1166667","4.0","CHANTHABURI, TH","  82.5"," 8","  79.3"," 8","1006.6"," 8","006.2"," 8","  4.5"," 8","  0.8"," 8","  6.0","999.9","  90.1"," ","  77.9"," "," 0.66","G","999.9","010010"
"48480099999","2019-05-28","12.6","102.1166667","4.0","CHANTHABURI, TH","  81.9"," 8","  79.4"," 8","1006.8"," 8","006.3"," 8","  4.6"," 8","  0.5"," 8","  4.1","999.9","  90.1"," ","  78.6","*"," 0.25","G","999.9","010010"
"48480099999","2019-05-29","12.6","102.1166667","4.0","CHANTHABURI, TH","  83.3"," 8","  77.9"," 8","1007.6"," 8","007.2"," 8","  4.4"," 8","  0.4"," 8","  2.9","999.9","  91.2"," ","  76.8"," "," 0.19","G","999.9","010000"
"48480099999","2019-05-30","12.6","102.1166667","4.0","CHANTHABURI, TH","  84.5"," 8","  77.3"," 8","1007.8"," 8","007.4"," 8","  4.7"," 8","  0.4"," 8","  2.9","999.9","  92.1"," ","  75.0"," "," 0.27","G","999.9","010000"
"48480099999","2019-05-31","12.6","102.1166667","4.0","CHANTHABURI, TH","  86.4"," 8","  77.8"," 8","1007.6"," 8","007.2"," 8","  5.2"," 8","  1.1"," 8","  5.1","999.9","  94.5"," ","  78.3"," "," 0.00","G","999.9","000000"
"48480099999","2019-06-01","12.6","102.1166667","4.0","CHANTHABURI, TH","  86.2"," 8","  77.7"," 8","1007.9"," 8","007.5"," 8","  5.0"," 8","  1.2"," 8","  7.0","999.9","  94.8"," ","  79.7"," "," 0.00","G","999.9","000000"
"48480099999","2019-06-02","12.6","102.1166667","4.0","CHANTHABURI, TH","  86.7"," 8","  77.5"," 8","1008.1"," 8","007.7"," 8","  5.2"," 8","  1.4"," 8","  4.1","999.9","  95.7"," ","  79.7"," "," 0.00","I","999.9","000000"
"48480099999","2019-06-03","12.6","102.1166667","4.0","CHANTHABURI, TH","  86.4"," 8","  77.3"," 8","1007.9"," 8","007.5"," 8","  5.0"," 8","  0.5"," 8","  4.1","999.9","  95.5"," ","  78.8"," "," 0.00","I","999.9","000000"
"48480099999","2019-06-04","12.6","102.1166667","4.0","CHANTHABURI, TH","  85.3"," 8","  77.5"," 8","1007.3"," 8","006.9"," 8","  4.7"," 8","  0.0"," 8","999.9","999.9","  94.3"," ","  79.0"," "," 0.00","I","999.9","000000"
"48480099999","2019-06-05","12.6","102.1166667","4.0","CHANTHABURI, TH","  83.3"," 8","  78.4"," 8","1007.5"," 8","007.1"," 8","  5.0"," 8","  1.5"," 8","  4.1","999.9","  91.4","*","  78.4","*"," 0.72","G","999.9","000010"
"48480099999","2019-06-06","12.6","102.1166667","4.0","CHANTHABURI, TH","  82.6"," 8","  78.3"," 8","1008.7"," 8","008.2"," 8","  4.3"," 8","  0.5"," 8","  4.1","999.9","  91.4"," ","  77.4"," "," 0.08","G","999.9","010010"
"48480099999","2019-06-07","12.6","102.1166667","4.0","CHANTHABURI, TH","  81.4"," 8","  77.3"," 8","1008.7"," 8","008.3"," 8","  5.0"," 8","  1.1"," 8","  5.1","999.9","  91.0"," ","  77.7"," "," 1.35","G","999.9","010000"
"48480099999","2019-06-08","12.6","102.1166667","4.0","CHANTHABURI, TH","  82.8"," 8","  77.8"," 8","1008.0"," 8","007.6"," 8","  4.3"," 8","  0.9"," 8","  4.1","999.9","  90.3","*","  78.1"," "," 0.35","G","999.9","010010"
"48480099999","2019-06-09","12.6","102.1166667","4.0","CHANTHABURI, TH","  81.8"," 8","  78.4"," 8","1006.9"," 8","006.5"," 8","  4.3"," 8","  0.0"," 8","999.9","999.9","  85.8"," ","  77.9"," "," 1.85","G","999.9","010000"
"48480099999","2019-06-10","12.6","102.1166667","4.0","CHANTHABURI, TH","  81.8"," 8","  79.3"," 8","1006.8"," 8","006.4"," 8","  4.1"," 8","  1.6"," 8","  2.9","999.9","  89.6"," ","  78.8","*"," 0.90","G","999.9","010010"
"48480099999","2019-06-11","12.6","102.1166667","4.0","CHANTHABURI, TH","  80.2"," 8","  76.8"," 8","1008.0"," 8","007.6"," 8","  4.4"," 8","  0.8"," 8","  6.0","999.9","  91.0"," ","  76.8","*"," 0.48","G","999.9","010000"
"48480099999","2019-06-12","12.6","102.1166667","4.0","CHANTHABURI, TH","  83.1"," 8","  78.6"," 8","1008.0"," 8","007.5"," 8","  4.9"," 8","  1.5"," 8","  5.1","999.9","  90.1"," ","  75.9"," "," 0.08","G","999.9","010000"
"48480099999","2019-06-13","12.6","102.1166667","4.0","CHANTHABURI, TH","  83.2"," 8","  78.4"," 8","1008.0"," 8","007.6"," 8","  4.0"," 8","  0.9"," 8","  4.1","999.9","  91.4"," ","  78.3","*"," 1.88","G","999.9","010010"
"48480099999","2019-06-14","12.6","102.1166667","4.0","CHANTHABURI, TH","  84.5"," 8","  79.0"," 8","1007.6"," 8","007.2"," 8","  4.4"," 8","  1.0"," 8","  4.1","999.9","  90.1"," ","  77.4"," "," 0.29","G","999.9","010000"
"48480099999","2019-06-15","12.6","102.1166667","4.0","CHANTHABURI, TH","  87.1"," 8","  79.5"," 8","1007.5"," 8","007.1"," 8","  5.0"," 8","  3.2"," 8","  6.0","999.9","  92.5"," ","  80.8"," "," 0.00","G","999.9","000000"
"48480099999","2019-06-16","12.6","102.1166667","4.0","CHANTHABURI, TH","  84.7"," 8","  77.9"," 8","1007.3"," 8","006.9"," 8","  4.8"," 8","  1.7"," 8","  8.0","999.9","  91.4"," ","  78.1","*"," 1.46","G","999.9","010010"
"48480099999","2019-06-17","12.6","102.1166667","4.0","CHANTHABURI, TH","  81.4"," 8","  78.8"," 8","1008.0"," 8","007.6"," 8","  4.0"," 8","  1.4"," 8","  5.1","999.9","  86.9"," ","  77.0"," "," 0.74","G","999.9","010000"
"48480099999","2019-06-18","12.6","102.1166667","4.0","CHANTHABURI, TH","  81.4"," 8","  79.1"," 8","1008.1"," 8","007.6"," 8","  3.9"," 8","  0.4"," 8","  2.9","999.9","  84.2","*","  77.2","*"," 0.97","G","999.9","010000"
"48480099999","2019-06-19","12.6","102.1166667","4.0","CHANTHABURI, TH","  83.0"," 8","  78.6"," 8","1008.0"," 8","007.6"," 8","  4.5"," 8","  0.0"," 8","999.9","999.9","  89.6"," ","  76.8"," "," 1.83","G","999.9","010000"
"48480099999","2019-06-20","12.6","102.1166667","4.0","CHANTHABURI, TH","  86.2"," 8","  78.8"," 8","1007.7"," 8","007.3"," 8","  5.4"," 8","  2.0"," 8","  5.1","999.9","  93.0"," ","  78.4"," "," 0.01","G","999.9","000000"
"48480099999","2019-06-21","12.6","102.1166667","4.0","CHANTHABURI, TH","  86.5"," 8","  79.1"," 8","1006.7"," 8","006.3"," 8","  5.0"," 8","  2.7"," 8","  7.0","999.9","  91.9","*","  81.0"," "," 0.00","G","999.9","000000"
"48480099999","2019-06-22","12.6","102.1166667","4.0","CHANTHABURI, TH","  85.4"," 8","  78.5"," 8","1005.5"," 8","005.1"," 8","  4.4"," 8","  0.6"," 8","  5.1","999.9","  94.6"," ","  80.8"," "," 0.00","G","999.9","010010"
"48480099999","2019-06-23","12.6","102.1166667","4.0","CHANTHABURI, TH","  82.3"," 8","  78.9"," 8","1005.8"," 8","005.4"," 8","  4.6"," 8","  0.6"," 8","  2.9","999.9","  93.4"," ","  78.1","*"," 0.52","G","999.9","010000"
"48480099999","2019-06-24","12.6","102.1166667","4.0","CHANTHABURI, TH","  81.7"," 8","  78.6"," 8","1007.8"," 8","007.3"," 8","  4.8"," 8","  0.6"," 8","  2.9","999.9","  86.0","*","  77.0"," "," 0.83","G","999.9","010000"
"48480099999","2019-06-25","12.6","102.1166667","4.0","CHANTHABURI, TH","  81.7"," 8","  78.4"," 8","1008.9"," 8","008.5"," 8","  4.7"," 8","  0.0"," 8","999.9","999.9","  90.3"," ","  79.0"," "," 1.55","G","999.9","010010"
"48480099999","2019-06-26","12.6","102.1166667","4.0","CHANTHABURI, TH","  83.1"," 8","  78.4"," 8","1008.0"," 8","007.6"," 8","  4.9"," 8","  1.5"," 8","  4.1","999.9","  89.4"," ","  77.5"," "," 0.41","G","999.9","010000"
"48480099999","2019-06-27","12.6","102.1166667","4.0","CHANTHABURI, TH","  84.1"," 8","  78.3"," 8","1007.0"," 8","006.6"," 8","  4.3"," 8","  2.7"," 8","  8.0","999.9","  91.6"," ","  79.5","*"," 0.39","G","999.9","010010"
"48480099999","2019-06-28","12.6","102.1166667","4.0","CHANTHABURI, TH","  83.0"," 8","  78.4"," 8","1006.9"," 8","006.5"," 8","  4.6"," 8","  0.0"," 8","999.9","999.9","  89.1"," ","  76.8"," "," 0.54","G","999.9","010000"
"48480099999","2019-06-29","12.6","102.1166667","4.0","CHANTHABURI, TH","  81.9"," 8","  78.4"," 8","1007.1"," 8","006.7"," 8","  4.2"," 8","  1.6"," 8","  4.1","999.9","  88.3"," ","  75.6"," "," 1.14","G","999.9","010000"
"48480099999","2019-06-30","12.6","102.1166667","4.0","CHANTHABURI, TH","  81.3"," 8","  78.0"," 8","1007.6"," 8","007.2"," 8","  4.3"," 8","  0.0"," 8","999.9","999.9","  86.0"," ","  77.2","*"," 1.30","G","999.9","010010"
"48480099999","2019-07-01","12.6","102.1166667","4.0","CHANTHABURI, TH","  83.2"," 8","  78.7"," 8","1006.9"," 8","006.5"," 8","  4.5"," 8","  0.9"," 8","  4.1","999.9","  89.2"," ","  77.5"," "," 0.29","G","999.9","000000"
"48480099999","2019-07-02","12.6","102.1166667","4.0","CHANTHABURI, TH","  83.7"," 8","  78.2"," 8","1006.6"," 8","006.2"," 8","  4.5"," 8","  1.7"," 8","  7.0","999.9","  90.1"," ","  77.9","*"," 0.06","G","999.9","010000"
"48480099999","2019-07-03","12.6","102.1166667","4.0","CHANTHABURI, TH","  80.9"," 7","  77.2"," 7","1007.3"," 7","006.9"," 7","  4.4"," 7","  0.3"," 7","  1.9","999.9","  84.2","*","  78.4","*"," 0.24","G","999.9","010000"
"48480099999","2019-07-04","12.6","102.1166667","4.0","CHANTHABURI, TH","  78.4"," 8","  76.4"," 8","1008.2"," 8","007.8"," 8","  2.5"," 8","  1.2"," 8","  4.1","999.9","  82.4","*","  75.7","*"," 1.29","G","999.9","010010"
"48480099999","2019-07-05","12.6","102.1166667","4.0","CHANTHABURI, TH","  76.4"," 8","  75.3"," 8","1008.4"," 8","008.0"," 8","  3.7"," 8","  0.0"," 8","999.9","999.9","  83.3"," ","  75.2"," "," 1.95","G","999.9","010010"
"48480099999","2019-07-06","12.6","102.1166667","4.0","CHANTHABURI, TH","  83.5"," 8","  77.9"," 8","1008.1"," 8","007.7"," 8","  4.8"," 8","  1.9"," 8","  5.1","999.9","  90.5"," ","  74.8"," "," 0.01","G","999.9","000000"
"48480099999","2019-07-07","12.6","102.1166667","4.0","CHANTHABURI, TH","  85.2"," 8","  78.2"," 8","1008.9"," 8","008.5"," 8","  4.5"," 8","  0.5"," 8","  4.1","999.9","  91.8"," ","  79.0"," "," 0.00","G","999.9","010000"
"48480099999","2019-07-08","12.6","102.1166667","4.0","CHANTHABURI, TH","  86.2"," 8","  77.6"," 8","1009.2"," 8","008.8"," 8","  4.8"," 8","  2.4"," 8","  5.1","999.9","  91.9"," ","  81.0"," "," 0.02","G","999.9","000000"
"48480099999","2019-07-09","12.6","102.1166667","4.0","CHANTHABURI, TH","  83.5"," 8","  76.6"," 8","1009.1"," 8","008.7"," 8","  4.3"," 8","  1.6"," 8","  5.1","999.9","  89.6","*","  74.3","*"," 0.09","G","999.9","010000"
"48480099999","2019-07-10","12.6","102.1166667","4.0","CHANTHABURI, TH","  83.3"," 8","  76.8"," 8","1009.5"," 8","009.1"," 8","  5.0"," 8","  0.0"," 8","999.9","999.9","  91.0"," ","  73.8"," "," 0.45","G","999.9","000000"
"48480099999","2019-07-11","12.6","102.1166667","4.0","CHANTHABURI, TH","  84.3"," 8","  75.1"," 8","1010.8"," 8","010.4"," 8","  5.4"," 8","  1.3"," 8","  2.9","999.9","  92.1"," ","  77.4"," "," 0.00","G","999.9","000000"
"48480099999","2019-07-12","12.6","102.1166667","4.0","CHANTHABURI, TH","  85.2"," 8","  76.3"," 8","1010.0"," 8","009.5"," 8","  4.7"," 8","  2.2"," 8","  5.1","999.9","  92.1","*","  76.8"," "," 0.05","G","999.9","010000"
"48480099999","2019-07-13","12.6","102.1166667","4.0","CHANTHABURI, TH","  84.4"," 8","  76.3"," 8","1009.1"," 8","008.7"," 8","  4.7"," 8","  1.0"," 8","  5.1","999.9","  92.8"," ","  73.0"," "," 2.67","G","999.9","010010"
"48480099999","2019-07-14","12.6","102.1166667","4.0","CHANTHABURI, TH","  85.4"," 8","  75.4"," 8","1007.0"," 8","006.6"," 8","  5.0"," 8","  2.4"," 8","  5.1","999.9","  92.3"," ","  78.6"," "," 0.02","G","999.9","000000"
"48480099999","2019-07-15","12.6","102.1166667","4.0","CHANTHABURI, TH","  85.4"," 8","  77.3"," 8","1006.1"," 8","005.7"," 8","  5.2"," 8","  0.5"," 8","  4.1","999.9","  91.8"," ","  77.9"," "," 0.74","G","999.9","000000"
"48480099999","2019-07-16","12.6","102.1166667","4.0","CHANTHABURI, TH","  86.5"," 8","  77.2"," 8","1005.5"," 8","005.1"," 8","  5.2"," 8","  2.9"," 8","  5.1","999.9","  92.3"," ","  80.2"," "," 0.00","G","999.9","010000"
"48480099999","2019-07-17","12.6","102.1166667","4.0","CHANTHABURI, TH","  85.2"," 8","  78.4"," 8","1004.9"," 8","004.5"," 8","  4.7"," 8","  1.8"," 8","  5.1","999.9","  91.0","*","  80.6","*"," 0.33","G","999.9","010010"
"48480099999","2019-07-18","12.6","102.1166667","4.0","CHANTHABURI, TH","  80.4"," 8","  78.0"," 8","1005.0"," 8","004.6"," 8","  4.4"," 8","  0.0"," 8","999.9","999.9","  85.5"," ","  76.6","*"," 4.24","G","999.9","010010"
"48480099999","2019-07-19","12.6","102.1166667","4.0","CHANTHABURI, TH","  82.2"," 8","  78.8"," 8","1006.1"," 8","005.7"," 8","  4.5"," 8","  1.4"," 8","  6.0","999.9","  88.7"," ","  77.2","*"," 1.05","G","999.9","010000"
"48480099999","2019-07-20","12.6","102.1166667","4.0","CHANTHABURI, TH","  85.5"," 8","  77.7"," 8","1007.4"," 8","007.0"," 8","  4.9"," 8","  2.4"," 8","  7.0","999.9","  91.0","*","  78.8"," "," 0.02","G","999.9","010000"
"48480099999","2019-07-21","12.6","102.1166667","4.0","CHANTHABURI, TH","  82.6"," 8","  79.1"," 8","1008.3"," 8","007.9"," 8","  4.9"," 8","  1.4"," 8","  5.1","999.9","  88.7"," ","  76.6"," "," 2.77","G","999.9","010010"
"48480099999","2019-07-22","12.6","102.1166667","4.0","CHANTHABURI, TH","  85.6"," 8","  78.6"," 8","1007.9"," 8","007.5"," 8","  4.8"," 8","  0.0"," 8","999.9","999.9","  93.9"," ","  80.1"," "," 0.05","G","999.9","000000"
"48480099999","2019-07-23","12.6","102.1166667","4.0","CHANTHABURI, TH","  85.3"," 8","  78.1"," 8","1007.5"," 8","007.0"," 8","  4.6"," 8","  1.1"," 8","  5.1","999.9","  92.5"," ","  77.2","*"," 0.07","G","999.9","010010"
"48480099999","2019-07-24","12.6","102.1166667","4.0","CHANTHABURI, TH","  83.1"," 8","  76.3"," 8","1008.8"," 8","008.4"," 8","  4.0"," 8","  1.0"," 8","  5.1","999.9","  91.8"," ","  75.9"," "," 2.04","G","999.9","010010"
"48480099999","2019-07-25","12.6","102.1166667","4.0","CHANTHABURI, TH","  79.1"," 8","  76.2"," 8","1010.3"," 8","009.9"," 8","  4.6"," 8","  0.0"," 8","999.9","999.9","  84.0","*","  74.5"," "," 1.28","G","999.9","010000"
"48480099999","2019-07-26","12.6","102.1166667","4.0","CHANTHABURI, TH","  79.8"," 8","  75.6"," 8","1009.3"," 8","008.9"," 8","  4.7"," 8","  1.2"," 8","  7.0","999.9","  89.2"," ","  76.1"," "," 0.10","G","999.9","010010"
"48480099999","2019-07-27","12.6","102.1166667","4.0","CHANTHABURI, TH","  82.1"," 8","  76.6"," 8","1008.6"," 8","008.2"," 8","  4.6"," 8","  0.4"," 8","  2.9","999.9","  91.2"," ","  75.0"," "," 0.54","G","999.9","010000"
"48480099999","2019-07-28","12.6","102.1166667","4.0","CHANTHABURI, TH","  83.9"," 8","  76.7"," 8","1008.5"," 8","008.1"," 8","  4.3"," 8","  1.9"," 8","  5.1","999.9","  90.1","*","  75.6","*"," 0.04","G","999.9","010010"
"48480099999","2019-07-29","12.6","102.1166667","4.0","CHANTHABURI, TH","  83.5"," 8","  77.3"," 8","1008.5"," 8","008.1"," 8","  4.7"," 8","  1.6"," 8","  4.1","999.9","  87.8","*","  75.4"," "," 0.39","G","999.9","010000"
"48480099999","2019-07-30","12.6","102.1166667","4.0","CHANTHABURI, TH","  85.9"," 8","  76.6"," 8","1007.3"," 8","006.8"," 8","  5.2"," 8","  1.3"," 8","  5.1","999.9","  92.1"," ","  79.7"," "," 0.00","G","999.9","000000"
"48480099999","2019-07-31","12.6","102.1166667","4.0","CHANTHABURI, TH","  82.8"," 8","  75.6"," 8","1007.1"," 8","006.7"," 8","  4.9"," 8","  2.4"," 8","  7.0","999.9","  91.9"," ","  75.9","*"," 0.85","G","999.9","010010"
"48480099999","2019-08-01","12.6","102.1166667","4.0","CHANTHABURI, TH","  81.5"," 8","  74.5"," 8","1007.6"," 8","007.2"," 8","  4.4"," 8","  1.3"," 8","  6.0","999.9","  89.1"," ","  75.4"," "," 0.22","G","999.9","010000"
"48480099999","2019-08-02","12.6","102.1166667","4.0","CHANTHABURI, TH","  82.1"," 8","  75.7"," 8","1007.4"," 8","007.0"," 8","  4.5"," 8","  0.0"," 8","999.9","999.9","  86.0","*","  78.4"," "," 0.17","G","999.9","010000"
"48480099999","2019-08-03","12.6","102.1166667","4.0","CHANTHABURI, TH","  83.3"," 8","  75.7"," 8","1006.6"," 8","006.2"," 8","  5.0"," 8","  1.5"," 8","  4.1","999.9","  88.7"," ","  78.8"," "," 0.30","G","999.9","000000"
"48480099999","2019-08-04","12.6","102.1166667","4.0","CHANTHABURI, TH","  84.0"," 8","  76.8"," 8","1005.1"," 8","004.7"," 8","  5.0"," 8","  2.7"," 8","  6.0","999.9","  90.5"," ","  79.5"," "," 0.50","G","999.9","010010"
"48480099999","2019-08-05","12.6","102.1166667","4.0","CHANTHABURI, TH","  80.8"," 8","  77.4"," 8","1006.6"," 8","006.2"," 8","  4.1"," 8","  1.5"," 8","  5.1","999.9","  84.7"," ","  78.8"," "," 2.60","G","999.9","010000"
"48480099999","2019-08-06","12.6","102.1166667","4.0","CHANTHABURI, TH","  79.7"," 8","  76.7"," 8","1007.6"," 8","007.2"," 8","  4.2"," 8","  0.9"," 8","  7.0","999.9","  83.1","*","  75.6","*"," 4.03","G","999.9","010000"
"48480099999","2019-08-07","12.6","102.1166667","4.0","CHANTHABURI, TH","  81.7"," 8","  77.3"," 8","1006.6"," 8","006.2"," 8","  4.3"," 8","  0.0"," 8","999.9","999.9","  86.2"," ","  75.6"," "," 0.49","G","999.9","010000"
"48480099999","2019-08-08","12.6","102.1166667","4.0","CHANTHABURI, TH","  82.4"," 8","  78.3"," 8","1005.1"," 8","004.7"," 8","  4.6"," 8","  0.6"," 8","  5.1","999.9","  88.9"," ","  79.0"," "," 0.06","G","999.9","010000"
"48480099999","2019-08-09","12.6","102.1166667","4.0","CHANTHABURI, TH","  80.7"," 8","  77.8"," 8","1003.6"," 8","003.2"," 8","  3.9"," 8","  0.0"," 8","999.9","999.9","  88.2"," ","  77.4","*"," 2.60","G","999.9","010010"
"48480099999","2019-08-10","12.6","102.1166667","4.0","CHANTHABURI, TH","  83.6"," 8","  77.1"," 8","1003.8"," 8","003.4"," 8","  4.4"," 8","  4.7"," 8","  6.0","999.9","  87.8"," ","  77.5"," "," 0.06","G","999.9","010000"
"48480099999","2019-08-11","12.6","102.1166667","4.0","CHANTHABURI, TH","  82.3"," 8","  78.0"," 8","1005.9"," 8","005.4"," 8","  4.6"," 8","  3.0"," 8","  6.0","999.9","  87.6"," ","  79.7","*"," 0.08","G","999.9","010000"
"48480099999","2019-08-12","12.6","102.1166667","4.0","CHANTHABURI, TH","  83.6"," 8","  78.4"," 8","1007.7"," 8","007.3"," 8","  4.3"," 8","  4.0"," 8","  8.0","999.9","  88.3"," ","  78.8"," "," 0.12","G","999.9","010000"
"48480099999","2019-08-13","12.6","102.1166667","4.0","CHANTHABURI, TH","  82.6"," 8","  78.8"," 8","1009.4"," 8","009.0"," 8","  4.5"," 8","  3.4"," 8","  6.0","999.9","  87.4"," ","  78.3"," "," 0.20","G","999.9","000000"
"48480099999","2019-08-14","12.6","102.1166667","4.0","CHANTHABURI, TH","  84.4"," 8","  78.0"," 8","1009.0"," 8","008.6"," 8","  4.7"," 8","  0.5"," 8","  4.1","999.9","  89.6"," ","  79.5"," "," 0.14","G","999.9","000000"
"48480099999","2019-08-15","12.6","102.1166667","4.0","CHANTHABURI, TH","  84.7"," 8","  78.1"," 8","1007.8"," 8","007.4"," 8","  5.0"," 8","  2.5"," 8","  5.1","999.9","  90.3"," ","  79.5"," "," 0.00","G","999.9","010000"
"48480099999","2019-08-16","12.6","102.1166667","4.0","CHANTHABURI, TH","  84.7"," 8","  78.6"," 8","1007.4"," 8","007.0"," 8","  4.7"," 8","  2.8"," 8","  6.0","999.9","  90.1"," ","  81.0","*"," 0.06","G","999.9","010000"
"48480099999","2019-08-17","12.6","102.1166667","4.0","CHANTHABURI, TH","  81.8"," 8","  78.4"," 8","1009.4"," 8","009.0"," 8","  4.6"," 8","  1.5"," 8","  7.0","999.9","  86.2"," ","  78.8","*"," 0.43","G","999.9","000000"
"48480099999","2019-08-18","12.6","102.1166667","4.0","CHANTHABURI, TH","  84.0"," 8","  77.7"," 8","1010.2"," 8","009.8"," 8","  5.0"," 8","  2.0"," 8","  6.0","999.9","  90.9"," ","  78.6"," "," 0.11","G","999.9","000000"
"48480099999","2019-08-19","12.6","102.1166667","4.0","CHANTHABURI, TH","  85.2"," 8","  77.4"," 8","1008.4"," 8","008.0"," 8","  5.0"," 8","  0.8"," 8","  6.0","999.9","  91.9"," ","  79.9"," "," 0.02","G","999.9","010000"
"48480099999","2019-08-20","12.6","102.1166667","4.0","CHANTHABURI, TH","  82.1"," 8","  77.3"," 8","1007.0"," 8","006.6"," 8","  4.4"," 8","  1.1"," 8","  5.1","999.9","  89.2"," ","  77.5","*"," 1.10","G","999.9","010000"
"48480099999","2019-08-21","12.6","102.1166667","4.0","CHANTHABURI, TH","  84.1"," 8","  78.3"," 8","1007.7"," 8","007.2"," 8","  5.0"," 8","  3.7"," 8","  8.0","999.9","  89.6"," ","  77.2"," "," 0.14","G","999.9","010000"
"48480099999","2019-08-22","12.6","102.1166667","4.0","CHANTHABURI, TH","  83.0"," 8","  77.9"," 8","1008.7"," 8","008.3"," 8","  4.7"," 8","  1.3"," 8","  6.0","999.9","  90.1"," ","  80.1"," "," 0.03","G","999.9","010010"
"48480099999","2019-08-23","12.6","102.1166667","4.0","CHANTHABURI, TH","  84.1"," 8","  77.8"," 8","1009.1"," 8","008.7"," 8","  4.7"," 8","  2.7"," 8","  7.0","999.9","  91.0"," ","  79.5","*"," 0.20","G","999.9","010000"
"48480099999","2019-08-24","12.6","102.1166667","4.0","CHANTHABURI, TH","  82.3"," 8","  78.0"," 8","1007.9"," 8","007.4"," 8","  4.3"," 8","  2.4"," 8","  8.0","999.9","  90.1"," ","  78.3","*"," 1.09","G","999.9","010000"
"48480099999","2019-08-25","12.6","102.1166667","4.0","CHANTHABURI, TH","  82.1"," 8","  77.3"," 8","1007.8"," 8","007.4"," 8","  4.7"," 8","  2.5"," 8","  5.1","999.9","  87.4","*","  77.2"," "," 0.99","G","999.9","010000"
"48480099999","2019-08-26","12.6","102.1166667","4.0","CHANTHABURI, TH","  82.6"," 8","  76.0"," 8","1008.0"," 8","007.6"," 8","  4.6"," 8","  0.9"," 8","  4.1","999.9","  88.0"," ","  78.6"," "," 0.01","G","999.9","010000"
"48480099999","2019-08-27","12.6","102.1166667","4.0","CHANTHABURI, TH","  83.4"," 8","  75.7"," 8","1007.0"," 8","006.5"," 8","  4.7"," 8","  0.5"," 8","  4.1","999.9","  87.6","*","  78.6"," "," 0.07","G","999.9","000000"
"48480099999","2019-08-28","12.6","102.1166667","4.0","CHANTHABURI, TH","  84.4"," 8","  76.4"," 8","1006.7"," 8","006.3"," 8","  4.8"," 8","  2.9"," 8","  6.0","999.9","  89.6","*","  79.7"," "," 0.35","G","999.9","000000"
"48480099999","2019-08-29","12.6","102.1166667","4.0","CHANTHABURI, TH","  80.4"," 8","  77.0"," 8","1004.7"," 8","004.3"," 8","  4.3"," 8","  0.0"," 8","999.9","999.9","  84.7"," ","  78.1"," "," 0.33","G","999.9","010000"
"48480099999","2019-08-30","12.6","102.1166667","4.0","CHANTHABURI, TH","  82.8","20","  76.8","20","1003.3","20","002.9","20","  4.5","20","  4.5","20","  8.0","999.9","  85.5","*","  77.7"," "," 0.14","G","999.9","010000"
"48480099999","2019-08-31","12.6","102.1166667","4.0","CHANTHABURI, TH","  81.1"," 9","  77.3"," 9","1006.4"," 9","006.0"," 9","  4.3"," 9","  1.7"," 9","  6.0","999.9","  88.2"," ","  77.5","*"," 1.38","G","999.9","010000"
"48480099999","2019-09-01","12.6","102.1166667","4.0","CHANTHABURI, TH","  81.7"," 8","  78.1"," 8","1007.9"," 8","007.5"," 8","  4.4"," 8","  0.9"," 8","  4.1","999.9","  87.8"," ","  76.8"," "," 0.47","G","999.9","010000"
"48480099999","2019-09-02","12.6","102.1166667","4.0","CHANTHABURI, TH","  80.7"," 8","  77.3"," 8","1007.5"," 8","007.1"," 8","  3.3"," 8","  2.0"," 8","  5.1","999.9","  85.6"," ","  77.7","*"," 0.37","G","999.9","010000"
"48480099999","2019-09-03","12.6","102.1166667","4.0","CHANTHABURI, TH","  78.0"," 8","  76.2"," 8","1007.0"," 8","006.5"," 8","  3.9"," 8","  0.0"," 8","999.9","999.9","  82.0"," ","  75.6","*"," 0.49","G","999.9","010000"
"48480099999","2019-09-04","12.6","102.1166667","4.0","CHANTHABURI, TH","  79.2"," 8","  77.3"," 8","1007.6"," 8","007.2"," 8","  4.3"," 8","  0.7"," 8","  2.9","999.9","  83.8"," ","  75.6"," "," 1.05","G","999.9","010000"
"48480099999","2019-09-05","12.6","102.1166667","4.0","CHANTHABURI, TH","  80.8"," 8","  76.2"," 8","1008.2"," 8","007.8"," 8","  4.0"," 8","  1.9"," 8","  5.1","999.9","  85.8","*","  75.9","*"," 1.04","G","999.9","010010"
"48480099999","2019-09-06","12.6","102.1166667","4.0","CHANTHABURI, TH","  82.5"," 7","  76.8"," 7","1008.3"," 7","007.9"," 7","  4.8"," 7","  0.0"," 7","999.9","999.9","  86.4","*","  75.2"," "," 0.02","G","999.9","010000"
"48480099999","2019-09-07","12.6","102.1166667","4.0","CHANTHABURI, TH","  83.5"," 8","  78.3"," 8","1009.2"," 8","008.8"," 8","  4.3"," 8","  3.3"," 8","  8.0","999.9","  89.6"," ","  79.7","*"," 0.71","G","999.9","010010"
"48480099999","2019-09-08","12.6","102.1166667","4.0","CHANTHABURI, TH","  83.9"," 8","  77.3"," 8","1009.3"," 8","008.9"," 8","  4.6"," 8","  2.7"," 8","  8.0","999.9","  89.6"," ","  78.8"," "," 0.02","G","999.9","000000"
"48480099999","2019-09-09","12.6","102.1166667","4.0","CHANTHABURI, TH","  84.2"," 8","  77.1"," 8","1009.0"," 8","008.6"," 8","  4.9"," 8","  3.8"," 8","  5.1","999.9","  90.1"," ","  79.7"," "," 0.00","G","999.9","000000"
"48480099999","2019-09-10","12.6","102.1166667","4.0","CHANTHABURI, TH","  82.6"," 8","  77.6"," 8","1010.8"," 8","010.4"," 8","  4.5"," 8","  0.9"," 8","  4.1","999.9","  86.5"," ","  80.4","*"," 0.02","G","999.9","010000"
"48480099999","2019-09-11","12.6","102.1166667","4.0","CHANTHABURI, TH","  83.5"," 8","  76.0"," 8","1012.3"," 8","011.9"," 8","  4.6"," 8","  0.0"," 8","999.9","999.9","  91.8"," ","  75.6","*"," 0.02","G","999.9","010000"
"48480099999","2019-09-12","12.6","102.1166667","4.0","CHANTHABURI, TH","  84.3"," 8","  77.1"," 8","1010.8"," 8","010.4"," 8","  5.0"," 8","  1.7"," 8","  7.0","999.9","  93.2"," ","  75.2"," "," 0.67","G","999.9","000000"
"48480099999","2019-09-13","12.6","102.1166667","4.0","CHANTHABURI, TH","  84.7"," 7","  76.9"," 7","1008.7"," 7","008.3"," 7","  5.1"," 7","  1.3"," 7","  5.1","999.9","  91.0"," ","  79.3"," "," 0.05","G","999.9","010010"
"48480099999","2019-09-14","12.6","102.1166667","4.0","CHANTHABURI, TH","  79.2"," 8","  76.6"," 8","1007.6"," 8","007.2"," 8","  4.3"," 8","  0.0"," 8","999.9","999.9","  86.5"," ","  76.1","*"," 1.09","G","999.9","010000"
"48480099999","2019-09-15","12.6","102.1166667","4.0","CHANTHABURI, TH","  79.0"," 8","  76.4"," 8","1006.9"," 8","006.5"," 8","  4.0"," 8","  1.1"," 8","  5.1","999.9","  87.6"," ","  75.4"," "," 2.75","G","999.9","010010"
"48480099999","2019-09-16","12.6","102.1166667","4.0","CHANTHABURI, TH","  80.8"," 8","  78.1"," 8","1007.0"," 8","006.6"," 8","  4.4"," 8","  0.4"," 8","  2.9","999.9","  84.6","*","  74.7"," "," 0.04","G","999.9","010000"
"48480099999","2019-09-17","12.6","102.1166667","4.0","CHANTHABURI, TH","  81.1"," 8","  78.4"," 8","1007.9"," 8","007.5"," 8","  4.2"," 8","  2.0"," 8","  5.1","999.9","  84.2","*","  77.7","*"," 0.38","G","999.9","010000"
"48480099999","2019-09-18","12.6","102.1166667","4.0","CHANTHABURI, TH","  81.5"," 7","  77.3"," 7","1009.2"," 7","008.8"," 7","  4.4"," 7","  2.1"," 7","  6.0","999.9","  88.7","*","  76.8"," "," 0.01","G","999.9","010000"
"48480099999","2019-09-19","12.6","102.1166667","4.0","CHANTHABURI, TH","  79.7"," 8","  76.7"," 8","1009.6"," 8","009.2"," 8","  4.6"," 8","  0.4"," 8","  2.9","999.9","  87.4"," ","  76.6"," "," 1.43","G","999.9","010000"
"48480099999","2019-09-20","12.6","102.1166667","4.0","CHANTHABURI, TH","  80.2"," 8","  77.4"," 8","1008.9"," 8","008.5"," 8","  4.5"," 8","  0.6"," 8","  5.1","999.9","  86.7"," ","  75.7"," "," 2.01","G","999.9","010000"
"48480099999","2019-09-21","12.6","102.1166667","4.0","CHANTHABURI, TH","  78.7"," 7","  77.0"," 7","1009.2"," 7","008.8"," 7","  4.1"," 7","  0.0"," 7","999.9","999.9","  81.7","*","  76.1"," "," 2.72","G","999.9","010000"
"48480099999","2019-09-22","12.6","102.1166667","4.0","CHANTHABURI, TH","  78.9"," 8","  75.8"," 8","1011.4"," 8","011.0"," 8","  4.7"," 8","  1.7"," 8","  5.1","999.9","  87.8","*","  75.2","*"," 0.70","G","999.9","010000"
"48480099999","2019-09-23","12.6","102.1166667","4.0","CHANTHABURI, TH","  80.8"," 8","  74.9"," 8","1012.2"," 8","011.8"," 8","  4.7"," 8","  3.1"," 8","  6.0","999.9","  90.0","*","  75.0"," "," 0.07","G","999.9","010000"
"48480099999","2019-09-24","12.6","102.1166667","4.0","CHANTHABURI, TH","  83.5"," 8","  75.3"," 8","1012.1"," 8","011.7"," 8","  4.5"," 8","  4.2"," 8","  9.9","999.9","  92.7"," ","  74.3"," "," 0.02","G","999.9","000000"
"48480099999","2019-09-25","12.6","102.1166667","4.0","CHANTHABURI, TH","  84.9"," 8","  74.3"," 8","1012.6"," 8","012.2"," 8","  5.0"," 8","  2.3"," 8","  7.0","999.9","  94.1"," ","  77.5"," "," 0.00","G","999.9","000000"
"48480099999","2019-09-26","12.6","102.1166667","4.0","CHANTHABURI, TH","  85.9"," 8","  75.4"," 8","1012.7"," 8","012.3"," 8","  5.1"," 8","  2.5"," 8","  5.1","999.9","  95.9","*","  77.4"," "," 0.00","I","999.9","000010"
"48480099999","2019-09-27","12.6","102.1166667","4.0","CHANTHABURI, TH","  84.3"," 8","  75.8"," 8","1012.6"," 8","012.2"," 8","  4.7"," 8","  1.4"," 8","  4.1","999.9","  92.3"," ","  78.1"," "," 0.00","I","999.9","000000"
"48480099999","2019-09-28","12.6","102.1166667","4.0","CHANTHABURI, TH","  84.5"," 8","  75.4"," 8","1012.1"," 8","011.7"," 8","  4.8"," 8","  0.0"," 8","999.9","999.9","  96.6"," ","  77.0"," "," 0.00","I","999.9","000010"
"48480099999","2019-09-29","12.6","102.1166667","4.0","CHANTHABURI, TH","  84.8"," 8","  77.2"," 8","1011.6"," 8","011.2"," 8","  4.5"," 8","  1.4"," 8","  7.0","999.9","  94.6","*","  77.7"," "," 0.05","G","999.9","010010"
"48480099999","2019-09-30","12.6","102.1166667","4.0","CHANTHABURI, TH","  84.0"," 8","  77.2"," 8","1010.6"," 8","010.2"," 8","  4.7"," 8","  0.9"," 8","  4.1","999.9","  93.9"," ","  77.2"," "," 0.06","G","999.9","010010"
"48480099999","2019-10-01","12.6","102.1166667","4.0","CHANTHABURI, TH","  84.6"," 8","  77.4"," 8","1010.7"," 8","010.3"," 8","  4.7"," 8","  2.8"," 8","  8.0","999.9","  92.3"," ","  77.4"," "," 0.00","I","999.9","000000"
"48480099999","2019-10-02","12.6","102.1166667","4.0","CHANTHABURI, TH","  84.9"," 7","  76.9"," 7","1010.6"," 7","010.2"," 7","  4.6"," 7","  0.8"," 7","  2.9","999.9","  93.6"," ","  79.0"," "," 0.00","I","999.9","000000"
"48480099999","2019-10-03","12.6","102.1166667","4.0","CHANTHABURI, TH","  82.7"," 8","  76.6"," 8","1010.6"," 8","010.2"," 8","  4.7"," 8","  0.9"," 8","  5.1","999.9","  92.1"," ","  77.5","*"," 0.00","I","999.9","000000"
"48480099999","2019-10-04","12.6","102.1166667","4.0","CHANTHABURI, TH","  79.5"," 6","  75.8"," 6","1009.7"," 6","009.3"," 6","  4.5"," 6","  1.2"," 6","  5.1","999.9","  91.4","*","  75.9","*"," 1.83","G","999.9","010010"
"48480099999","2019-10-05","12.6","102.1166667","4.0","CHANTHABURI, TH","  80.0"," 8","  75.2"," 8","1010.1"," 8","009.7"," 8","  4.7"," 8","  0.6"," 8","  5.1","999.9","  90.7"," ","  75.2"," "," 0.16","G","999.9","000000"
"48480099999","2019-10-06","12.6","102.1166667","4.0","CHANTHABURI, TH","  80.5"," 8","  74.8"," 8","1010.5"," 8","010.1"," 8","  4.5"," 8","  0.0"," 8","999.9","999.9","  91.6"," ","  75.0"," "," 0.01","G","999.9","010010"
"48480099999","2019-10-07","12.6","102.1166667","4.0","CHANTHABURI, TH","  81.5"," 8","  74.5"," 8","1010.6"," 8","010.1"," 8","  5.4"," 8","  1.0"," 8","  2.9","999.9","  93.7"," ","  75.0"," "," 0.68","G","999.9","010000"
"48480099999","2019-10-08","12.6","102.1166667","4.0","CHANTHABURI, TH","  82.5"," 8","  76.0"," 8","1010.6"," 8","010.2"," 8","  4.9"," 8","  1.3"," 8","  2.9","999.9","  94.1"," ","  75.0"," "," 0.03","G","999.9","000000"
"48480099999","2019-10-09","12.6","102.1166667","4.0","CHANTHABURI, TH","  83.2"," 8","  76.1"," 8","1010.4"," 8","009.9"," 8","  5.1"," 8","  1.1"," 8","  6.0","999.9","  92.7","*","  76.6"," "," 0.46","G","999.9","000010"
"48480099999","2019-10-10","12.6","102.1166667","4.0","CHANTHABURI, TH","  81.3"," 8","  77.0"," 8","1010.8"," 8","010.4"," 8","  4.5"," 8","  1.2"," 8","  4.1","999.9","  89.1"," ","  76.5","*"," 0.01","G","999.9","000010"
"48480099999","2019-10-11","12.6","102.1166667","4.0","CHANTHABURI, TH","  85.0"," 8","  76.6"," 8","1009.7"," 8","009.3"," 8","  5.1"," 8","  0.7"," 8","  2.9","999.9","  94.6"," ","  75.0"," "," 0.00","I","999.9","000000"
"48480099999","2019-10-12","12.6","102.1166667","4.0","CHANTHABURI, TH","  81.9"," 8","  76.3"," 8","1009.8"," 8","009.4"," 8","  4.7"," 8","  0.5"," 8","  4.1","999.9","  91.0"," ","  76.5","*"," 0.00","I","999.9","000010"
"48480099999","2019-10-13","12.6","102.1166667","4.0","CHANTHABURI, TH","  82.2"," 8","  75.8"," 8","1010.0"," 8","009.6"," 8","  4.9"," 8","  0.6"," 8","  5.1","999.9","  93.4"," ","  75.4"," "," 0.69","G","999.9","000010"
"48480099999","2019-10-14","12.6","102.1166667","4.0","CHANTHABURI, TH","  83.8"," 8","  74.8"," 8","1011.3"," 8","010.9"," 8","  4.8"," 8","  0.4"," 8","  2.9","999.9","  94.6","*","  75.2"," "," 0.00","I","999.9","000000"
"48480099999","2019-10-15","12.6","102.1166667","4.0","CHANTHABURI, TH","  83.3"," 8","  74.5"," 8","1010.9"," 8","010.5"," 8","  4.7"," 8","  1.4"," 8","  5.1","999.9","  91.4","*","  76.1"," "," 0.03","G","999.9","000000"
"48480099999","2019-10-16","12.6","102.1166667","4.0","CHANTHABURI, TH","  85.3"," 8","  75.3"," 8","1010.1"," 8","009.7"," 8","  5.4"," 8","  3.5"," 8","  7.0","999.9","  95.0"," ","  77.2"," "," 0.00","I","999.9","000000"
"48480099999","2019-10-17","12.6","102.1166667","4.0","CHANTHABURI, TH","  85.2"," 8","  74.7"," 8","1010.2"," 8","009.8"," 8","  5.1"," 8","  4.4"," 8","  6.0","999.9","  92.5","*","  78.8"," "," 0.00","I","999.9","000000"
"48480099999","2019-10-18","12.6","102.1166667","4.0","CHANTHABURI, TH","  84.4"," 8","  74.0"," 8","1010.9"," 8","010.5"," 8","  4.8"," 8","  3.6"," 8","  8.0","999.9","  92.1","*","  78.6","*"," 0.01","G","999.9","000000"
"48480099999","2019-10-19","12.6","102.1166667","4.0","CHANTHABURI, TH","  84.2"," 8","  74.6"," 8","1011.2"," 8","010.8"," 8","  5.0"," 8","  2.8"," 8","  5.1","999.9","  93.2"," ","  77.4"," "," 0.00","I","999.9","000000"
"48480099999","2019-10-20","12.6","102.1166667","4.0","CHANTHABURI, TH","  83.9"," 8","  75.3"," 8","1010.5"," 8","010.1"," 8","  5.0"," 8","  2.4"," 8","  6.0","999.9","  91.4","*","  77.9"," "," 0.00","I","999.9","000000"
"48480099999","2019-10-21","12.6","102.1166667","4.0","CHANTHABURI, TH","  85.7"," 8","  75.6"," 8","1009.3"," 8","008.9"," 8","  5.0"," 8","  2.0"," 8","  7.0","999.9","  95.2"," ","  76.6"," "," 0.00","I","999.9","000000"
"48480099999","2019-10-22","12.6","102.1166667","4.0","CHANTHABURI, TH","  85.9"," 8","  75.3"," 8","1008.4"," 8","008.0"," 8","  5.0"," 8","  1.2"," 8","  4.1","999.9","  95.9"," ","  76.1"," "," 0.00","I","999.9","000000"
"48480099999","2019-10-23","12.6","102.1166667","4.0","CHANTHABURI, TH","  85.4"," 8","  77.3"," 8","1008.6"," 8","008.2"," 8","  5.0"," 8","  1.5"," 8","  4.1","999.9","  93.7"," ","  77.5"," "," 0.00","I","999.9","000000"
"48480099999","2019-10-24","12.6","102.1166667","4.0","CHANTHABURI, TH","  86.0"," 8","  77.8"," 8","1009.7"," 8","009.3"," 8","  5.0"," 8","  1.4"," 8","  4.1","999.9","  94.1"," ","  78.3"," "," 0.00","I","999.9","000000"
"48480099999","2019-10-25","12.6","102.1166667","4.0","CHANTHABURI, TH","  84.6"," 8","  76.3"," 8","1010.1"," 8","009.7"," 8","  4.8"," 8","  1.0"," 8","  4.1","999.9","  94.5"," ","  77.7","*"," 0.31","G","999.9","000010"
"48480099999","2019-10-26","12.6","102.1166667","4.0","CHANTHABURI, TH","  86.2"," 8","  74.9"," 8","1009.7"," 8","009.3"," 8","  5.0"," 8","  1.7"," 8","  5.1","999.9","  96.1"," ","  76.1"," "," 0.00","I","999.9","000000"
"48480099999","2019-10-27","12.6","102.1166667","4.0","CHANTHABURI, TH","  86.1"," 8","  76.4"," 8","1009.5"," 8","009.1"," 8","  5.3"," 8","  1.3"," 8","  4.1","999.9","  96.4"," ","  78.4"," "," 0.00","I","999.9","000000"
"48480099999","2019-10-28","12.6","102.1166667","4.0","CHANTHABURI, TH","  85.0"," 8","  77.2"," 8","1009.6"," 8","009.2"," 8","  5.1"," 8","  3.1"," 8","  8.0","999.9","  94.8"," ","  75.9","*"," 0.10","G","999.9","000010"
"48480099999","2019-10-29","12.6","102.1166667","4.0","CHANTHABURI, TH","  84.0"," 8","  74.9"," 8","1009.9"," 8","009.5"," 8","  5.1"," 8","  4.0"," 8","  8.0","999.9","  91.4","*","  75.6"," "," 0.37","G","999.9","000000"
"48480099999","2019-10-30","12.6","102.1166667","4.0","CHANTHABURI, TH","  82.8"," 8","  68.0"," 8","1008.8"," 8","008.4"," 8","  5.1"," 8","  4.1"," 8","  9.9","999.9","  92.5"," ","  77.4"," "," 0.00","G","999.9","000000"
"48480099999","2019-10-31","12.6","102.1166667","4.0","CHANTHABURI, TH","  79.7","20","  68.9","20","1008.2","20","007.8","20","  4.8","20","  3.6","20","  8.0","999.9","  91.8"," ","  74.3","*"," 0.00","G","999.9","010000"
"48480099999","2019-11-01","12.6","102.1166667","4.0","CHANTHABURI, TH","  78.4"," 8","  70.1"," 8","1008.7"," 8","008.3"," 8","  4.6"," 8","  4.1"," 8","  8.0","999.9","  85.6"," ","  73.9"," "," 0.00","I","999.9","000000"
"48480099999","2019-11-02","12.6","102.1166667","4.0","CHANTHABURI, TH","  81.1"," 8","  75.2"," 8","1009.5"," 8","009.1"," 8","  4.6"," 8","  1.3"," 8","  5.1","999.9","  87.3","*","  73.4"," "," 0.07","G","999.9","010000"
"48480099999","2019-11-03","12.6","102.1166667","4.0","CHANTHABURI, TH","  81.2"," 8","  75.7"," 8","1010.5"," 8","010.1"," 8","  4.3"," 8","  1.3"," 8","  6.0","999.9","  92.7","*","  75.4"," "," 0.71","G","999.9","010010"
"48480099999","2019-11-04","12.6","102.1166667","4.0","CHANTHABURI, TH","  83.3"," 8","  74.9"," 8","1010.3"," 8","009.9"," 8","  4.8"," 8","  2.0"," 8","  8.0","999.9","  92.8"," ","  75.2"," "," 0.05","G","999.9","000000"
"48480099999","2019-11-05","12.6","102.1166667","4.0","CHANTHABURI, TH","  84.6"," 8","  74.7"," 8","1008.8"," 8","008.4"," 8","  4.7"," 8","  1.7"," 8","  5.1","999.9","  93.0","*","  75.9"," "," 0.00","G","999.9","000000"
"48480099999","2019-11-06","12.6","102.1166667","4.0","CHANTHABURI, TH","  84.4"," 8","  74.7"," 8","1008.1"," 8","007.7"," 8","  4.4"," 8","  0.6"," 8","  5.1","999.9","  94.1"," ","  75.2"," "," 0.00","I","999.9","000000"
"48480099999","2019-11-07","12.6","102.1166667","4.0","CHANTHABURI, TH","  85.5"," 6","  71.6"," 6","1010.0"," 6","009.5"," 6","  4.7"," 6","  3.0"," 6","  6.0","999.9","  94.3","*","  75.4"," "," 0.00","I","999.9","000000"
"48480099999","2019-11-08","12.6","102.1166667","4.0","CHANTHABURI, TH","  83.1"," 8","  69.8"," 8","1011.8"," 8","011.3"," 8","  4.6"," 8","  5.9"," 8","  9.9","999.9","  91.2","*","  76.3"," "," 0.00","I","999.9","000000"
"48480099999","2019-11-09","12.6","102.1166667","4.0","CHANTHABURI, TH","  78.7"," 8","  66.9"," 8","1012.0"," 8","011.6"," 8","  4.1"," 8","  5.3"," 8","  9.9","999.9","  88.7"," ","  71.2","*"," 0.00","I","999.9","000000"
"48480099999","2019-11-10","12.6","102.1166667","4.0","CHANTHABURI, TH","  80.0"," 8","  64.8"," 8","1009.9"," 8","009.4"," 8","  4.0"," 8","  4.2"," 8","  8.9","999.9","  89.6"," ","  70.3"," "," 0.00","I","999.9","000000"
"48480099999","2019-11-11","12.6","102.1166667","4.0","CHANTHABURI, TH","  82.9"," 8","  64.0"," 8","1008.9"," 8","008.5"," 8","  4.6"," 8","  3.3"," 8","  8.0","999.9","  93.0"," ","  70.9"," "," 0.00","I","999.9","000000"
"48480099999","2019-11-12","12.6","102.1166667","4.0","CHANTHABURI, TH","  83.5"," 8","  69.2"," 8","1010.1"," 8","009.7"," 8","  4.9"," 8","  3.5"," 8","  8.0","999.9","  92.8"," ","  76.6"," "," 0.00","I","999.9","000000"
"48480099999","2019-11-13","12.6","102.1166667","4.0","CHANTHABURI, TH","  82.3"," 8","  72.7"," 8","1011.3"," 8","010.8"," 8","  5.0"," 8","  4.6"," 8","  6.0","999.9","  91.8"," ","  77.2"," "," 0.00","I","999.9","000000"
"48480099999","2019-11-14","12.6","102.1166667","4.0","CHANTHABURI, TH","  84.8"," 8","  73.2"," 8","1011.0"," 8","010.6"," 8","  4.8"," 8","  3.5"," 8","  5.1","999.9","  94.6"," ","  77.5"," "," 0.00","I","999.9","000000"
"48480099999","2019-11-15","12.6","102.1166667","4.0","CHANTHABURI, TH","  81.4"," 8","  68.9"," 8","1011.4"," 8","011.0"," 8","  4.6"," 8","  3.4"," 8","  8.9","999.9","  90.3","*","  73.6","*"," 0.00","I","999.9","000000"
"48480099999","2019-11-16","12.6","102.1166667","4.0","CHANTHABURI, TH","  83.0"," 8","  71.5"," 8","1011.0"," 8","010.6"," 8","  4.0"," 8","  1.3"," 8","  6.0","999.9","  92.8","*","  71.2"," "," 0.00","I","999.9","000000"
"48480099999","2019-11-17","12.6","102.1166667","4.0","CHANTHABURI, TH","  83.1"," 8","  72.4"," 8","1010.9"," 8","010.5"," 8","  4.6"," 8","  1.9"," 8","  8.0","999.9","  92.1","*","  73.0"," "," 0.00","I","999.9","000000"
"48480099999","2019-11-18","12.6","102.1166667","4.0","CHANTHABURI, TH","  84.1"," 8","  73.9"," 8","1010.7"," 8","010.3"," 8","  4.6"," 8","  0.0"," 8","999.9","999.9","  95.0"," ","  74.7"," "," 0.00","I","999.9","000000"
"48480099999","2019-11-19","12.6","102.1166667","4.0","CHANTHABURI, TH","  83.3"," 8","  70.5"," 8","1010.8"," 8","010.3"," 8","  4.6"," 8","  2.1"," 8","  5.1","999.9","  93.0","*","  74.8"," "," 0.00","I","999.9","000000"
"48480099999","2019-11-20","12.6","102.1166667","4.0","CHANTHABURI, TH","  81.6"," 8","  68.1"," 8","1011.2"," 8","010.8"," 8","  4.9"," 8","  4.2"," 8","  9.9","999.9","  93.7"," ","  73.4","*"," 0.00","I","999.9","000000"
"48480099999","2019-11-21","12.6","102.1166667","4.0","CHANTHABURI, TH","  81.0"," 8","  68.2"," 8","1011.9"," 8","011.5"," 8","  4.8"," 8","  3.1"," 8","  8.0","999.9","  92.3"," ","  72.5"," "," 0.00","I","999.9","000000"
"48480099999","2019-11-22","12.6","102.1166667","4.0","CHANTHABURI, TH","  81.8"," 8","  67.8"," 8","1012.0"," 8","011.5"," 8","  4.9"," 8","  2.4"," 8","  6.0","999.9","  94.1"," ","  72.3"," "," 0.00","I","999.9","000000"
"48480099999","2019-11-23","12.6","102.1166667","4.0","CHANTHABURI, TH","  82.3"," 7","  66.5"," 7","1011.7"," 7","011.3"," 7","  5.0"," 7","  0.6"," 7","  4.1","999.9","  94.5","*","  70.7"," "," 0.00","I","999.9","000000"
"48480099999","2019-11-24","12.6","102.1166667","4.0","CHANTHABURI, TH","  84.0"," 8","  69.5"," 8","1010.9"," 8","010.5"," 8","  4.9"," 8","  2.7"," 8","  6.0","999.9","  92.5","*","  69.8"," "," 0.00","I","999.9","000000"
"48480099999","2019-11-25","12.6","102.1166667","4.0","CHANTHABURI, TH","  83.8"," 8","  69.8"," 8","1011.5"," 8","011.0"," 8","  5.0"," 8","  3.5"," 8","  6.0","999.9","  93.2","*","  76.8","*"," 0.00","I","999.9","000000"
"48480099999","2019-11-26","12.6","102.1166667","4.0","CHANTHABURI, TH","  83.2"," 7","  68.1"," 7","1011.1"," 7","010.7"," 7","  4.8"," 7","  4.0"," 7","  8.0","999.9","  93.7","*","  75.6"," "," 0.00","I","999.9","000000"
"48480099999","2019-11-27","12.6","102.1166667","4.0","CHANTHABURI, TH","  85.4"," 8","  73.3"," 8","1010.5"," 8","010.1"," 8","  4.6"," 8","  1.6"," 8","  7.0","999.9","  94.3"," ","  77.9"," "," 0.00","I","999.9","000000"
"48480099999","2019-11-28","12.6","102.1166667","4.0","CHANTHABURI, TH","  84.9"," 8","  71.4"," 8","1010.6"," 8","010.2"," 8","  5.2"," 8","  5.6"," 8","  9.9","999.9","  93.6","*","  77.4"," "," 0.00","I","999.9","000000"
"48480099999","2019-11-29","12.6","102.1166667","4.0","CHANTHABURI, TH","  84.3"," 8","  70.0"," 8","1011.2"," 8","010.8"," 8","  5.2"," 8","  5.7"," 8","  8.0","999.9","  92.3","*","  76.5"," "," 0.00","I","999.9","000000"
"48480099999","2019-11-30","12.6","102.1166667","4.0","CHANTHABURI, TH","  84.1"," 8","  70.9"," 8","1010.7"," 8","010.3"," 8","  5.0"," 8","  4.4"," 8","  9.9","999.9","  92.8","*","  77.2"," "," 0.00","I","999.9","000000"
"48480099999","2019-12-01","12.6","102.1166667","4.0","CHANTHABURI, TH","  84.0"," 8","  70.9"," 8","1011.0"," 8","010.6"," 8","  4.8"," 8","  2.3"," 8","  7.0","999.9","  92.8","*","  75.4"," "," 0.00","I","999.9","000000"
"48480099999","2019-12-02","12.6","102.1166667","4.0","CHANTHABURI, TH","  82.4"," 8","  66.7"," 8","1011.9"," 8","011.5"," 8","  5.0"," 8","  5.6"," 8","  8.0","999.9","  93.0"," ","  74.3","*"," 0.00","I","999.9","000000"
"48480099999","2019-12-03","12.6","102.1166667","4.0","CHANTHABURI, TH","  77.5"," 8","  60.8"," 8","1013.3"," 8","012.8"," 8","  4.7"," 8","  9.0"," 8"," 15.0","999.9","  86.0","*","  70.7","*"," 0.00","I","999.9","000000"
"48480099999","2019-12-04","12.6","102.1166667","4.0","CHANTHABURI, TH","  74.7"," 8","  57.2"," 8","1014.5"," 8","014.1"," 8","  4.7"," 8","  7.1"," 8"," 12.0","999.9","  84.6"," ","  68.4"," "," 0.00","I","999.9","000000"
"48480099999","2019-12-05","12.6","102.1166667","4.0","CHANTHABURI, TH","  74.9"," 8","  56.1"," 8","1015.6"," 8","015.2"," 8","  5.0"," 8","  7.0"," 8"," 13.0","999.9","  84.9"," ","  66.2"," "," 0.00","I","999.9","000000"
"48480099999","2019-12-06","12.6","102.1166667","4.0","CHANTHABURI, TH","  74.8"," 8","  52.6"," 8","1015.7"," 8","015.2"," 8","  4.9"," 8","  7.9"," 8"," 12.0","999.9","  84.0","*","  66.0"," "," 0.00","I","999.9","000000"
"48480099999","2019-12-07","12.6","102.1166667","4.0","CHANTHABURI, TH","  73.2"," 8","  52.7"," 8","1015.5"," 8","015.0"," 8","  4.4"," 8","  9.0"," 8"," 15.0","999.9","  81.7","*","  64.4"," "," 0.00","I","999.9","000000"
"48480099999","2019-12-08","12.6","102.1166667","4.0","CHANTHABURI, TH","  73.7"," 8","  53.9"," 8","1015.6"," 8","015.2"," 8","  4.6"," 8","  8.7"," 8","  9.9","999.9","  81.0","*","  66.0"," "," 0.00","I","999.9","000000"
"48480099999","2019-12-09","12.6","102.1166667","4.0","CHANTHABURI, TH","  75.7"," 8","  57.4"," 8","1014.2"," 8","013.8"," 8","  4.6"," 8","  3.9"," 8","  8.9","999.9","  87.6"," ","  66.0"," "," 0.00","I","999.9","000000"
"48480099999","2019-12-10","12.6","102.1166667","4.0","CHANTHABURI, TH","  76.8"," 8","  57.9"," 8","1012.3"," 8","011.9"," 8","  5.0"," 8","  5.5"," 8"," 12.0","999.9","  88.9"," ","  66.9","*"," 0.00","I","999.9","000000"
"48480099999","2019-12-11","12.6","102.1166667","4.0","CHANTHABURI, TH","  78.9"," 8","  60.7"," 8","1012.3"," 8","011.9"," 8","  4.7"," 8","  4.8"," 8"," 12.0","999.9","  89.8","*","  66.2"," "," 0.00","I","999.9","000000"
"48480099999","2019-12-12","12.6","102.1166667","4.0","CHANTHABURI, TH","  79.4"," 8","  61.2"," 8","1012.6"," 8","012.2"," 8","  4.9"," 8","  3.1"," 8","  5.1","999.9","  90.1","*","  68.0"," "," 0.00","I","999.9","000000"
"48480099999","2019-12-13","12.6","102.1166667","4.0","CHANTHABURI, TH","  81.1"," 8","  64.8"," 8","1013.8"," 8","013.4"," 8","  4.8"," 8","  2.3"," 8","  4.1","999.9","  93.0"," ","  69.8"," "," 0.00","I","999.9","000000"
"48480099999","2019-12-14","12.6","102.1166667","4.0","CHANTHABURI, TH","  82.0"," 8","  66.4"," 8","1013.1"," 8","012.7"," 8","  4.9"," 8","  3.3"," 8","  5.1","999.9","  93.6"," ","  71.4"," "," 0.00","I","999.9","000000"
"48480099999","2019-12-15","12.6","102.1166667","4.0","CHANTHABURI, TH","  84.3"," 8","  67.1"," 8","1011.3"," 8","010.9"," 8","  5.0"," 8","  3.5"," 8","  7.0","999.9","  95.9"," ","  74.7"," "," 0.00","I","999.9","000000"
"48480099999","2019-12-16","12.6","102.1166667","4.0","CHANTHABURI, TH","  84.6"," 8","  67.2"," 8","1011.0"," 8","010.6"," 8","  5.2"," 8","  2.3"," 8","  7.0","999.9","  95.4"," ","  75.2"," "," 0.00","I","999.9","000000"
"48480099999","2019-12-17","12.6","102.1166667","4.0","CHANTHABURI, TH","  85.1"," 8","  67.9"," 8","1011.4"," 8","011.0"," 8","  5.0"," 8","  1.7"," 8","  4.1","999.9","  96.6"," ","  75.7","*"," 0.00","I","999.9","000000"
"48480099999","2019-12-18","12.6","102.1166667","4.0","CHANTHABURI, TH","  82.7"," 8","  71.4"," 8","1012.1"," 8","011.7"," 8","  5.1"," 8","  1.2"," 8","  2.9","999.9","  93.7"," ","  73.9"," "," 0.00","I","999.9","000000"
"48480099999","2019-12-19","12.6","102.1166667","4.0","CHANTHABURI, TH","  83.9"," 8","  71.0"," 8","1011.2"," 8","010.8"," 8","  4.9"," 8","  2.0"," 8","  7.0","999.9","  96.1"," ","  73.8"," "," 0.00","I","999.9","000000"
"48480099999","2019-12-20","12.6","102.1166667","4.0","CHANTHABURI, TH","  84.1"," 8","  73.3"," 8","1011.0"," 8","010.5"," 8","  5.0"," 8","  1.8"," 8","  5.1","999.9","  93.2","*","  74.8"," "," 0.00","I","999.9","000000"
"48480099999","2019-12-21","12.6","102.1166667","4.0","CHANTHABURI, TH","  83.7"," 8","  72.3"," 8","1011.3"," 8","010.9"," 8","  5.0"," 8","  0.9"," 8","  4.1","999.9","  94.8"," ","  74.7"," "," 0.00","I","999.9","000000"
"48480099999","2019-12-22","12.6","102.1166667","4.0","CHANTHABURI, TH","  82.3"," 8","  74.4"," 8","1011.2"," 8","010.8"," 8","  4.8"," 8","  1.3"," 8","  4.1","999.9","  90.1","*","  73.0"," "," 0.00","I","999.9","000000"
"48480099999","2019-12-23","12.6","102.1166667","4.0","CHANTHABURI, TH","  83.2"," 8","  75.2"," 8","1011.7"," 8","011.3"," 8","  4.9"," 8","  1.3"," 8","  4.1","999.9","  91.8","*","  74.1"," "," 0.00","I","999.9","000000"
"48480099999","2019-12-24","12.6","102.1166667","4.0","CHANTHABURI, TH","  83.0"," 8","  75.0"," 8","1011.6"," 8","011.2"," 8","  5.0"," 8","  1.5"," 8","  7.0","999.9","  93.7"," ","  73.9"," "," 0.00","I","999.9","000000"
"48480099999","2019-12-25","12.6","102.1166667","4.0","CHANTHABURI, TH","  83.0"," 8","  74.6"," 8","1011.2"," 8","010.8"," 8","  4.8"," 8","  1.2"," 8","  4.1","999.9","  93.6"," ","  73.8"," "," 0.00","I","999.9","000000"
"48480099999","2019-12-26","12.6","102.1166667","4.0","CHANTHABURI, TH","  82.1"," 8","  74.7"," 8","1011.5"," 8","011.1"," 8","  4.8"," 8","  0.4"," 8","  2.9","999.9","  91.9"," ","  74.5"," "," 0.00","I","999.9","000000"
"48480099999","2019-12-27","12.6","102.1166667","4.0","CHANTHABURI, TH","  83.3"," 8","  73.0"," 8","1011.0"," 8","010.6"," 8","  4.7"," 8","  1.2"," 8","  5.1","999.9","  94.1"," ","  73.4"," "," 0.00","I","999.9","000000"
"48480099999","2019-12-28","12.6","102.1166667","4.0","CHANTHABURI, TH","  83.1"," 8","  66.2"," 8","1011.9"," 8","011.5"," 8","  4.6"," 8","  3.9"," 8","  8.0","999.9","  93.7"," ","  74.8"," "," 0.00","I","999.9","000000"
"48480099999","2019-12-29","12.6","102.1166667","4.0","CHANTHABURI, TH","  82.9"," 8","  68.3"," 8","1012.0"," 8","011.6"," 8","  4.4"," 8","  1.4"," 8","  4.1","999.9","  95.0"," ","  72.5"," "," 0.00","I","999.9","000000"
"48480099999","2019-12-30","12.6","102.1166667","4.0","CHANTHABURI, TH","  82.4"," 8","  65.5"," 8","1013.0"," 8","012.6"," 8","  5.0"," 8","  1.2"," 8","  7.0","999.9","  94.6"," ","  70.5"," "," 0.00","I","999.9","000000"
"48480099999","2019-12-31","12.6","102.1166667","4.0","CHANTHABURI, TH","  84.5"," 8","  68.0"," 8","1014.0"," 8","013.6"," 8","  4.9"," 8","  3.6"," 8","  8.0","999.9","  95.0"," ","  72.9"," "," 0.00","I","999.9","000000"
