"STATION","DATE","LATITUDE","LONGITUDE","ELEVATION","NAME","TEMP","TEMP_ATTRIBUTES","DEWP","DEWP_ATTRIBUTES","SLP","SLP_ATTRIBUTES","STP","STP_ATTRIBUTES","VISIB","VISIB_ATTRIBUTES","WDSP","WDSP_ATTRIBUTES","MXSPD","GUST","MAX","MAX_ATTRIBUTES","MIN","MIN_ATTRIBUTES","PRCP","PRCP_ATTRIBUTES","SNDP","FRSHTT"
"59209099999","2019-01-01","23.3","105.95","794.0","NAPO, CH","  40.8"," 7","  36.7"," 7","1031.6"," 7","999.9"," 0"," 11.5"," 7","  6.7"," 7","  7.8","999.9","  42.8"," ","  38.8"," "," 0.00","I","999.9","000000"
"59209099999","2019-01-02","23.3","105.95","794.0","NAPO, CH","  43.4"," 7","  39.6"," 7","1029.5"," 7","999.9"," 0","  8.9"," 7","  4.7"," 7","  9.7","999.9","  46.0"," ","  39.6"," ","99.99"," ","999.9","010000"
"59209099999","2019-01-03","23.3","105.95","794.0","NAPO, CH","  49.7"," 7","  47.4"," 7","1024.9"," 7","999.9"," 0","  7.2"," 7","  3.2"," 6","  5.8","999.9","  54.1"," ","  43.0"," "," 0.02","G","999.9","010000"
"59209099999","2019-01-04","23.3","105.95","794.0","NAPO, CH","  56.9"," 7","  52.6"," 7","1022.2"," 7","999.9"," 0"," 12.8"," 7","  5.0"," 7","  9.7","999.9","  65.3"," ","  49.6"," "," 0.00","G","999.9","000000"
"59209099999","2019-01-05","23.3","105.95","794.0","NAPO, CH","  60.5"," 7","  55.5"," 7","1020.6"," 7","999.9"," 0"," 11.4"," 7","  4.4"," 7","  7.8","999.9","  70.9"," ","  54.1"," "," 0.00","G","999.9","010000"
"59209099999","2019-01-06","23.3","105.95","794.0","NAPO, CH","  56.7"," 7","  54.4"," 7","1019.7"," 7","999.9"," 0"," 14.8"," 7","  6.1"," 7","  9.7","999.9","  59.7"," ","  54.7","*"," 0.00","G","999.9","000000"
"59209099999","2019-01-07","23.3","105.95","794.0","NAPO, CH","  58.7"," 7","  56.3"," 7","1019.5"," 7","999.9"," 0"," 11.7"," 7","  2.8"," 7","  3.9","999.9","  61.7"," ","  53.8","*"," 0.43","G","999.9","010000"
"59209099999","2019-01-08","23.3","105.95","794.0","NAPO, CH","  49.2"," 7","  47.8"," 7","1022.3"," 7","999.9"," 0","  8.1"," 7","  3.9"," 7","  7.8","999.9","  57.0"," ","  47.3","*"," 0.68","G","999.9","010000"
"59209099999","2019-01-09","23.3","105.95","794.0","NAPO, CH","  51.3"," 7","  49.4"," 7","1021.8"," 7","999.9"," 0","  9.3"," 7","  3.1"," 7","  3.9","999.9","  54.1"," ","  46.8"," "," 0.39","G","999.9","010000"
"59209099999","2019-01-10","23.3","105.95","794.0","NAPO, CH","  56.7"," 7","  54.2"," 7","1018.6"," 7","999.9"," 0"," 14.4"," 7","  3.6"," 7","  9.7","999.9","  61.2"," ","  51.3"," "," 0.00","G","999.9","010000"
"59209099999","2019-01-11","23.3","105.95","794.0","NAPO, CH","  61.4"," 7","  57.0"," 7","1017.5"," 7","999.9"," 0"," 16.3"," 7","  4.7"," 7","  7.8","999.9","  66.4"," ","  56.1"," "," 0.00","A","999.9","010000"
"59209099999","2019-01-12","23.3","105.95","794.0","NAPO, CH","  59.0"," 7","  55.5"," 7","1017.1"," 7","999.9"," 0"," 14.4"," 7","  9.4"," 7"," 17.5","999.9","  64.8"," ","  53.8","*"," 0.00","G","999.9","010000"
"59209099999","2019-01-13","23.3","105.95","794.0","NAPO, CH","  59.8"," 7","  56.0"," 7","1016.6"," 7","999.9"," 0","  9.1"," 7","  6.1"," 7"," 11.7","999.9","  67.6"," ","  50.9"," "," 0.00","I","999.9","100000"
"59209099999","2019-01-14","23.3","105.95","794.0","NAPO, CH","  61.7"," 7","  56.9"," 7","1015.7"," 7","999.9"," 0","  9.1"," 7","  8.3"," 7"," 13.6","999.9","  67.5"," ","  55.8","*","99.99"," ","999.9","010000"
"59209099999","2019-01-15","23.3","105.95","794.0","NAPO, CH","  48.6"," 7","  46.0"," 7","1022.5"," 7","999.9"," 0","  6.8"," 7","  5.0"," 7","  5.8","999.9","  59.5"," ","  45.0","*"," 0.17","G","999.9","010000"
"59209099999","2019-01-16","23.3","105.95","794.0","NAPO, CH","  45.6"," 7","  42.4"," 7","1025.4"," 7","999.9"," 0"," 13.0"," 7","  4.2"," 7","  5.8","999.9","  48.7"," ","  43.9"," "," 0.30","G","999.9","010000"
"59209099999","2019-01-17","23.3","105.95","794.0","NAPO, CH","  49.0"," 7","  44.9"," 7","1024.0"," 7","999.9"," 0"," 14.4"," 6","  3.9"," 7","  5.8","999.9","  53.1"," ","  44.8"," "," 0.15","G","999.9","010000"
"59209099999","2019-01-18","23.3","105.95","794.0","NAPO, CH","  51.4"," 7","  48.7"," 7","1020.2"," 7","999.9"," 0"," 14.0"," 7","  8.9"," 7"," 11.7","999.9","  53.8","*","  47.8"," "," 0.01","G","999.9","010000"
"59209099999","2019-01-19","23.3","105.95","794.0","NAPO, CH","  58.7"," 7","  52.8"," 7","1017.4"," 7","999.9"," 0"," 17.9"," 7","  6.4"," 7"," 11.7","999.9","  65.3"," ","  50.9"," "," 0.00","G","999.9","000000"
"59209099999","2019-01-20","23.3","105.95","794.0","NAPO, CH","  54.1"," 7","  50.2"," 7","1021.6"," 7","999.9"," 0"," 11.5"," 7","  6.2"," 6","  7.8","999.9","  62.6"," ","  47.3","*"," 0.26","G","999.9","010000"
"59209099999","2019-01-21","23.3","105.95","794.0","NAPO, CH","  47.7"," 7","  40.6"," 7","1027.0"," 7","999.9"," 0"," 16.4"," 7","  6.4"," 7"," 11.7","999.9","  51.6"," ","  45.3"," "," 0.15","G","999.9","010000"
"59209099999","2019-01-22","23.3","105.95","794.0","NAPO, CH","  50.5"," 7","  42.7"," 7","1023.9"," 7","999.9"," 0","  7.7"," 7","  3.3"," 7","  5.8","999.9","  55.4"," ","  45.0"," "," 0.00","G","999.9","000000"
"59209099999","2019-01-23","23.3","105.95","794.0","NAPO, CH","  49.7"," 7","  45.6"," 7","1020.7"," 7","999.9"," 0","  4.3"," 5","  6.7"," 7","  9.7","999.9","  50.9"," ","  48.6"," "," 0.00","I","999.9","000000"
"59209099999","2019-01-24","23.3","105.95","794.0","NAPO, CH","  53.7"," 7","  49.1"," 7","1018.1"," 7","999.9"," 0","  6.7"," 7","  8.3"," 7"," 15.5","999.9","  55.9"," ","  48.9"," "," 0.00","I","999.9","000000"
"59209099999","2019-01-25","23.3","105.95","794.0","NAPO, CH","  56.2"," 7","  48.3"," 7","1022.7"," 7","999.9"," 0","  8.8"," 6","  2.9"," 6","  5.8","999.9","  68.2"," ","  50.5","*","99.99"," ","999.9","010000"
"59209099999","2019-01-26","23.3","105.95","794.0","NAPO, CH","  56.7"," 7","  51.7"," 7","1023.0"," 7","999.9"," 0","  2.9"," 6","  7.2"," 7"," 13.6","999.9","  60.6"," ","  49.8"," "," 0.00","I","999.9","000000"
"59209099999","2019-01-27","23.3","105.95","794.0","NAPO, CH","  58.3"," 7","  50.6"," 7","1019.4"," 7","999.9"," 0","  4.2"," 7","  7.8"," 7"," 13.6","999.9","  63.9"," ","  54.0","*"," 0.00","I","999.9","000000"
"59209099999","2019-01-28","23.3","105.95","794.0","NAPO, CH","  59.9"," 7","  52.9"," 7","1017.8"," 7","999.9"," 0","  4.7"," 6","  8.3"," 7"," 13.6","999.9","  66.7"," ","  52.5"," "," 0.00","I","999.9","000000"
"59209099999","2019-01-29","23.3","105.95","794.0","NAPO, CH","  61.0"," 7","  55.4"," 7","1017.5"," 7","999.9"," 0","  5.3"," 7","  9.4"," 7"," 13.6","999.9","  66.0"," ","  57.2"," ","99.99"," ","999.9","010000"
"59209099999","2019-01-30","23.3","105.95","794.0","NAPO, CH","  62.0"," 7","  57.8"," 7","1016.6"," 7","999.9"," 0","  9.7"," 7","  7.8"," 7"," 11.7","999.9","  64.8"," ","  59.7"," "," 0.01","G","999.9","010000"
"59209099999","2019-01-31","23.3","105.95","794.0","NAPO, CH","  64.9"," 7","  55.0"," 7","1019.1"," 7","999.9"," 0"," 10.2"," 7","  5.5"," 7","  9.7","999.9","  76.8"," ","  56.8"," "," 0.00","I","999.9","000000"
"59209099999","2019-02-01","23.3","105.95","794.0","NAPO, CH","  59.1"," 7","  55.3"," 7","1017.7"," 7","999.9"," 0","  6.1"," 7"," 10.0"," 7"," 13.6","999.9","  61.3"," ","  58.1","*","99.99"," ","999.9","010000"
"59209099999","2019-02-02","23.3","105.95","794.0","NAPO, CH","  63.8"," 7","  54.9"," 7","1013.3"," 7","999.9"," 0","  9.1"," 7","  7.8"," 7"," 13.6","999.9","  69.4"," ","  57.6"," "," 0.00","I","999.9","000000"
"59209099999","2019-02-03","23.3","105.95","794.0","NAPO, CH","  66.7"," 7","  58.3"," 7","1014.7"," 7","999.9"," 0","  7.0"," 7","  6.7"," 7"," 11.7","999.9","  74.8"," ","  59.9"," "," 0.00","I","999.9","000000"
"59209099999","2019-02-04","23.3","105.95","794.0","NAPO, CH","  66.4"," 7","  57.0"," 7","1014.6"," 7","999.9"," 0","  7.7"," 6","  6.4"," 7","  9.7","999.9","  74.5"," ","  58.8"," "," 0.00","I","999.9","000000"
"59209099999","2019-02-05","23.3","105.95","794.0","NAPO, CH","  67.1"," 7","  57.0"," 7","1012.9"," 7","999.9"," 0"," 10.5"," 7","  5.8"," 6"," 13.6","999.9","  76.1"," ","  58.1","*"," 0.00","I","999.9","000000"
"59209099999","2019-02-06","23.3","105.95","794.0","NAPO, CH","  67.5"," 7","  54.6"," 7","1009.4"," 7","999.9"," 0"," 13.8"," 7","  8.0"," 7"," 11.7","999.9","  76.1"," ","  57.9"," "," 0.00","I","999.9","000000"
"59209099999","2019-02-07","23.3","105.95","794.0","NAPO, CH","  67.9"," 7","  52.8"," 7","1009.7"," 7","999.9"," 0"," 14.8"," 7","  4.7"," 7"," 11.7","999.9","  80.2"," ","  56.3","*"," 0.00","I","999.9","000000"
"59209099999","2019-02-08","23.3","105.95","794.0","NAPO, CH","  67.6"," 7","  55.9"," 7","1009.1"," 7","999.9"," 0"," 11.4"," 7","  8.1"," 6"," 15.5","999.9","  79.3"," ","  55.6","*"," 0.00","I","999.9","000000"
"59209099999","2019-02-09","23.3","105.95","794.0","NAPO, CH","  66.8"," 7","  59.4"," 7","1013.2"," 7","999.9"," 0","  6.4"," 7","  8.6"," 7"," 15.5","999.9","  75.0"," ","  53.6"," "," 0.00","I","999.9","000000"
"59209099999","2019-02-10","23.3","105.95","794.0","NAPO, CH","  68.0"," 7","  59.3"," 7","1016.8"," 7","999.9"," 0","  9.5"," 7","  7.2"," 7"," 11.7","999.9","  75.4"," ","  60.3","*"," 0.00","I","999.9","000000"
"59209099999","2019-02-11","23.3","105.95","794.0","NAPO, CH","  54.2"," 7","  52.0"," 7","1022.1"," 7","999.9"," 0","  7.0"," 5","  6.1"," 7"," 11.7","999.9","  66.0"," ","  50.9"," "," 0.00","B","999.9","010000"
"59209099999","2019-02-12","23.3","105.95","794.0","NAPO, CH","  58.6"," 7","  56.7"," 7","1021.3"," 7","999.9"," 0","  9.0"," 6","  5.5"," 7","  7.8","999.9","  60.8"," ","  52.0"," "," 0.01","G","999.9","010000"
"59209099999","2019-02-13","23.3","105.95","794.0","NAPO, CH","  64.2"," 7","  59.9"," 7","1017.3"," 7","999.9"," 0"," 11.8"," 7","  9.4"," 7"," 11.7","999.9","  70.2"," ","  57.7"," "," 0.00","A","999.9","000000"
"59209099999","2019-02-14","23.3","105.95","794.0","NAPO, CH","  65.5"," 7","  60.1"," 7","1015.4"," 7","999.9"," 0","  9.4"," 7"," 11.4"," 7"," 15.5","999.9","  71.2"," ","  62.6"," "," 0.00","G","999.9","000000"
"59209099999","2019-02-15","23.3","105.95","794.0","NAPO, CH","  66.3"," 7","  59.3"," 7","1014.9"," 7","999.9"," 0"," 13.2"," 7","  8.3"," 7"," 11.7","999.9","  71.1"," ","  62.4"," "," 0.00","G","999.9","010000"
"59209099999","2019-02-16","23.3","105.95","794.0","NAPO, CH","  67.1"," 7","  60.6"," 7","1012.3"," 7","999.9"," 0"," 11.4"," 7","  8.3"," 7"," 13.6","999.9","  73.6"," ","  59.0","*"," 0.00","I","999.9","000000"
"59209099999","2019-02-17","23.3","105.95","794.0","NAPO, CH","  55.5"," 7","  53.4"," 7","1012.0"," 7","999.9"," 0"," 12.3"," 7","  6.4"," 7"," 13.6","999.9","  66.2"," ","  52.9"," "," 1.21","G","999.9","010000"
"59209099999","2019-02-18","23.3","105.95","794.0","NAPO, CH","  61.4"," 7","  53.8"," 7","1010.2"," 7","999.9"," 0"," 15.2"," 7","  5.0"," 7"," 11.7","999.9","  73.6"," ","  52.7","*"," 0.00","G","999.9","000000"
"59209099999","2019-02-19","23.3","105.95","794.0","NAPO, CH","  64.9"," 7","  58.4"," 7","1012.8"," 7","999.9"," 0","  6.7"," 7","  5.5"," 7"," 11.7","999.9","  75.2"," ","  52.0"," "," 0.00","I","999.9","000000"
"59209099999","2019-02-20","23.3","105.95","794.0","NAPO, CH","  70.2"," 7","  60.4"," 7","1013.0"," 7","999.9"," 0","  6.9"," 7","  5.5"," 7"," 11.7","999.9","  78.1"," ","  61.0"," "," 0.00","I","999.9","000000"
"59209099999","2019-02-21","23.3","105.95","794.0","NAPO, CH","  60.5"," 7","  55.3"," 7","1016.2"," 7","999.9"," 0","  9.4"," 7","  6.1"," 7","  9.7","999.9","  75.2"," ","  52.7","*"," 0.00","I","999.9","000000"
"59209099999","2019-02-22","23.3","105.95","794.0","NAPO, CH","  54.9"," 7","  51.4"," 7","1016.1"," 7","999.9"," 0","  9.4"," 7","  4.7"," 7","  7.8","999.9","  58.3"," ","  50.7"," "," 0.00","G","999.9","010000"
"59209099999","2019-02-23","23.3","105.95","794.0","NAPO, CH","  49.3"," 7","  45.7"," 7","1018.2"," 7","999.9"," 0"," 14.0"," 7","  6.1"," 7","  7.8","999.9","  55.6"," ","  46.8","*"," 0.08","G","999.9","010000"
"59209099999","2019-02-24","23.3","105.95","794.0","NAPO, CH","  49.6"," 7","  45.6"," 7","1018.3"," 7","999.9"," 0"," 10.0"," 7","  3.9"," 7","  7.8","999.9","  53.1"," ","  46.2"," "," 0.01","G","999.9","010000"
"59209099999","2019-02-25","23.3","105.95","794.0","NAPO, CH","  52.2"," 7","  49.2"," 7","1017.5"," 7","999.9"," 0"," 13.8"," 7","  5.8"," 7","  9.7","999.9","  55.4"," ","  48.2"," "," 0.01","E","999.9","000000"
"59209099999","2019-02-26","23.3","105.95","794.0","NAPO, CH","  57.5"," 7","  54.2"," 7","1014.6"," 7","999.9"," 0"," 14.5"," 7","  7.8"," 6"," 11.7","999.9","  60.3"," ","  51.6"," "," 0.01","G","999.9","010000"
"59209099999","2019-02-27","23.3","105.95","794.0","NAPO, CH","  64.0"," 7","  58.4"," 7","1012.0"," 7","999.9"," 0"," 13.8"," 7","  6.9"," 7"," 15.5","999.9","  72.3"," ","  57.0"," "," 0.01","E","999.9","000000"
"59209099999","2019-02-28","23.3","105.95","794.0","NAPO, CH","  66.2"," 7","  60.0"," 7","1011.6"," 7","999.9"," 0","  6.2"," 7","  8.0"," 7"," 11.7","999.9","  72.9"," ","  57.2"," "," 0.00","I","999.9","000000"
"59209099999","2019-03-01","23.3","105.95","794.0","NAPO, CH","  67.3"," 7","  61.3"," 7","1010.7"," 7","999.9"," 0","  8.9"," 7"," 10.5"," 7"," 13.6","999.9","  70.9"," ","  64.2"," "," 0.00","I","999.9","000000"
"59209099999","2019-03-02","23.3","105.95","794.0","NAPO, CH","  68.5"," 7","  59.8"," 7","1007.7"," 7","999.9"," 0","  9.2"," 7","  6.1"," 7"," 11.7","999.9","  77.0"," ","  61.2","*"," 0.00","I","999.9","000000"
"59209099999","2019-03-03","23.3","105.95","794.0","NAPO, CH","  67.4"," 7","  58.0"," 7","1009.3"," 7","999.9"," 0","  7.4"," 7","  6.9"," 7"," 11.7","999.9","  78.6"," ","  60.3"," "," 0.00","I","999.9","000000"
"59209099999","2019-03-04","23.3","105.95","794.0","NAPO, CH","  64.5"," 7","  61.1"," 7","1007.4"," 7","999.9"," 0","  6.7"," 7"," 11.7"," 7"," 19.4","999.9","  66.7"," ","  61.7"," "," 0.00","G","999.9","000000"
"59209099999","2019-03-05","23.3","105.95","794.0","NAPO, CH","  68.5"," 7","  59.6"," 7","1008.4"," 7","999.9"," 0"," 10.4"," 7","  6.9"," 7"," 11.7","999.9","  80.4"," ","  57.2","*"," 0.34","G","999.9","010000"
"59209099999","2019-03-06","23.3","105.95","794.0","NAPO, CH","  54.5"," 7","  51.7"," 7","1015.8"," 7","999.9"," 0","  4.6"," 7","  4.4"," 7","  7.8","999.9","  57.6"," ","  53.4","*"," 0.69","G","999.9","010000"
"59209099999","2019-03-07","23.3","105.95","794.0","NAPO, CH","  56.2"," 7","  53.6"," 7","1015.5"," 7","999.9"," 0","  8.5"," 7","  4.4"," 7","  7.8","999.9","  60.4"," ","  53.2"," "," 0.54","G","999.9","010000"
"59209099999","2019-03-08","23.3","105.95","794.0","NAPO, CH","  57.6"," 7","  55.0"," 7","1013.1"," 7","999.9"," 0"," 14.6"," 7","  6.4"," 7"," 11.7","999.9","  61.2"," ","  54.1"," "," 0.00","G","999.9","010000"
"59209099999","2019-03-09","23.3","105.95","794.0","NAPO, CH","  55.3"," 7","  52.1"," 7","1014.0"," 7","999.9"," 0"," 14.9"," 7","  5.0"," 7","  5.8","999.9","  59.2"," ","  50.9","*"," 0.14","G","999.9","010000"
"59209099999","2019-03-10","23.3","105.95","794.0","NAPO, CH","  56.4"," 7","  51.1"," 7","1016.2"," 7","999.9"," 0"," 10.9"," 7","  3.6"," 7","  5.8","999.9","  64.8"," ","  50.7"," "," 0.03","G","999.9","000000"
"59209099999","2019-03-11","23.3","105.95","794.0","NAPO, CH","  59.0"," 7","  53.1"," 7","1016.2"," 7","999.9"," 0","  7.5"," 6","  2.5"," 7","  5.8","999.9","  70.0"," ","  52.2","*"," 0.00","G","999.9","000000"
"59209099999","2019-03-12","23.3","105.95","794.0","NAPO, CH","  61.2"," 7","  53.2"," 7","1014.9"," 7","999.9"," 0","  8.0"," 6","  7.2"," 7"," 11.7","999.9","  67.5"," ","  52.2"," "," 0.00","I","999.9","000000"
"59209099999","2019-03-13","23.3","105.95","794.0","NAPO, CH","  64.5"," 6","  57.0"," 6","1015.0"," 6","999.9"," 0","  3.6"," 5","  7.4"," 5"," 11.7","999.9","  71.2"," ","  57.6"," "," 0.00","I","999.9","000000"
"59209099999","2019-03-14","23.3","105.95","794.0","NAPO, CH","  59.5"," 6","  54.9"," 6","1020.3"," 6","999.9"," 0","  9.3"," 5","  5.8"," 6","  9.7","999.9","  67.3"," ","  56.1","*","99.99"," ","999.9","010000"
"59209099999","2019-03-15","23.3","105.95","794.0","NAPO, CH","  55.7"," 7","  52.0"," 7","1021.9"," 7","999.9"," 0","  8.2"," 7","  4.2"," 7","  7.8","999.9","  58.1"," ","  53.8","*"," 0.00","B","999.9","010000"
"59209099999","2019-03-16","23.3","105.95","794.0","NAPO, CH","  55.8"," 5","  53.8"," 5","1019.0"," 5","999.9"," 0","  8.7"," 5","  3.1"," 5","  3.9","999.9","  58.8"," ","  53.6","*"," 0.03","G","999.9","010000"
"59209099999","2019-03-17","23.3","105.95","794.0","NAPO, CH","  56.5"," 7","  54.6"," 7","1018.3"," 7","999.9"," 0","  9.3"," 6","  4.4"," 7","  7.8","999.9","  60.6"," ","  53.4"," "," 0.03","G","999.9","010000"
"59209099999","2019-03-18","23.3","105.95","794.0","NAPO, CH","  60.0"," 7","  56.4"," 7","1015.5"," 7","999.9"," 0"," 14.4"," 7","  3.1"," 7","  3.9","999.9","  63.1"," ","  54.1"," "," 0.02","G","999.9","010000"
"59209099999","2019-03-19","23.3","105.95","794.0","NAPO, CH","  64.2"," 7","  59.8"," 7","1010.8"," 7","999.9"," 0"," 10.3"," 7","  5.0"," 7"," 11.7","999.9","  70.5"," ","  59.0"," "," 0.43","G","999.9","010000"
"59209099999","2019-03-20","23.3","105.95","794.0","NAPO, CH","  72.1"," 7","  62.0"," 7","1007.6"," 7","999.9"," 0","  7.9"," 7","  6.1"," 7"," 11.7","999.9","  81.0"," ","  62.1"," "," 0.00","I","999.9","000000"
"59209099999","2019-03-21","23.3","105.95","794.0","NAPO, CH","  72.9"," 7","  60.0"," 7","1006.5"," 7","999.9"," 0","  8.2"," 6","  6.1"," 7"," 11.7","999.9","  84.0"," ","  62.1","*"," 0.00","I","999.9","000000"
"59209099999","2019-03-22","23.3","105.95","794.0","NAPO, CH","  72.6"," 7","  62.7"," 7","1009.0"," 7","999.9"," 0","  5.2"," 7","  7.4"," 6"," 11.7","999.9","  83.8"," ","  60.6"," "," 0.00","I","999.9","000000"
"59209099999","2019-03-23","23.3","105.95","794.0","NAPO, CH","  56.8"," 7","  50.7"," 7","1018.6"," 7","999.9"," 0"," 12.8"," 7","  6.1"," 7","  7.8","999.9","  69.3"," ","  54.0","*"," 0.00","B","999.9","010000"
"59209099999","2019-03-24","23.3","105.95","794.0","NAPO, CH","  54.8"," 7","  50.7"," 7","1017.6"," 7","999.9"," 0","  9.3"," 7","  4.7"," 7","  9.7","999.9","  58.5"," ","  50.9","*"," 0.02","G","999.9","000000"
"59209099999","2019-03-25","23.3","105.95","794.0","NAPO, CH","  57.3"," 7","  52.9"," 7","1017.3"," 7","999.9"," 0"," 14.6"," 7","  4.2"," 7","  7.8","999.9","  62.2"," ","  50.7"," "," 0.00","A","999.9","000000"
"59209099999","2019-03-26","23.3","105.95","794.0","NAPO, CH","  62.0"," 7","  58.6"," 7","1015.7"," 7","999.9"," 0"," 10.8"," 7","  7.8"," 7"," 13.6","999.9","  64.8"," ","  56.3"," ","99.99"," ","999.9","010000"
"59209099999","2019-03-27","23.3","105.95","794.0","NAPO, CH","  65.6"," 7","  62.2"," 7","1013.0"," 7","999.9"," 0","  8.8"," 7","  6.9"," 7"," 11.7","999.9","  67.5"," ","  61.5"," "," 0.00","I","999.9","000000"
"59209099999","2019-03-28","23.3","105.95","794.0","NAPO, CH","  69.6"," 7","  63.0"," 7","1009.3"," 7","999.9"," 0","  8.0"," 6","  5.0"," 7","  9.7","999.9","  78.8"," ","  60.8","*"," 0.21","G","999.9","000000"
"59209099999","2019-03-29","23.3","105.95","794.0","NAPO, CH","  70.0"," 7","  59.2"," 7","1009.1"," 7","999.9"," 0","  9.9"," 7","  5.8"," 7"," 11.7","999.9","  82.2"," ","  58.8"," "," 0.01","A","999.9","000000"
"59209099999","2019-03-30","23.3","105.95","794.0","NAPO, CH","  72.3"," 7","  63.6"," 7","1009.4"," 7","999.9"," 0","  6.3"," 6","  7.2"," 7"," 11.7","999.9","  79.5"," ","  62.6"," "," 0.00","I","999.9","000000"
"59209099999","2019-03-31","23.3","105.95","794.0","NAPO, CH","  70.8"," 7","  63.9"," 7","1013.1"," 7","999.9"," 0","  4.6"," 6","  8.6"," 7"," 13.6","999.9","  78.4"," ","  60.8","*"," 0.17","G","999.9","010000"
"59209099999","2019-04-01","23.3","105.95","794.0","NAPO, CH","  61.5"," 7","  57.7"," 7","1017.4"," 7","999.9"," 0"," 11.4"," 6","  5.0"," 7","  7.8","999.9","  64.8"," ","  59.0"," "," 0.09","G","999.9","010000"
"59209099999","2019-04-02","23.3","105.95","794.0","NAPO, CH","  64.6"," 7","  61.3"," 7","1014.0"," 7","999.9"," 0"," 13.2"," 7","  9.4"," 7"," 15.5","999.9","  66.4"," ","  60.6"," "," 0.01","G","999.9","010000"
"59209099999","2019-04-03","23.3","105.95","794.0","NAPO, CH","  63.8"," 7","  61.2"," 7","1015.8"," 7","999.9"," 0","  6.9"," 7","  4.7"," 7","  7.8","999.9","  69.6"," ","  60.1","*"," 0.19","G","999.9","010000"
"59209099999","2019-04-04","23.3","105.95","794.0","NAPO, CH","  65.3"," 7","  60.6"," 7","1015.0"," 7","999.9"," 0"," 16.5"," 7","  5.3"," 7","  7.8","999.9","  73.6"," ","  59.4","*"," 0.01","A","999.9","000000"
"59209099999","2019-04-05","23.3","105.95","794.0","NAPO, CH","  62.0"," 7","  57.7"," 7","1016.5"," 7","999.9"," 0","  9.3"," 7","  3.6"," 7","  5.8","999.9","  65.7"," ","  58.1"," "," 0.64","G","999.9","010000"
"59209099999","2019-04-06","23.3","105.95","794.0","NAPO, CH","  67.8"," 7","  62.7"," 7","1012.0"," 7","999.9"," 0"," 11.0"," 6","  4.7"," 7"," 11.7","999.9","  75.7"," ","  60.4"," "," 0.14","G","999.9","010000"
"59209099999","2019-04-07","23.3","105.95","794.0","NAPO, CH","  72.8"," 7","  64.7"," 7","1009.9"," 7","999.9"," 0","  5.5"," 7","  6.4"," 7"," 11.7","999.9","  80.1"," ","  61.0"," "," 0.00","G","999.9","000000"
"59209099999","2019-04-08","23.3","105.95","794.0","NAPO, CH","  73.2"," 7","  62.3"," 7","1006.5"," 7","999.9"," 0"," 10.4"," 7","  8.0"," 7"," 15.5","999.9","  82.6"," ","  63.7"," "," 0.22","G","999.9","010000"
"59209099999","2019-04-09","23.3","105.95","794.0","NAPO, CH","  76.4"," 7","  65.5"," 7","1007.2"," 7","999.9"," 0","  7.3"," 7","  5.8"," 7"," 11.7","999.9","  85.8"," ","  66.7"," "," 0.08","G","999.9","000000"
"59209099999","2019-04-10","23.3","105.95","794.0","NAPO, CH","  75.1"," 7","  68.1"," 7","1006.9"," 7","999.9"," 0","  4.3"," 7","  7.5"," 7"," 11.7","999.9","  82.8"," ","  68.0"," "," 0.00","G","999.9","000000"
"59209099999","2019-04-11","23.3","105.95","794.0","NAPO, CH","  73.0"," 7","  66.1"," 7","1007.0"," 7","999.9"," 0","  6.4"," 7","  5.5"," 7"," 11.7","999.9","  83.1"," ","  62.1","*"," 0.05","G","999.9","000000"
"59209099999","2019-04-12","23.3","105.95","794.0","NAPO, CH","  70.3"," 7","  65.7"," 7","1008.7"," 7","999.9"," 0","  7.6"," 7","  7.8"," 7"," 11.7","999.9","  75.4"," ","  61.5"," "," 0.00","G","999.9","000000"
"59209099999","2019-04-13","23.3","105.95","794.0","NAPO, CH","  75.0"," 7","  68.1"," 7","1008.5"," 7","999.9"," 0","  5.4"," 7","  8.6"," 7"," 11.7","999.9","  83.5"," ","  69.1"," "," 0.00","G","999.9","000000"
"59209099999","2019-04-14","23.3","105.95","794.0","NAPO, CH","  70.9"," 7","  65.8"," 7","1011.5"," 7","999.9"," 0"," 11.4"," 6","  4.4"," 7","  9.7","999.9","  83.5"," ","  63.5","*"," 0.77","G","999.9","010000"
"59209099999","2019-04-15","23.3","105.95","794.0","NAPO, CH","  65.2"," 7","  61.9"," 7","1012.6"," 7","999.9"," 0"," 14.3"," 7","  5.5"," 7"," 11.7","999.9","  69.8"," ","  61.2","*"," 0.25","G","999.9","010000"
"59209099999","2019-04-16","23.3","105.95","794.0","NAPO, CH","  64.9"," 7","  60.1"," 7","1013.9"," 7","999.9"," 0"," 17.7"," 7","  4.7"," 7","  7.8","999.9","  68.4"," ","  61.2"," "," 0.14","G","999.9","000000"
"59209099999","2019-04-17","23.3","105.95","794.0","NAPO, CH","  68.4"," 7","  65.0"," 7","1008.4"," 7","999.9"," 0"," 12.9"," 7","  9.4"," 7"," 13.6","999.9","  70.2"," ","  62.4"," "," 0.00","G","999.9","000000"
"59209099999","2019-04-18","23.3","105.95","794.0","NAPO, CH","  77.1"," 7","  67.0"," 7","1002.2"," 7","999.9"," 0"," 12.2"," 6","  6.9"," 7"," 13.6","999.9","  85.1"," ","  67.3"," "," 0.00","I","999.9","000000"
"59209099999","2019-04-19","23.3","105.95","794.0","NAPO, CH","  77.7"," 7","  64.4"," 7","1000.4"," 7","999.9"," 0","  8.1"," 7","  3.9"," 7","  7.8","999.9","  90.1"," ","  65.7","*"," 0.00","I","999.9","000000"
"59209099999","2019-04-20","23.3","105.95","794.0","NAPO, CH","  77.3"," 7","  64.3"," 7","1000.9"," 7","999.9"," 0","  6.5"," 7","  4.2"," 6","  9.7","999.9","  91.8"," ","  64.8"," "," 0.00","I","999.9","000000"
"59209099999","2019-04-21","23.3","105.95","794.0","NAPO, CH","  79.5"," 7","  68.7"," 7","1003.4"," 7","999.9"," 0","  4.6"," 7","  7.2"," 7"," 13.6","999.9","  89.2"," ","  65.1"," "," 0.00","I","999.9","000000"
"59209099999","2019-04-22","23.3","105.95","794.0","NAPO, CH","  80.6"," 7","  69.7"," 7","1003.7"," 7","999.9"," 0","  5.5"," 6","  5.6"," 7","  9.7","999.9","  89.2"," ","  72.7"," "," 0.00","I","999.9","000000"
"59209099999","2019-04-23","23.3","105.95","794.0","NAPO, CH","  76.5"," 7","  68.4"," 7","1006.2"," 7","999.9"," 0","  6.6"," 7","  7.2"," 7"," 11.7","999.9","  82.6"," ","  71.8"," "," 0.00","I","999.9","000000"
"59209099999","2019-04-24","23.3","105.95","794.0","NAPO, CH","  78.9"," 7","  62.4"," 7","1004.6"," 7","999.9"," 0"," 13.2"," 7","  5.0"," 7","  9.7","999.9","  90.3"," ","  67.5","*"," 0.00","I","999.9","000000"
"59209099999","2019-04-25","23.3","105.95","794.0","NAPO, CH","  76.1"," 7","  66.7"," 7","1006.6"," 7","999.9"," 0","  7.1"," 7","  4.4"," 7","  7.8","999.9","  89.4"," ","  62.1","*"," 0.27","G","999.9","010000"
"59209099999","2019-04-26","23.3","105.95","794.0","NAPO, CH","  71.2"," 7","  65.2"," 7","1007.6"," 7","999.9"," 0","  9.3"," 7","  6.5"," 6"," 15.5","999.9","  82.0"," ","  61.5"," "," 0.04","G","999.9","000000"
"59209099999","2019-04-27","23.3","105.95","794.0","NAPO, CH","  75.8"," 7","  67.1"," 7","1006.8"," 7","999.9"," 0"," 12.8"," 7","  9.7"," 7"," 13.6","999.9","  81.7"," ","  64.0"," "," 0.04","G","999.9","000000"
"59209099999","2019-04-28","23.3","105.95","794.0","NAPO, CH","  74.1"," 7","  66.4"," 7","1007.0"," 7","999.9"," 0"," 12.0"," 7","  7.2"," 7"," 13.6","999.9","  82.0"," ","  66.4","*"," 0.19","G","999.9","000000"
"59209099999","2019-04-29","23.3","105.95","794.0","NAPO, CH","  74.2"," 7","  67.4"," 7","1006.8"," 7","999.9"," 0"," 11.8"," 6","  5.0"," 7","  9.7","999.9","  80.8"," ","  64.9"," "," 0.20","E","999.9","000000"
"59209099999","2019-04-30","23.3","105.95","794.0","NAPO, CH","  68.2"," 7","  63.0"," 7","1009.9"," 7","999.9"," 0"," 12.4"," 7","  3.6"," 7","  7.8","999.9","  77.7"," ","  62.6","*"," 0.04","G","999.9","010000"
"59209099999","2019-05-01","23.3","105.95","794.0","NAPO, CH","  69.4"," 7","  61.0"," 7","1010.2"," 7","999.9"," 0"," 15.4"," 7","  3.1"," 7","  3.9","999.9","  76.3"," ","  61.3"," "," 0.01","E","999.9","000000"
"59209099999","2019-05-02","23.3","105.95","794.0","NAPO, CH","  67.1"," 7","  61.4"," 7","1011.9"," 7","999.9"," 0","  8.3"," 7","  5.0"," 7","  7.8","999.9","  74.7"," ","  63.0","*"," 0.04","G","999.9","010000"
"59209099999","2019-05-03","23.3","105.95","794.0","NAPO, CH","  64.7"," 7","  62.5"," 7","1012.6"," 7","999.9"," 0"," 10.7"," 7","  5.6"," 7","  9.7","999.9","  66.7"," ","  62.8"," "," 0.05","G","999.9","010000"
"59209099999","2019-05-04","23.3","105.95","794.0","NAPO, CH","  66.7"," 7","  64.5"," 7","1009.6"," 7","999.9"," 0"," 15.7"," 6","  3.6"," 7","  7.8","999.9","  69.4"," ","  63.5"," "," 0.03","G","999.9","000000"
"59209099999","2019-05-05","23.3","105.95","794.0","NAPO, CH","  71.7"," 7","  67.1"," 7","1005.7"," 7","999.9"," 0"," 15.0"," 7","  5.0"," 7","  9.7","999.9","  80.2"," ","  65.8"," "," 0.02","G","999.9","000000"
"59209099999","2019-05-06","23.3","105.95","794.0","NAPO, CH","  70.6"," 7","  67.5"," 7","1006.1"," 7","999.9"," 0"," 16.8"," 7","  3.3"," 7","  7.8","999.9","  75.0"," ","  66.7"," "," 0.00","G","999.9","000000"
"59209099999","2019-05-07","23.3","105.95","794.0","NAPO, CH","  69.5"," 7","  66.2"," 7","1005.9"," 7","999.9"," 0"," 16.3"," 7","  7.5"," 7"," 13.6","999.9","  74.1"," ","  67.3","*"," 0.05","G","999.9","010000"
"59209099999","2019-05-08","23.3","105.95","794.0","NAPO, CH","  64.7"," 7","  61.7"," 7","1009.0"," 7","999.9"," 0"," 13.5"," 7","  5.8"," 7","  9.7","999.9","  69.4"," ","  61.9","*"," 0.02","G","999.9","010000"
"59209099999","2019-05-09","23.3","105.95","794.0","NAPO, CH","  63.7"," 7","  60.1"," 7","1010.7"," 7","999.9"," 0"," 14.5"," 7","  3.3"," 7","  5.8","999.9","  68.7"," ","  61.3"," "," 0.00","G","999.9","010000"
"59209099999","2019-05-10","23.3","105.95","794.0","NAPO, CH","  66.8"," 7","  62.0"," 7","1011.3"," 7","999.9"," 0"," 10.7"," 7","  2.5"," 7","  3.9","999.9","  72.3"," ","  61.5"," "," 0.02","G","999.9","000000"
"59209099999","2019-05-11","23.3","105.95","794.0","NAPO, CH","  69.7"," 7","  66.7"," 7","1010.5"," 7","999.9"," 0"," 13.0"," 7","  3.9"," 7","  5.8","999.9","  72.3"," ","  65.1"," "," 0.00","G","999.9","010000"
"59209099999","2019-05-12","23.3","105.95","794.0","NAPO, CH","  74.5"," 7","  69.1"," 7","1007.5"," 7","999.9"," 0","  8.3"," 7","  7.5"," 7","  9.7","999.9","  79.9"," ","  69.3"," "," 0.00","G","999.9","000000"
"59209099999","2019-05-13","23.3","105.95","794.0","NAPO, CH","  73.7"," 7","  69.9"," 7","1007.1"," 7","999.9"," 0","  9.1"," 7","  7.8"," 7"," 11.7","999.9","  74.7"," ","  72.7"," "," 0.00","A","999.9","000000"
"59209099999","2019-05-14","23.3","105.95","794.0","NAPO, CH","  76.0"," 7","  69.4"," 7","1005.3"," 7","999.9"," 0"," 13.4"," 7"," 10.3"," 7"," 13.6","999.9","  80.2"," ","  72.5"," "," 0.00","G","999.9","000000"
"59209099999","2019-05-15","23.3","105.95","794.0","NAPO, CH","  78.1"," 7","  70.4"," 7","1004.3"," 7","999.9"," 0"," 12.5"," 7"," 10.3"," 7"," 13.6","999.9","  83.5"," ","  73.8"," "," 0.00","G","999.9","000000"
"59209099999","2019-05-16","23.3","105.95","794.0","NAPO, CH","  80.3"," 7","  71.1"," 7","1002.1"," 7","999.9"," 0"," 11.5"," 7","  6.4"," 7"," 13.6","999.9","  88.3"," ","  74.7","*"," 0.00","I","999.9","000000"
"59209099999","2019-05-17","23.3","105.95","794.0","NAPO, CH","  82.9"," 7","  70.6"," 7","1000.0"," 7","999.9"," 0","  9.7"," 7","  6.1"," 7"," 11.7","999.9","  91.4"," ","  73.6"," "," 0.00","I","999.9","000000"
"59209099999","2019-05-18","23.3","105.95","794.0","NAPO, CH","  83.3"," 7","  69.0"," 7"," 999.0"," 7","999.9"," 0"," 11.5"," 7","  8.0"," 7"," 15.5","999.9","  92.7"," ","  75.6"," "," 0.00","I","999.9","000000"
"59209099999","2019-05-19","23.3","105.95","794.0","NAPO, CH","  83.8"," 7","  70.9"," 7","1002.4"," 7","999.9"," 0"," 10.7"," 7","  5.3"," 7"," 11.7","999.9","  94.1"," ","  73.6"," "," 0.00","I","999.9","000000"
"59209099999","2019-05-20","23.3","105.95","794.0","NAPO, CH","  69.6"," 7","  65.3"," 7","1010.5"," 7","999.9"," 0"," 15.3"," 7","  5.8"," 7","  7.8","999.9","  76.1"," ","  64.6","*"," 0.01","G","999.9","010000"
"59209099999","2019-05-21","23.3","105.95","794.0","NAPO, CH","  65.7"," 7","  62.2"," 7","1012.3"," 7","999.9"," 0"," 17.1"," 7","  4.2"," 7","  5.8","999.9","  68.4"," ","  63.9","*"," 0.00","G","999.9","000000"
"59209099999","2019-05-22","23.3","105.95","794.0","NAPO, CH","  70.3"," 7","  62.5"," 7","1011.0"," 7","999.9"," 0"," 13.8"," 7","  2.2"," 7","  3.9","999.9","  81.3"," ","  63.1"," "," 0.09","G","999.9","000000"
"59209099999","2019-05-23","23.3","105.95","794.0","NAPO, CH","  75.7"," 7","  66.9"," 7","1008.3"," 7","999.9"," 0"," 15.8"," 7","  4.7"," 7","  7.8","999.9","  82.9"," ","  63.5"," ","99.99"," ","999.9","010000"
"59209099999","2019-05-24","23.3","105.95","794.0","NAPO, CH","  76.0"," 7","  69.3"," 7","1005.2"," 7","999.9"," 0","  8.0"," 7","  9.4"," 7"," 15.5","999.9","  80.8"," ","  72.1"," "," 0.11","G","999.9","010000"
"59209099999","2019-05-25","23.3","105.95","794.0","NAPO, CH","  77.3"," 7","  70.6"," 7","1002.1"," 7","999.9"," 0"," 13.3"," 7","  6.9"," 7"," 11.7","999.9","  82.6"," ","  72.0"," "," 0.04","G","999.9","010000"
"59209099999","2019-05-26","23.3","105.95","794.0","NAPO, CH","  77.7"," 7","  70.6"," 7","1002.5"," 7","999.9"," 0"," 12.5"," 7","  6.1"," 7","  9.7","999.9","  87.1"," ","  70.7","*"," 0.59","G","999.9","010000"
"59209099999","2019-05-27","23.3","105.95","794.0","NAPO, CH","  72.0"," 7","  69.0"," 7","1006.3"," 7","999.9"," 0"," 15.4"," 7","  2.2"," 7","  3.9","999.9","  77.2"," ","  69.3"," "," 0.76","G","999.9","010000"
"59209099999","2019-05-28","23.3","105.95","794.0","NAPO, CH","  71.3"," 7","  67.2"," 7","1008.0"," 7","999.9"," 0"," 11.5"," 7","  4.9"," 6","  7.8","999.9","  80.4"," ","  64.6","*"," 0.39","G","999.9","010000"
"59209099999","2019-05-29","23.3","105.95","794.0","NAPO, CH","  67.6"," 7","  64.3"," 7","1009.4"," 7","999.9"," 0"," 13.9"," 7","  3.6"," 7","  5.8","999.9","  70.9"," ","  64.0"," "," 0.32","G","999.9","010000"
"59209099999","2019-05-30","23.3","105.95","794.0","NAPO, CH","  69.4"," 7","  66.7"," 7","1009.1"," 7","999.9"," 0"," 13.2"," 6","  4.2"," 6","  5.8","999.9","  73.9"," ","  65.3","*"," 0.06","G","999.9","000000"
"59209099999","2019-05-31","23.3","105.95","794.0","NAPO, CH","  64.9"," 7","  62.7"," 7","1010.6"," 7","999.9"," 0","  7.8"," 4","  4.2"," 7","  5.8","999.9","  66.9"," ","  63.5","*"," 0.18","G","999.9","010000"
"59209099999","2019-06-01","23.3","105.95","794.0","NAPO, CH","  66.4"," 7","  62.9"," 7","1009.7"," 7","999.9"," 0","  9.4"," 7","  3.1"," 7","  5.8","999.9","  71.4"," ","  63.3"," "," 0.65","G","999.9","010000"
"59209099999","2019-06-02","23.3","105.95","794.0","NAPO, CH","  73.8"," 7","  64.4"," 7","1007.1"," 7","999.9"," 0"," 12.9"," 7","  3.3"," 7","  7.8","999.9","  84.4"," ","  63.7"," "," 0.50","G","999.9","000000"
"59209099999","2019-06-03","23.3","105.95","794.0","NAPO, CH","  76.9"," 7","  69.1"," 7","1005.7"," 7","999.9"," 0"," 12.4"," 7","  4.2"," 7","  9.7","999.9","  85.1"," ","  66.2"," "," 0.00","G","999.9","010000"
"59209099999","2019-06-04","23.3","105.95","794.0","NAPO, CH","  78.0"," 7","  70.3"," 7","1004.7"," 7","999.9"," 0"," 13.9"," 7","  6.7"," 7","  9.7","999.9","  84.4"," ","  71.6"," "," 0.00","G","999.9","010000"
"59209099999","2019-06-05","23.3","105.95","794.0","NAPO, CH","  78.8"," 7","  69.2"," 7","1004.2"," 7","999.9"," 0"," 18.1"," 7","  9.4"," 7"," 13.6","999.9","  84.9"," ","  73.8"," "," 0.00","I","999.9","000000"
"59209099999","2019-06-06","23.3","105.95","794.0","NAPO, CH","  78.6"," 7","  70.6"," 7","1006.3"," 7","999.9"," 0"," 17.4"," 7","  7.2"," 7","  9.7","999.9","  86.7"," ","  73.6","*"," 0.00","I","999.9","000000"
"59209099999","2019-06-07","23.3","105.95","794.0","NAPO, CH","  79.4"," 7","  70.6"," 7","1006.2"," 7","999.9"," 0"," 16.1"," 7","  7.2"," 7","  9.7","999.9","  86.9"," ","  73.0"," "," 0.00","G","999.9","000000"
"59209099999","2019-06-08","23.3","105.95","794.0","NAPO, CH","  79.1"," 7","  69.9"," 7","1003.5"," 7","999.9"," 0"," 18.0"," 7","  8.3"," 7"," 13.6","999.9","  85.5"," ","  75.0"," "," 0.00","I","999.9","000000"
"59209099999","2019-06-09","23.3","105.95","794.0","NAPO, CH","  82.1"," 7","  72.4"," 7","1000.0"," 7","999.9"," 0"," 16.1"," 7","  5.8"," 7","  9.7","999.9","  88.3"," ","  76.6"," "," 0.00","I","999.9","000000"
"59209099999","2019-06-10","23.3","105.95","794.0","NAPO, CH","  78.1"," 7","  72.6"," 7","1001.3"," 7","999.9"," 0"," 16.3"," 7","  3.9"," 6","  5.8","999.9","  87.4"," ","  72.9","*"," 0.00","B","999.9","010000"
"59209099999","2019-06-11","23.3","105.95","794.0","NAPO, CH","  75.9"," 7","  71.5"," 7","1002.4"," 7","999.9"," 0"," 16.7"," 7","  5.3"," 7","  9.7","999.9","  81.7"," ","  71.2"," "," 0.61","G","999.9","010000"
"59209099999","2019-06-12","23.3","105.95","794.0","NAPO, CH","  76.0"," 7","  71.8"," 7","1003.0"," 7","999.9"," 0"," 13.7"," 7","  5.0"," 7","  9.7","999.9","  84.7"," ","  70.7","*"," 1.76","G","999.9","010000"
"59209099999","2019-06-13","23.3","105.95","794.0","NAPO, CH","  74.8"," 7","  69.9"," 7","1003.7"," 7","999.9"," 0"," 13.4"," 7","  3.6"," 7","  5.8","999.9","  87.6"," ","  69.3"," "," 1.98","G","999.9","010000"
"59209099999","2019-06-14","23.3","105.95","794.0","NAPO, CH","  76.7"," 7","  72.3"," 7","1003.0"," 7","999.9"," 0"," 14.8"," 7","  4.9"," 6"," 11.7","999.9","  81.9"," ","  69.8"," "," 0.28","G","999.9","010000"
"59209099999","2019-06-15","23.3","105.95","794.0","NAPO, CH","  78.1"," 7","  72.5"," 7","1001.5"," 7","999.9"," 0"," 14.6"," 7","  5.5"," 7","  9.7","999.9","  80.8"," ","  74.1"," "," 0.02","G","999.9","000000"
"59209099999","2019-06-16","23.3","105.95","794.0","NAPO, CH","  80.4"," 7","  73.7"," 7","1000.9"," 7","999.9"," 0"," 12.7"," 7","  6.1"," 7","  9.7","999.9","  85.8"," ","  75.6"," "," 0.00","G","999.9","000000"
"59209099999","2019-06-17","23.3","105.95","794.0","NAPO, CH","  75.8"," 7","  72.4"," 7","1004.0"," 7","999.9"," 0"," 11.5"," 7","  4.7"," 7","  7.8","999.9","  79.7"," ","  72.9","*"," 0.08","G","999.9","010000"
"59209099999","2019-06-18","23.3","105.95","794.0","NAPO, CH","  77.2"," 7","  70.8"," 7","1004.8"," 7","999.9"," 0"," 18.6"," 7","  6.9"," 7"," 11.7","999.9","  82.9"," ","  72.7"," "," 0.07","G","999.9","000000"
"59209099999","2019-06-19","23.3","105.95","794.0","NAPO, CH","  77.5"," 7","  72.1"," 7","1004.4"," 7","999.9"," 0"," 16.5"," 7","  6.7"," 7","  9.7","999.9","  83.5"," ","  73.2"," "," 0.00","G","999.9","010000"
"59209099999","2019-06-20","23.3","105.95","794.0","NAPO, CH","  80.7"," 7","  72.7"," 7","1002.5"," 7","999.9"," 0"," 17.6"," 7","  7.2"," 7"," 11.7","999.9","  85.8"," ","  75.4"," "," 0.00","G","999.9","000000"
"59209099999","2019-06-21","23.3","105.95","794.0","NAPO, CH","  82.5"," 7","  73.4"," 7","1000.7"," 7","999.9"," 0"," 16.2"," 7","  8.0"," 7"," 11.7","999.9","  88.5"," ","  77.4"," "," 0.00","I","999.9","000000"
"59209099999","2019-06-22","23.3","105.95","794.0","NAPO, CH","  83.6"," 7","  74.2"," 7"," 999.5"," 7","999.9"," 0"," 16.1"," 7","  7.2"," 7","  9.7","999.9","  90.9"," ","  77.7"," "," 0.00","I","999.9","000000"
"59209099999","2019-06-23","23.3","105.95","794.0","NAPO, CH","  73.1"," 7","  70.8"," 7","1004.9"," 7","999.9"," 0"," 15.1"," 7","  3.1"," 7","  7.8","999.9","  80.6"," ","  70.0"," "," 1.38","G","999.9","010000"
"59209099999","2019-06-24","23.3","105.95","794.0","NAPO, CH","  75.1"," 7","  70.4"," 7","1005.0"," 7","999.9"," 0"," 18.6"," 7","  5.8"," 7"," 11.7","999.9","  81.0"," ","  72.0"," "," 0.03","G","999.9","010000"
"59209099999","2019-06-25","23.3","105.95","794.0","NAPO, CH","  78.4"," 7","  72.1"," 7","1003.7"," 7","999.9"," 0"," 15.4"," 7","  6.1"," 7","  9.7","999.9","  86.2"," ","  72.9"," "," 1.37","G","999.9","000000"
"59209099999","2019-06-26","23.3","105.95","794.0","NAPO, CH","  79.0"," 7","  72.2"," 7","1000.0"," 7","999.9"," 0"," 15.9"," 7","  4.7"," 7","  9.7","999.9","  87.4"," ","  73.0"," "," 0.00","G","999.9","000000"
"59209099999","2019-06-27","23.3","105.95","794.0","NAPO, CH","  80.9"," 7","  73.1"," 7"," 996.8"," 7","999.9"," 0"," 16.6"," 7","  7.2"," 7"," 13.6","999.9","  88.2"," ","  72.5"," "," 0.00","G","999.9","000000"
"59209099999","2019-06-28","23.3","105.95","794.0","NAPO, CH","  82.4"," 7","  74.0"," 7"," 996.9"," 7","999.9"," 0"," 16.7"," 7","  6.4"," 7"," 11.7","999.9","  88.7"," ","  77.0"," "," 0.00","I","999.9","000000"
"59209099999","2019-06-29","23.3","105.95","794.0","NAPO, CH","  75.0"," 7","  71.2"," 7","1001.2"," 7","999.9"," 0"," 16.9"," 7","  4.2"," 7","  5.8","999.9","  84.4"," ","  70.7","*"," 0.01","G","999.9","010000"
"59209099999","2019-06-30","23.3","105.95","794.0","NAPO, CH","  75.9"," 7","  68.3"," 7","1003.4"," 7","999.9"," 0"," 18.5"," 7","  2.8"," 7","  5.8","999.9","  84.9"," ","  70.3"," "," 0.00","G","999.9","010000"
"59209099999","2019-07-01","23.3","105.95","794.0","NAPO, CH","  79.4"," 7","  66.9"," 7","1003.4"," 7","999.9"," 0"," 18.6"," 7","  5.3"," 7","  7.8","999.9","  85.6"," ","  70.5"," "," 0.00","I","999.9","000000"
"59209099999","2019-07-02","23.3","105.95","794.0","NAPO, CH","  77.3"," 7","  70.2"," 7","1003.1"," 7","999.9"," 0"," 16.2"," 7","  4.4"," 7","  7.8","999.9","  83.1"," ","  71.8"," "," 0.00","I","999.9","000000"
"59209099999","2019-07-03","23.3","105.95","794.0","NAPO, CH","  76.8"," 7","  70.9"," 7","1001.9"," 7","999.9"," 0","  9.0"," 6","  4.4"," 7","  7.8","999.9","  82.8"," ","  71.6"," "," 1.24","G","999.9","010000"
"59209099999","2019-07-04","23.3","105.95","794.0","NAPO, CH","  74.3"," 7","  71.8"," 7","1002.8"," 7","999.9"," 0","  8.6"," 7","  1.9"," 7","  3.9","999.9","  82.4"," ","  71.1","*"," 0.60","G","999.9","010000"
"59209099999","2019-07-05","23.3","105.95","794.0","NAPO, CH","  76.0"," 7","  72.3"," 7","1002.1"," 7","999.9"," 0"," 15.0"," 7","  3.9"," 6","  7.8","999.9","  81.0"," ","  71.1"," "," 0.05","G","999.9","010000"
"59209099999","2019-07-06","23.3","105.95","794.0","NAPO, CH","  79.2"," 7","  73.3"," 7"," 999.7"," 7","999.9"," 0"," 14.5"," 7","  6.1"," 7","  9.7","999.9","  85.6"," ","  74.3"," "," 0.07","G","999.9","010000"
"59209099999","2019-07-07","23.3","105.95","794.0","NAPO, CH","  77.4"," 7","  73.5"," 7","1000.7"," 7","999.9"," 0"," 12.7"," 6","  4.4"," 7","  7.8","999.9","  81.7"," ","  74.1"," "," 0.28","G","999.9","010000"
"59209099999","2019-07-08","23.3","105.95","794.0","NAPO, CH","  79.7"," 7","  73.1"," 7","1000.1"," 7","999.9"," 0"," 14.7"," 7","  5.8"," 7","  9.7","999.9","  87.3"," ","  70.7","*"," 1.20","G","999.9","010000"
"59209099999","2019-07-09","23.3","105.95","794.0","NAPO, CH","  69.6"," 7","  68.0"," 7","1004.5"," 7","999.9"," 0","  9.2"," 6","  2.8"," 7","  5.8","999.9","  77.4"," ","  68.2"," "," 1.02","G","999.9","010000"
"59209099999","2019-07-10","23.3","105.95","794.0","NAPO, CH","  71.8"," 7","  69.2"," 7","1004.7"," 7","999.9"," 0"," 14.6"," 7","  4.2"," 6","  5.8","999.9","  74.5"," ","  68.4"," "," 0.16","G","999.9","010000"
"59209099999","2019-07-11","23.3","105.95","794.0","NAPO, CH","  74.9"," 7","  71.0"," 7","1004.7"," 7","999.9"," 0"," 17.8"," 7","  7.5"," 7"," 13.6","999.9","  77.4"," ","  70.5"," "," 0.01","G","999.9","010000"
"59209099999","2019-07-12","23.3","105.95","794.0","NAPO, CH","  77.8"," 7","  72.5"," 7","1003.0"," 7","999.9"," 0"," 15.0"," 7","  5.5"," 7","  7.8","999.9","  81.1"," ","  74.5"," "," 0.00","C","999.9","010000"
"59209099999","2019-07-13","23.3","105.95","794.0","NAPO, CH","  75.5"," 7","  71.6"," 7","1002.2"," 7","999.9"," 0"," 15.6"," 7","  4.4"," 7"," 11.7","999.9","  80.8"," ","  70.9","*"," 0.19","G","999.9","010000"
"59209099999","2019-07-14","23.3","105.95","794.0","NAPO, CH","  72.9"," 7","  70.9"," 7","1002.6"," 7","999.9"," 0"," 14.0"," 7","  1.9"," 7","  1.9","999.9","  75.6"," ","  70.5"," "," 0.89","G","999.9","010000"
"59209099999","2019-07-15","23.3","105.95","794.0","NAPO, CH","  74.9"," 7","  70.9"," 7","1002.7"," 7","999.9"," 0"," 16.1"," 7","  6.2"," 6"," 11.7","999.9","  78.4"," ","  70.7"," "," 0.87","G","999.9","010000"
"59209099999","2019-07-16","23.3","105.95","794.0","NAPO, CH","  76.2"," 7","  71.3"," 7","1003.5"," 7","999.9"," 0"," 15.0"," 7","  2.8"," 7","  5.8","999.9","  84.9"," ","  73.0"," "," 0.14","G","999.9","010000"
"59209099999","2019-07-17","23.3","105.95","794.0","NAPO, CH","  79.8"," 7","  72.3"," 7","1002.2"," 7","999.9"," 0"," 14.0"," 7","  6.4"," 7"," 11.7","999.9","  88.2"," ","  72.7"," "," 0.00","G","999.9","000000"
"59209099999","2019-07-18","23.3","105.95","794.0","NAPO, CH","  82.3"," 7","  74.7"," 7"," 999.7"," 7","999.9"," 0"," 13.5"," 7","  5.3"," 7","  9.7","999.9","  89.2"," ","  74.5"," "," 0.00","I","999.9","000000"
"59209099999","2019-07-19","23.3","105.95","794.0","NAPO, CH","  76.8"," 7","  73.0"," 7","1001.8"," 7","999.9"," 0"," 12.1"," 7","  3.1"," 7","  5.8","999.9","  87.3"," ","  71.8","*"," 0.78","G","999.9","010000"
"59209099999","2019-07-20","23.3","105.95","794.0","NAPO, CH","  78.8"," 7","  72.7"," 7","1003.6"," 7","999.9"," 0"," 18.5"," 7","  3.9"," 7"," 11.7","999.9","  86.4"," ","  71.1"," "," 0.12","A","999.9","000000"
"59209099999","2019-07-21","23.3","105.95","794.0","NAPO, CH","  79.6"," 7","  71.9"," 7","1002.8"," 7","999.9"," 0"," 16.8"," 7","  4.7"," 7","  9.7","999.9","  88.7"," ","  72.0","*"," 0.04","G","999.9","010000"
"59209099999","2019-07-22","23.3","105.95","794.0","NAPO, CH","  78.6"," 7","  70.8"," 7","1001.5"," 7","999.9"," 0"," 17.8"," 7","  6.7"," 7","  9.7","999.9","  88.0"," ","  69.8","*"," 0.05","G","999.9","010000"
"59209099999","2019-07-23","23.3","105.95","794.0","NAPO, CH","  74.6"," 7","  71.3"," 7","1002.1"," 7","999.9"," 0"," 13.0"," 7","  2.9"," 6","  3.9","999.9","  84.2"," ","  68.7"," "," 0.57","G","999.9","010000"
"59209099999","2019-07-24","23.3","105.95","794.0","NAPO, CH","  74.5"," 7","  71.7"," 7","1004.8"," 7","999.9"," 0"," 12.8"," 6","  2.2"," 7","  3.9","999.9","  79.3"," ","  71.6","*"," 0.44","G","999.9","010000"
"59209099999","2019-07-25","23.3","105.95","794.0","NAPO, CH","  76.4"," 7","  70.8"," 7","1006.1"," 7","999.9"," 0"," 16.7"," 7","  2.9"," 6","  5.8","999.9","  87.4"," ","  71.4"," "," 0.01","G","999.9","000000"
"59209099999","2019-07-26","23.3","105.95","794.0","NAPO, CH","  77.8"," 7","  71.0"," 7","1004.8"," 7","999.9"," 0"," 17.5"," 7","  5.0"," 7"," 11.7","999.9","  83.7"," ","  72.1"," "," 0.00","B","999.9","000000"
"59209099999","2019-07-27","23.3","105.95","794.0","NAPO, CH","  79.8"," 7","  71.9"," 7","1003.9"," 7","999.9"," 0"," 17.9"," 7","  5.3"," 7"," 11.7","999.9","  86.9"," ","  73.0"," "," 0.00","G","999.9","000000"
"59209099999","2019-07-28","23.3","105.95","794.0","NAPO, CH","  80.5"," 7","  72.6"," 7","1003.9"," 7","999.9"," 0"," 15.4"," 7","  4.7"," 7","  7.8","999.9","  88.5"," ","  73.6"," ","99.99"," ","999.9","010000"
"59209099999","2019-07-29","23.3","105.95","794.0","NAPO, CH","  78.0"," 7","  70.6"," 7","1004.2"," 7","999.9"," 0"," 17.0"," 7","  7.2"," 7"," 13.6","999.9","  85.1"," ","  71.6","*"," 0.00","I","999.9","000000"
"59209099999","2019-07-30","23.3","105.95","794.0","NAPO, CH","  75.1"," 7","  70.4"," 7","1004.7"," 7","999.9"," 0"," 13.8"," 7","  3.6"," 7","  7.8","999.9","  87.1"," ","  70.0","*"," 0.70","G","999.9","010000"
"59209099999","2019-07-31","23.3","105.95","794.0","NAPO, CH","  75.7"," 7","  69.5"," 7","1004.2"," 7","999.9"," 0"," 15.4"," 7","  3.9"," 7","  7.8","999.9","  86.0"," ","  69.3","*"," 0.02","G","999.9","010000"
"59209099999","2019-08-01","23.3","105.95","794.0","NAPO, CH","  76.7"," 7","  68.0"," 7","1001.0"," 7","999.9"," 0"," 18.2"," 7","  6.7"," 7"," 13.6","999.9","  86.9"," ","  68.9"," "," 0.04","G","999.9","010000"
"59209099999","2019-08-02","23.3","105.95","794.0","NAPO, CH","  73.7"," 7","  70.3"," 7","1000.2"," 7","999.9"," 0"," 15.8"," 6","  4.7"," 7","  7.8","999.9","  77.5"," ","  69.8"," "," 1.43","G","999.9","010000"
"59209099999","2019-08-03","23.3","105.95","794.0","NAPO, CH","  72.1"," 7","  70.1"," 7","1001.5"," 7","999.9"," 0","  7.3"," 6","  5.0"," 7","  7.8","999.9","  74.5"," ","  70.9","*"," 0.66","G","999.9","010000"
"59209099999","2019-08-04","23.3","105.95","794.0","NAPO, CH","  74.2"," 7","  70.5"," 7","1003.6"," 7","999.9"," 0"," 12.3"," 7","  3.6"," 7","  5.8","999.9","  80.2"," ","  70.7"," "," 0.15","G","999.9","010000"
"59209099999","2019-08-05","23.3","105.95","794.0","NAPO, CH","  74.7"," 7","  70.4"," 7","1005.1"," 7","999.9"," 0"," 12.7"," 7","  2.5"," 7","  3.9","999.9","  83.5"," ","  69.3","*"," 0.24","G","999.9","010000"
"59209099999","2019-08-06","23.3","105.95","794.0","NAPO, CH","  77.8"," 7","  70.3"," 7","1003.9"," 7","999.9"," 0"," 15.8"," 7","  2.4"," 4","  3.9","999.9","  88.9"," ","  69.1"," "," 0.22","G","999.9","000000"
"59209099999","2019-08-07","23.3","105.95","794.0","NAPO, CH","  78.5"," 7","  71.7"," 7","1001.0"," 7","999.9"," 0"," 16.3"," 7","  2.9"," 6","  3.9","999.9","  90.3"," ","  69.4"," "," 0.13","G","999.9","010000"
"59209099999","2019-08-08","23.3","105.95","794.0","NAPO, CH","  76.6"," 7","  72.3"," 7","1001.7"," 7","999.9"," 0"," 16.9"," 7","  2.9"," 6","  3.9","999.9","  84.7"," ","  71.1"," "," 0.00","E","999.9","010000"
"59209099999","2019-08-09","23.3","105.95","794.0","NAPO, CH","  77.7"," 7","  70.7"," 7","1001.3"," 7","999.9"," 0"," 13.7"," 7","  5.1"," 5"," 11.7","999.9","  88.0"," ","  70.2","*"," 0.01","G","999.9","000000"
"59209099999","2019-08-10","23.3","105.95","794.0","NAPO, CH","  77.7"," 7","  71.9"," 7","1001.6"," 7","999.9"," 0"," 10.0"," 7","  3.6"," 7","  5.8","999.9","  89.2"," ","  69.6"," "," 0.42","G","999.9","010000"
"59209099999","2019-08-11","23.3","105.95","794.0","NAPO, CH","  81.5"," 7","  71.9"," 7","1000.9"," 7","999.9"," 0"," 13.5"," 7","  3.1"," 7","  5.8","999.9","  91.4"," ","  71.8"," "," 0.00","E","999.9","000000"
"59209099999","2019-08-12","23.3","105.95","794.0","NAPO, CH","  82.2"," 7","  71.3"," 7","1000.8"," 7","999.9"," 0"," 15.3"," 7","  3.3"," 7","  7.8","999.9","  95.5"," ","  72.0","*"," 0.00","I","999.9","000000"
"59209099999","2019-08-13","23.3","105.95","794.0","NAPO, CH","  75.1"," 7","  69.9"," 7","1002.6"," 7","999.9"," 0"," 13.4"," 7","  3.6"," 7","  7.8","999.9","  91.4"," ","  66.6","*"," 0.86","G","999.9","010000"
"59209099999","2019-08-14","23.3","105.95","794.0","NAPO, CH","  76.6"," 7","  70.0"," 7","1004.1"," 7","999.9"," 0"," 15.2"," 7","  3.6"," 7","  7.8","999.9","  90.7"," ","  66.6"," "," 0.48","G","999.9","010000"
"59209099999","2019-08-15","23.3","105.95","794.0","NAPO, CH","  77.5"," 6","  69.2"," 6","1003.1"," 6","999.9"," 0"," 17.6"," 6","  3.2"," 6","  5.8","999.9","  90.1"," ","  69.3"," "," 0.00","I","999.9","000000"
"59209099999","2019-08-16","23.3","105.95","794.0","NAPO, CH","  75.8"," 7","  67.5"," 7","1002.7"," 7","999.9"," 0"," 14.7"," 7","  3.3"," 7","  5.8","999.9","  90.7"," ","  68.4","*"," 0.03","G","999.9","010000"
"59209099999","2019-08-17","23.3","105.95","794.0","NAPO, CH","  79.1"," 7","  70.3"," 7","1003.6"," 7","999.9"," 0"," 14.6"," 7","  2.8"," 7","  3.9","999.9","  90.0"," ","  68.2"," "," 0.00","I","999.9","000000"
"59209099999","2019-08-18","23.3","105.95","794.0","NAPO, CH","  78.7"," 7","  70.5"," 7","1003.5"," 7","999.9"," 0"," 14.8"," 7","  3.3"," 7","  7.8","999.9","  90.7"," ","  70.7"," "," 0.00","I","999.9","000000"
"59209099999","2019-08-19","23.3","105.95","794.0","NAPO, CH","  79.8"," 7","  70.3"," 7","1003.6"," 7","999.9"," 0"," 12.8"," 7","  3.9"," 7","  7.8","999.9","  90.5"," ","  71.1","*"," 0.00","I","999.9","000000"
"59209099999","2019-08-20","23.3","105.95","794.0","NAPO, CH","  77.1"," 7","  69.8"," 7","1005.1"," 7","999.9"," 0"," 13.4"," 7","  3.6"," 7","  7.8","999.9","  89.4"," ","  69.3","*"," 0.03","G","999.9","010000"
"59209099999","2019-08-21","23.3","105.95","794.0","NAPO, CH","  77.5"," 7","  69.3"," 7","1006.2"," 7","999.9"," 0"," 11.8"," 7","  3.1"," 7","  5.8","999.9","  87.6"," ","  68.4"," "," 0.00","G","999.9","000000"
"59209099999","2019-08-22","23.3","105.95","794.0","NAPO, CH","  74.3"," 7","  67.0"," 7","1007.8"," 7","999.9"," 0"," 13.8"," 7","  4.4"," 7"," 11.7","999.9","  85.6"," ","  66.2","*"," 0.01","G","999.9","010000"
"59209099999","2019-08-23","23.3","105.95","794.0","NAPO, CH","  74.3"," 7","  66.6"," 7","1009.6"," 7","999.9"," 0"," 13.2"," 7","  3.9"," 7","  7.8","999.9","  84.9"," ","  65.7"," "," 0.00","I","999.9","000000"
"59209099999","2019-08-24","23.3","105.95","794.0","NAPO, CH","  77.6"," 7","  67.4"," 7","1006.8"," 7","999.9"," 0"," 12.7"," 6","  4.5"," 6","  7.8","999.9","  88.7"," ","  66.0"," "," 0.00","I","999.9","000000"
"59209099999","2019-08-25","23.3","105.95","794.0","NAPO, CH","  78.2"," 7","  67.6"," 7","1004.6"," 7","999.9"," 0"," 11.1"," 7","  3.9"," 7","  7.8","999.9","  90.9"," ","  67.1"," "," 0.00","I","999.9","000000"
"59209099999","2019-08-26","23.3","105.95","794.0","NAPO, CH","  77.8"," 7","  69.3"," 7","1003.7"," 7","999.9"," 0"," 10.8"," 6","  6.2"," 6"," 15.5","999.9","  91.8"," ","  68.2"," "," 0.11","G","999.9","010000"
"59209099999","2019-08-27","23.3","105.95","794.0","NAPO, CH","  73.6"," 7","  70.4"," 7","1007.2"," 7","999.9"," 0"," 11.5"," 7","  2.5"," 7","  3.9","999.9","  77.7"," ","  70.7"," "," 0.08","G","999.9","010000"
"59209099999","2019-08-28","23.3","105.95","794.0","NAPO, CH","  77.1"," 7","  70.1"," 7","1008.4"," 7","999.9"," 0"," 14.6"," 7","  2.8"," 7","  5.8","999.9","  88.0"," ","  69.1","*"," 0.01","G","999.9","000000"
"59209099999","2019-08-29","23.3","105.95","794.0","NAPO, CH","  79.6"," 7","  69.5"," 7","1005.9"," 7","999.9"," 0"," 16.4"," 7","  5.5"," 7","  9.7","999.9","  90.3"," ","  68.7"," "," 0.01","G","999.9","010000"
"59209099999","2019-08-30","23.3","105.95","794.0","NAPO, CH","  72.7"," 7","  69.9"," 7","1006.8"," 7","999.9"," 0","  7.5"," 7","  4.2"," 7","  5.8","999.9","  77.0"," ","  71.1","*"," 0.67","G","999.9","010000"
"59209099999","2019-08-31","23.3","105.95","794.0","NAPO, CH","  71.1"," 7","  68.5"," 7","1008.9"," 7","999.9"," 0","  8.6"," 7","  4.4"," 7","  7.8","999.9","  74.1"," ","  69.1","*"," 0.28","G","999.9","010000"
"59209099999","2019-09-01","23.3","105.95","794.0","NAPO, CH","  71.3"," 7","  67.2"," 7","1010.2"," 7","999.9"," 0","  9.4"," 7","  3.9"," 7","  5.8","999.9","  73.6"," ","  68.7"," "," 0.06","G","999.9","010000"
"59209099999","2019-09-02","23.3","105.95","794.0","NAPO, CH","  71.9"," 7","  67.2"," 7","1010.0"," 7","999.9"," 0","  9.1"," 7","  3.3"," 7","  3.9","999.9","  76.3"," ","  69.1","*"," 0.37","G","999.9","010000"
"59209099999","2019-09-03","23.3","105.95","794.0","NAPO, CH","  70.3"," 7","  67.2"," 7","1009.3"," 7","999.9"," 0"," 12.5"," 6","  3.6"," 7","  7.8","999.9","  76.1"," ","  66.4","*"," 0.14","G","999.9","010000"
"59209099999","2019-09-04","23.3","105.95","794.0","NAPO, CH","  73.4"," 7","  66.0"," 7","1006.4"," 7","999.9"," 0"," 14.9"," 7","  3.6"," 7","  5.8","999.9","  83.8"," ","  64.6","*"," 0.03","G","999.9","010000"
"59209099999","2019-09-05","23.3","105.95","794.0","NAPO, CH","  75.0"," 7","  65.8"," 7","1005.1"," 7","999.9"," 0"," 12.8"," 7","  4.2"," 7","  7.8","999.9","  87.8"," ","  64.2"," "," 0.00","G","999.9","000000"
"59209099999","2019-09-06","23.3","105.95","794.0","NAPO, CH","  77.6"," 7","  67.7"," 7","1004.2"," 7","999.9"," 0"," 16.6"," 6","  3.1"," 7","  5.8","999.9","  88.5"," ","  65.5"," "," 0.00","I","999.9","000000"
"59209099999","2019-09-07","23.3","105.95","794.0","NAPO, CH","  79.4"," 7","  71.8"," 7","1003.7"," 7","999.9"," 0"," 12.3"," 7","  5.0"," 7","  9.7","999.9","  87.4"," ","  70.0"," "," 0.00","I","999.9","000000"
"59209099999","2019-09-08","23.3","105.95","794.0","NAPO, CH","  77.9"," 7","  72.2"," 7","1002.5"," 7","999.9"," 0"," 14.7"," 7","  6.7"," 7"," 11.7","999.9","  82.9"," ","  71.6","*"," 0.66","G","999.9","010000"
"59209099999","2019-09-09","23.3","105.95","794.0","NAPO, CH","  74.4"," 7","  71.8"," 7","1003.0"," 7","999.9"," 0"," 11.6"," 7","  4.4"," 7","  7.8","999.9","  77.7"," ","  71.1"," "," 2.29","G","999.9","010000"
"59209099999","2019-09-10","23.3","105.95","794.0","NAPO, CH","  72.6"," 7","  69.4"," 7","1007.6"," 7","999.9"," 0"," 18.0"," 7","  5.5"," 7","  9.7","999.9","  75.0"," ","  70.9","*"," 0.07","G","999.9","010000"
"59209099999","2019-09-11","23.3","105.95","794.0","NAPO, CH","  74.2"," 7","  69.9"," 7","1011.8"," 7","999.9"," 0"," 14.5"," 6","  4.2"," 7","  7.8","999.9","  81.7"," ","  69.1","*"," 0.18","G","999.9","010000"
"59209099999","2019-09-12","23.3","105.95","794.0","NAPO, CH","  76.1"," 7","  68.7"," 7","1010.6"," 7","999.9"," 0"," 15.6"," 7","  3.9"," 7","  9.7","999.9","  86.4"," ","  68.5"," "," 0.15","G","999.9","000000"
"59209099999","2019-09-13","23.3","105.95","794.0","NAPO, CH","  76.1"," 7","  68.1"," 7","1009.3"," 7","999.9"," 0"," 14.2"," 7","  3.9"," 7","  9.7","999.9","  87.6"," ","  68.0","*"," 0.00","G","999.9","000000"
"59209099999","2019-09-14","23.3","105.95","794.0","NAPO, CH","  76.6"," 7","  67.8"," 7","1009.5"," 7","999.9"," 0"," 13.4"," 6","  3.1"," 7","  5.8","999.9","  88.3"," ","  66.7"," "," 0.00","I","999.9","000000"
"59209099999","2019-09-15","23.3","105.95","794.0","NAPO, CH","  75.6"," 7","  66.6"," 7","1009.3"," 7","999.9"," 0","  9.9"," 7","  3.6"," 7","  7.8","999.9","  87.8"," ","  66.6","*"," 0.16","G","999.9","010000"
"59209099999","2019-09-16","23.3","105.95","794.0","NAPO, CH","  75.0"," 7","  68.3"," 7","1009.7"," 7","999.9"," 0"," 10.9"," 7","  2.2"," 7","  3.9","999.9","  88.0"," ","  66.0"," "," 0.00","I","999.9","000000"
"59209099999","2019-09-17","23.3","105.95","794.0","NAPO, CH","  75.8"," 7","  68.5"," 7","1011.2"," 7","999.9"," 0"," 10.6"," 7","  3.1"," 7","  3.9","999.9","  87.8"," ","  66.7"," "," 0.01","G","999.9","010000"
"59209099999","2019-09-18","23.3","105.95","794.0","NAPO, CH","  72.2"," 7","  69.3"," 7","1014.7"," 7","999.9"," 0","  7.1"," 7","  3.1"," 7","  7.8","999.9","  77.7"," ","  67.6"," "," 0.93","G","999.9","010000"
"59209099999","2019-09-19","23.3","105.95","794.0","NAPO, CH","  71.5"," 7","  67.9"," 7","1014.4"," 7","999.9"," 0"," 10.4"," 6","  3.9"," 6","  7.8","999.9","  77.5"," ","  68.0"," "," 0.28","G","999.9","010000"
"59209099999","2019-09-20","23.3","105.95","794.0","NAPO, CH","  73.0"," 7","  63.8"," 7","1013.9"," 7","999.9"," 0"," 13.8"," 7","  6.4"," 7"," 11.7","999.9","  79.5"," ","  67.3"," "," 0.03","G","999.9","010000"
"59209099999","2019-09-21","23.3","105.95","794.0","NAPO, CH","  65.6"," 7","  56.7"," 7","1017.0"," 7","999.9"," 0"," 15.4"," 7","  6.7"," 7"," 11.7","999.9","  72.5"," ","  58.5","*"," 0.00","I","999.9","000000"
"59209099999","2019-09-22","23.3","105.95","794.0","NAPO, CH","  66.3"," 7","  56.1"," 7","1019.3"," 7","999.9"," 0"," 14.2"," 7","  4.9"," 6","  9.7","999.9","  77.4"," ","  55.8","*"," 0.00","I","999.9","000000"
"59209099999","2019-09-23","23.3","105.95","794.0","NAPO, CH","  64.0"," 7","  52.2"," 7","1021.4"," 7","999.9"," 0"," 13.8"," 7","  3.3"," 7","  5.8","999.9","  77.2"," ","  52.7","*"," 0.00","I","999.9","000000"
"59209099999","2019-09-24","23.3","105.95","794.0","NAPO, CH","  66.3"," 7","  53.4"," 7","1021.2"," 7","999.9"," 0"," 14.6"," 7","  4.5"," 6","  7.8","999.9","  79.9"," ","  52.3"," "," 0.00","I","999.9","000000"
"59209099999","2019-09-25","23.3","105.95","794.0","NAPO, CH","  67.8"," 7","  55.1"," 7","1021.0"," 7","999.9"," 0"," 13.7"," 7","  4.5"," 6","  5.8","999.9","  79.2"," ","  54.5"," "," 0.00","I","999.9","000000"
"59209099999","2019-09-26","23.3","105.95","794.0","NAPO, CH","  64.4"," 7","  55.0"," 7","1021.4"," 7","999.9"," 0"," 11.8"," 7","  3.9"," 7","  9.7","999.9","  74.1"," ","  54.7","*"," 0.00","I","999.9","000000"
"59209099999","2019-09-27","23.3","105.95","794.0","NAPO, CH","  65.6"," 7","  52.5"," 7","1020.1"," 7","999.9"," 0"," 11.5"," 7","  3.9"," 6","  7.8","999.9","  80.1"," ","  53.6"," "," 0.00","I","999.9","000000"
"59209099999","2019-09-28","23.3","105.95","794.0","NAPO, CH","  68.0"," 7","  55.1"," 7","1018.4"," 7","999.9"," 0"," 12.3"," 7","  2.9"," 6","  3.9","999.9","  82.9"," ","  53.1"," "," 0.00","I","999.9","000000"
"59209099999","2019-09-29","23.3","105.95","794.0","NAPO, CH","  69.9"," 7","  58.3"," 7","1015.2"," 7","999.9"," 0"," 10.7"," 7","  1.9"," 6","  1.9","999.9","  86.5"," ","  55.6"," "," 0.00","I","999.9","000000"
"59209099999","2019-09-30","23.3","105.95","794.0","NAPO, CH","  70.8"," 7","  60.3"," 7","1012.0"," 7","999.9"," 0"," 10.5"," 7","  3.1"," 7","  7.8","999.9","  83.8"," ","  57.0"," "," 0.00","I","999.9","000000"
"59209099999","2019-10-01","23.3","105.95","794.0","NAPO, CH","  72.8"," 7","  63.4"," 7","1010.9"," 7","999.9"," 0","  8.6"," 6","  6.2"," 6"," 11.7","999.9","  83.1"," ","  59.9"," "," 0.00","I","999.9","000000"
"59209099999","2019-10-02","23.3","105.95","794.0","NAPO, CH","  74.1"," 7","  66.8"," 7","1010.8"," 7","999.9"," 0","  5.8"," 6","  6.5"," 6"," 11.7","999.9","  79.9"," ","  65.8"," "," 0.00","I","999.9","000000"
"59209099999","2019-10-03","23.3","105.95","794.0","NAPO, CH","  72.0"," 7","  68.2"," 7","1011.2"," 7","999.9"," 0"," 10.2"," 6","  3.3"," 7","  5.8","999.9","  76.3"," ","  69.1"," "," 0.68","G","999.9","010000"
"59209099999","2019-10-04","23.3","105.95","794.0","NAPO, CH","  73.0"," 5","  67.9"," 5","1011.6"," 5","999.9"," 0"," 13.0"," 5","  3.5"," 5","  7.8","999.9","  81.9"," ","  69.8"," ","99.99"," ","999.9","010000"
"59209099999","2019-10-05","23.3","105.95","794.0","NAPO, CH","  74.2"," 7","  66.3"," 7","1013.1"," 7","999.9"," 0"," 11.6"," 7","  3.6"," 7","  7.8","999.9","  83.1"," ","  66.6","*"," 0.03","G","999.9","010000"
"59209099999","2019-10-06","23.3","105.95","794.0","NAPO, CH","  72.2"," 7","  64.4"," 7","1014.8"," 7","999.9"," 0","  9.5"," 6","  3.1"," 7","  5.8","999.9","  84.0"," ","  62.6","*"," 0.00","A","999.9","000000"
"59209099999","2019-10-07","23.3","105.95","794.0","NAPO, CH","  71.4"," 7","  65.4"," 7","1016.0"," 7","999.9"," 0","  9.0"," 7","  2.3"," 6","  3.9","999.9","  82.4"," ","  62.1"," "," 0.74","G","999.9","010000"
"59209099999","2019-10-08","23.3","105.95","794.0","NAPO, CH","  69.4"," 7","  66.4"," 7","1016.9"," 7","999.9"," 0"," 12.2"," 7","  1.9"," 6","  1.9","999.9","  75.7"," ","  66.6"," "," 1.55","G","999.9","010000"
"59209099999","2019-10-09","23.3","105.95","794.0","NAPO, CH","  69.9"," 7","  65.9"," 7","1014.3"," 7","999.9"," 0"," 18.4"," 7","  6.1"," 7"," 15.5","999.9","  73.0"," ","  66.7"," "," 0.41","G","999.9","010000"
"59209099999","2019-10-10","23.3","105.95","794.0","NAPO, CH","  73.0"," 7","  66.7"," 7","1012.3"," 7","999.9"," 0"," 17.2"," 7","  7.2"," 7"," 11.7","999.9","  79.3"," ","  68.5"," "," 0.01","G","999.9","000000"
"59209099999","2019-10-11","23.3","105.95","794.0","NAPO, CH","  73.5"," 7","  67.5"," 7","1011.2"," 7","999.9"," 0"," 14.1"," 7","  5.6"," 7"," 11.7","999.9","  80.2"," ","  69.3","*"," 0.00","G","999.9","000000"
"59209099999","2019-10-12","23.3","105.95","794.0","NAPO, CH","  68.1"," 7","  65.4"," 7","1014.2"," 7","999.9"," 0"," 10.8"," 7","  4.2"," 7","  9.7","999.9","  75.4"," ","  63.9","*"," 1.06","G","999.9","010000"
"59209099999","2019-10-13","23.3","105.95","794.0","NAPO, CH","  65.4"," 7","  63.3"," 7","1018.3"," 7","999.9"," 0"," 14.6"," 7","  3.9"," 7","  5.8","999.9","  69.1"," ","  63.7"," "," 0.10","G","999.9","010000"
"59209099999","2019-10-14","23.3","105.95","794.0","NAPO, CH","  65.6"," 7","  62.7"," 7","1021.5"," 7","999.9"," 0"," 16.8"," 6","  4.4"," 7","  5.8","999.9","  69.1"," ","  63.3","*"," 0.01","G","999.9","010000"
"59209099999","2019-10-15","23.3","105.95","794.0","NAPO, CH","  66.5"," 7","  62.5"," 7","1020.8"," 7","999.9"," 0"," 14.6"," 7","  3.3"," 7","  5.8","999.9","  70.3"," ","  62.8"," "," 0.01","A","999.9","000000"
"59209099999","2019-10-16","23.3","105.95","794.0","NAPO, CH","  68.1"," 7","  63.4"," 7","1018.9"," 7","999.9"," 0"," 11.1"," 7","  3.9"," 7","  7.8","999.9","  72.5"," ","  64.8","*"," 0.00","I","999.9","000000"
"59209099999","2019-10-17","23.3","105.95","794.0","NAPO, CH","  64.3"," 7","  61.1"," 7","1020.0"," 7","999.9"," 0"," 12.8"," 7","  5.0"," 7","  7.8","999.9","  70.9"," ","  59.9","*"," 0.67","G","999.9","010000"
"59209099999","2019-10-18","23.3","105.95","794.0","NAPO, CH","  65.4"," 7","  57.6"," 7","1020.3"," 7","999.9"," 0"," 18.6"," 7","  4.4"," 7","  7.8","999.9","  74.1"," ","  59.5"," "," 0.08","E","999.9","000000"
"59209099999","2019-10-19","23.3","105.95","794.0","NAPO, CH","  66.9"," 7","  60.9"," 7","1018.3"," 7","999.9"," 0"," 18.1"," 7","  4.4"," 7","  9.7","999.9","  73.8"," ","  61.7"," "," 0.00","I","999.9","000000"
"59209099999","2019-10-20","23.3","105.95","794.0","NAPO, CH","  69.2"," 7","  63.0"," 7","1016.1"," 7","999.9"," 0"," 15.8"," 7","  4.7"," 7","  7.8","999.9","  74.3"," ","  61.3"," "," 0.00","I","999.9","000000"
"59209099999","2019-10-21","23.3","105.95","794.0","NAPO, CH","  70.5"," 7","  64.2"," 7","1011.4"," 7","999.9"," 0","  9.0"," 7","  7.2"," 7","  9.7","999.9","  74.8"," ","  66.7"," "," 0.00","I","999.9","000000"
"59209099999","2019-10-22","23.3","105.95","794.0","NAPO, CH","  71.4"," 7","  66.5"," 7","1008.1"," 7","999.9"," 0","  9.1"," 7","  8.3"," 7"," 11.7","999.9","  75.9"," ","  68.4"," "," 0.00","I","999.9","000000"
"59209099999","2019-10-23","23.3","105.95","794.0","NAPO, CH","  67.2"," 7","  63.2"," 7","1012.4"," 7","999.9"," 0"," 13.4"," 7","  5.5"," 7","  7.8","999.9","  73.0"," ","  62.2","*"," 0.13","G","999.9","010000"
"59209099999","2019-10-24","23.3","105.95","794.0","NAPO, CH","  63.6"," 7","  60.7"," 7","1016.9"," 7","999.9"," 0"," 15.0"," 7","  4.2"," 7","  5.8","999.9","  65.8"," ","  61.9"," "," 0.02","G","999.9","010000"
"59209099999","2019-10-25","23.3","105.95","794.0","NAPO, CH","  66.5"," 7","  64.0"," 7","1017.3"," 7","999.9"," 0"," 15.2"," 7","  3.6"," 7","  7.8","999.9","  68.5"," ","  62.8"," "," 0.03","G","999.9","010000"
"59209099999","2019-10-26","23.3","105.95","794.0","NAPO, CH","  69.9"," 6","  65.2"," 6","1016.0"," 6","999.9"," 0"," 13.6"," 6","  6.2"," 6"," 11.7","999.9","  72.9"," ","  65.8"," "," 0.00","G","999.9","000000"
"59209099999","2019-10-27","23.3","105.95","794.0","NAPO, CH","  64.3"," 7","  61.8"," 7","1015.7"," 7","999.9"," 0"," 16.8"," 7","  5.0"," 7","  9.7","999.9","  69.3"," ","  58.8","*"," 0.01","G","999.9","010000"
"59209099999","2019-10-28","23.3","105.95","794.0","NAPO, CH","  56.1"," 7","  52.4"," 7","1022.1"," 7","999.9"," 0"," 14.6"," 7","  5.3"," 7","  9.7","999.9","  60.3"," ","  50.5","*"," 0.27","G","999.9","010000"
"59209099999","2019-10-29","23.3","105.95","794.0","NAPO, CH","  58.5"," 7","  47.0"," 7","1020.9"," 7","999.9"," 0"," 15.0"," 7","  3.6"," 7","  5.8","999.9","  72.9"," ","  46.4","*"," 0.13","G","999.9","100000"
"59209099999","2019-10-30","23.3","105.95","794.0","NAPO, CH","  58.9"," 7","  47.9"," 7","1020.7"," 7","999.9"," 0"," 15.1"," 7","  4.2"," 6","  7.8","999.9","  73.0"," ","  45.5"," "," 0.00","G","999.9","000000"
"59209099999","2019-10-31","23.3","105.95","794.0","NAPO, CH","  61.3"," 7","  49.3"," 7","1019.1"," 7","999.9"," 0"," 15.6"," 7","  3.9"," 5","  5.8","999.9","  75.2"," ","  46.8"," "," 0.00","I","999.9","000000"
"59209099999","2019-11-01","23.3","105.95","794.0","NAPO, CH","  63.1"," 7","  58.5"," 7","1018.4"," 7","999.9"," 0"," 14.8"," 7","  2.5"," 7","  3.9","999.9","  67.5"," ","  52.2"," "," 0.00","A","999.9","000000"
"59209099999","2019-11-02","23.3","105.95","794.0","NAPO, CH","  64.4"," 7","  62.3"," 7","1017.5"," 7","999.9"," 0","  7.2"," 7","  2.6"," 7","  4.3","999.9","  67.5"," ","  60.6"," "," 0.17","G","999.9","010000"
"59209099999","2019-11-03","23.3","105.95","794.0","NAPO, CH","  64.0"," 7","  60.3"," 7","1018.8"," 7","999.9"," 0"," 15.5"," 7","  3.4"," 7","  5.8","999.9","  67.1"," ","  62.1","*"," 0.02","G","999.9","000000"
"59209099999","2019-11-04","23.3","105.95","794.0","NAPO, CH","  60.9"," 7","  53.6"," 7","1019.1"," 7","999.9"," 0"," 13.8"," 7","  3.3"," 7","  5.8","999.9","  70.3"," ","  50.9","*"," 0.00","G","999.9","000000"
"59209099999","2019-11-05","23.3","105.95","794.0","NAPO, CH","  62.7"," 7","  53.1"," 7","1015.1"," 7","999.9"," 0"," 15.2"," 7","  2.5"," 7","  3.9","999.9","  75.9"," ","  50.2"," "," 0.00","I","999.9","000000"
"59209099999","2019-11-06","23.3","105.95","794.0","NAPO, CH","  62.5"," 7","  53.9"," 7","1014.3"," 7","999.9"," 0"," 12.1"," 7","  3.9"," 7","  7.8","999.9","  66.7"," ","  56.8"," "," 0.00","I","999.9","000000"
"59209099999","2019-11-07","23.3","105.95","794.0","NAPO, CH","  64.3"," 6","  54.1"," 6","1018.3"," 6","999.9"," 0","  9.7"," 6","  3.9"," 6","  5.8","999.9","  72.5","*","  56.5","*"," 0.00","I","999.9","000000"
"59209099999","2019-11-08","23.3","105.95","794.0","NAPO, CH","  60.9"," 7","  52.3"," 7","1020.5"," 7","999.9"," 0"," 11.9"," 6","  4.8"," 6","  7.8"," 10.1","  70.3"," ","  52.9","*"," 0.00","I","999.9","000000"
"59209099999","2019-11-09","23.3","105.95","794.0","NAPO, CH","  60.6"," 7","  53.0"," 7","1019.4"," 7","999.9"," 0","  8.1"," 6","  3.6"," 6","  5.8","999.9","  70.9"," ","  50.7"," "," 0.00","I","999.9","000000"
"59209099999","2019-11-10","23.3","105.95","794.0","NAPO, CH","  61.0"," 7","  53.5"," 7","1018.3"," 7","999.9"," 0","  6.2"," 7","  3.2"," 6","  5.8","999.9","  69.4"," ","  51.4","*"," 0.00","I","999.9","000000"
"59209099999","2019-11-11","23.3","105.95","794.0","NAPO, CH","  64.1"," 7","  55.4"," 7","1014.4"," 7","999.9"," 0","  6.3"," 7","  5.3"," 6"," 11.7","999.9","  74.5"," ","  50.7"," "," 0.00","I","999.9","000000"
"59209099999","2019-11-12","23.3","105.95","794.0","NAPO, CH","  66.7"," 7","  56.2"," 7","1014.6"," 7","999.9"," 0","  7.5"," 7","  5.5"," 6","  9.7","999.9","  75.4"," ","  57.6"," "," 0.00","I","999.9","000000"
"59209099999","2019-11-13","23.3","105.95","794.0","NAPO, CH","  62.8"," 7","  56.3"," 7","1023.2"," 7","999.9"," 0"," 13.3"," 6","  6.1"," 7"," 11.7","999.9","  67.6"," ","  58.3","*","99.99"," ","999.9","010000"
"59209099999","2019-11-14","23.3","105.95","794.0","NAPO, CH","  62.0"," 7","  53.1"," 7","1020.2"," 7","999.9"," 0"," 17.5"," 7","  4.5"," 7","  8.0"," 10.7","  72.1"," ","  56.8"," "," 0.00","I","999.9","000000"
"59209099999","2019-11-15","23.3","105.95","794.0","NAPO, CH","  64.5"," 7","  58.1"," 7","1014.6"," 7","999.9"," 0"," 16.2"," 5","  8.0"," 7"," 11.7","999.9","  68.4"," ","  54.1"," "," 0.00","I","999.9","000000"
"59209099999","2019-11-16","23.3","105.95","794.0","NAPO, CH","  65.9"," 7","  61.8"," 7","1011.3"," 7","999.9"," 0","  5.7"," 7","  7.5"," 7","  9.7","999.9","  67.1"," ","  63.3"," "," 0.00","I","999.9","000000"
"59209099999","2019-11-17","23.3","105.95","794.0","NAPO, CH","  68.6"," 7","  62.6"," 7","1012.1"," 7","999.9"," 0"," 10.4"," 6","  5.8"," 7"," 11.7","999.9","  76.1"," ","  63.0","*"," 0.00","I","999.9","000000"
"59209099999","2019-11-18","23.3","105.95","794.0","NAPO, CH","  56.9"," 7","  52.1"," 7","1021.7"," 7","999.9"," 0"," 14.7"," 7","  6.9"," 7"," 11.7","999.9","  64.0"," ","  52.3","*"," 0.02","G","999.9","010000"
"59209099999","2019-11-19","23.3","105.95","794.0","NAPO, CH","  59.3"," 7","  52.1"," 7","1020.5"," 7","999.9"," 0"," 14.1"," 7","  4.7"," 7","  7.8","999.9","  69.4"," ","  52.3"," "," 0.00","A","999.9","010000"
"59209099999","2019-11-20","23.3","105.95","794.0","NAPO, CH","  57.6"," 7","  54.1"," 7","1020.4"," 7","999.9"," 0"," 10.2"," 7","  4.4"," 7","  9.7","999.9","  59.5"," ","  55.8"," ","99.99"," ","999.9","010000"
"59209099999","2019-11-21","23.3","105.95","794.0","NAPO, CH","  58.3"," 7","  55.2"," 7","1020.1"," 7","999.9"," 0","  6.9"," 7","  4.6"," 6","  7.8","999.9","  59.9"," ","  56.7"," "," 0.00","C","999.9","010000"
"59209099999","2019-11-22","23.3","105.95","794.0","NAPO, CH","  62.5"," 7","  56.4"," 7","1016.2"," 7","999.9"," 0","  6.4"," 7","  8.0"," 7"," 11.7","999.9","  67.5"," ","  57.4"," "," 0.00","G","999.9","000000"
"59209099999","2019-11-23","23.3","105.95","794.0","NAPO, CH","  65.0"," 7","  59.3"," 7","1014.9"," 7","999.9"," 0","  5.0"," 6","  7.2"," 7","  9.7"," 12.0","  69.6"," ","  61.3"," "," 0.00","I","999.9","000000"
"59209099999","2019-11-24","23.3","105.95","794.0","NAPO, CH","  64.9"," 7","  60.2"," 7","1017.9"," 7","999.9"," 0","  5.7"," 6","  4.7"," 7"," 11.7","999.9","  69.1"," ","  61.2","*"," 0.00","A","999.9","000000"
"59209099999","2019-11-25","23.3","105.95","794.0","NAPO, CH","  56.9"," 7","  53.7"," 7","1022.8"," 7","924.1"," 6","  9.0"," 7","  4.8"," 7","  8.2"," 15.7","  68.5"," ","  54.9"," "," 0.00","G","999.9","010000"
"59209099999","2019-11-26","23.3","105.95","794.0","NAPO, CH","  61.2"," 6","  56.8"," 6","1019.9"," 6","922.1"," 6","  4.7"," 6","  8.8"," 6"," 12.2"," 19.4","  65.8"," ","  54.7"," "," 0.00","G","999.9","000000"
"59209099999","2019-11-27","23.3","105.95","794.0","NAPO, CH","  58.3"," 7","  54.2"," 7","1022.5"," 7","924.6"," 7","  7.2"," 7","  5.6"," 7","  7.2"," 17.3","  68.7"," ","  51.3","*"," 0.00","G","999.9","000000"
"59209099999","2019-11-28","23.3","105.95","794.0","NAPO, CH","  52.9"," 7","  48.9"," 7","1024.4"," 7","924.9"," 7"," 14.8"," 7","  5.0"," 7","  7.6"," 10.1","  66.7"," ","  51.1"," "," 0.00","G","999.9","010000"
"59209099999","2019-11-29","23.3","105.95","794.0","NAPO, CH","  54.7"," 7","  51.2"," 7","1020.7"," 7","921.9"," 7","  7.1"," 7","  8.8"," 7"," 11.7"," 17.7","  56.7"," ","  52.0"," "," 0.00","G","999.9","000000"
"59209099999","2019-11-30","23.3","105.95","794.0","NAPO, CH","  60.0"," 7","  55.3"," 7","1018.3"," 7","920.6"," 7","  6.2"," 7","  5.4"," 7"," 10.3"," 17.7","  63.0"," ","  54.5"," "," 0.00","G","999.9","010000"
"59209099999","2019-12-01","23.3","105.95","794.0","NAPO, CH","  50.2"," 7","  45.5"," 7","1025.4"," 7","925.5"," 6"," 13.1"," 7","  6.3"," 7","  7.8"," 15.0","  63.0"," ","  47.3"," "," 0.02","G","999.9","010000"
"59209099999","2019-12-02","23.3","105.95","794.0","NAPO, CH","  48.6"," 7","  40.3"," 7","1028.5"," 7","927.9"," 7"," 11.2"," 7","  5.7"," 7","  8.0"," 14.0","  52.3"," ","  46.8"," "," 0.00","G","999.9","010000"
"59209099999","2019-12-03","23.3","105.95","794.0","NAPO, CH","  51.6"," 7","  41.0"," 7","1026.6"," 7","926.3"," 7"," 13.6"," 7","  4.8"," 7","  6.4"," 15.3","  59.4"," ","  46.4"," "," 0.00","G","999.9","000000"
"59209099999","2019-12-04","23.3","105.95","794.0","NAPO, CH","  50.5"," 7","  41.0"," 7","1028.5"," 7","928.2"," 7"," 13.0"," 7","  5.1"," 7","  5.8"," 15.3","  59.4"," ","  45.0"," "," 0.00","G","999.9","010000"
"59209099999","2019-12-05","23.3","105.95","794.0","NAPO, CH","  46.4"," 7","  36.9"," 7","1032.3"," 7","931.1"," 7"," 12.5"," 7","  6.7"," 7"," 11.5"," 20.8","  55.8"," ","  37.0"," "," 0.00","G","999.9","000000"
"59209099999","2019-12-06","23.3","105.95","794.0","NAPO, CH","  44.3"," 7","  32.2"," 7","1032.2"," 7","930.5"," 7"," 14.2"," 7","  4.0"," 7","  9.1"," 15.0","  56.7"," ","  33.1"," "," 0.00","G","999.9","000000"
"59209099999","2019-12-07","23.3","105.95","794.0","NAPO, CH","  44.6"," 7","  32.4"," 7","1030.0"," 7","928.2"," 7"," 13.9"," 7","  1.9"," 7","  3.3","999.9","  64.0"," ","  32.0"," "," 0.00","G","999.9","000000"
"59209099999","2019-12-08","23.3","105.95","794.0","NAPO, CH","  47.0"," 7","  32.2"," 7","1027.8"," 7","926.5"," 7"," 16.5"," 7","  2.3"," 7","  3.9","999.9","  64.0"," ","  31.3"," "," 0.00","G","999.9","000000"
"59209099999","2019-12-09","23.3","105.95","794.0","NAPO, CH","  46.1"," 7","  33.0"," 7","1024.0"," 7","923.3"," 7"," 14.3"," 7","  2.1"," 7","  4.5"," 10.5","  65.3"," ","  31.3"," "," 0.00","G","999.9","000000"
"59209099999","2019-12-10","23.3","105.95","794.0","NAPO, CH","  46.9"," 7","  36.5"," 7","1021.6"," 7","921.1"," 7"," 10.7"," 7","  2.6"," 7","  8.4"," 12.4","  66.6"," ","  32.9"," "," 0.00","G","999.9","000000"
"59209099999","2019-12-11","23.3","105.95","794.0","NAPO, CH","  47.8"," 7","  34.3"," 7","1021.6"," 7","921.3"," 7"," 10.7"," 7","  1.8"," 7","  2.7"," 11.1","  67.1"," ","  32.9"," "," 0.00","G","999.9","000000"
"59209099999","2019-12-12","23.3","105.95","794.0","NAPO, CH","  50.6"," 7","  39.4"," 7","1021.7"," 7","921.7"," 7","  9.2"," 7","  2.7"," 7","  9.9"," 15.2","  67.1"," ","  34.2"," "," 0.00","G","999.9","000000"
"59209099999","2019-12-13","23.3","105.95","794.0","NAPO, CH","  58.7"," 7","  48.6"," 7","1021.5"," 7","922.6"," 7","  6.4"," 7","  6.4"," 7"," 11.8"," 16.3","  67.5"," ","  34.5"," "," 0.00","G","999.9","000000"
"59209099999","2019-12-14","23.3","105.95","794.0","NAPO, CH","  61.9"," 7","  50.7"," 7","1018.8"," 7","921.4"," 7"," 11.5"," 7","  7.0"," 7"," 11.7"," 20.4","  68.0"," ","  44.1"," "," 0.00","G","999.9","000000"
"59209099999","2019-12-15","23.3","105.95","794.0","NAPO, CH","  64.4"," 7","  54.0"," 7","1016.1"," 7","919.3"," 7","  9.1"," 7","  7.4"," 7"," 11.7"," 19.0","  70.7"," ","  58.5"," "," 0.00","G","999.9","000000"
"59209099999","2019-12-16","23.3","105.95","794.0","NAPO, CH","  65.5"," 7","  55.9"," 7","1014.8"," 7","918.4"," 7","  7.8"," 7","  6.3"," 7"," 13.0"," 18.8","  72.0"," ","  59.9"," "," 0.00","G","999.9","000000"
"59209099999","2019-12-17","23.3","105.95","794.0","NAPO, CH","  64.1"," 7","  56.5"," 7","1015.6"," 7","919.1"," 7","  7.7"," 7","  5.8"," 7"," 11.5"," 16.7","  72.5"," ","  56.8"," "," 0.00","G","999.9","000000"
"59209099999","2019-12-18","23.3","105.95","794.0","NAPO, CH","  64.3"," 7","  57.4"," 7","1016.9"," 7","920.3"," 7","  7.5"," 7","  5.0"," 7","  8.0"," 16.5","  72.7"," ","  57.2"," "," 0.00","G","999.9","000000"
"59209099999","2019-12-19","23.3","105.95","794.0","NAPO, CH","  50.5"," 7","  48.1"," 7","1021.3"," 7","922.2"," 7","  5.3"," 7","  4.3"," 7","  7.2"," 11.7","  72.7"," ","  49.1"," "," 0.03","G","999.9","010000"
"59209099999","2019-12-20","23.3","105.95","794.0","NAPO, CH","  50.7"," 7","  49.2"," 7","1020.0"," 7","920.5"," 7","  3.3"," 7","  2.4"," 7","  4.5"," 10.5","  52.5"," ","  48.0"," "," 0.04","G","999.9","010000"
"59209099999","2019-12-21","23.3","105.95","794.0","NAPO, CH","  52.0"," 7","  50.3"," 7","1018.3"," 7","919.3"," 7","  6.9"," 7","  3.8"," 7","  5.4","999.9","  54.9"," ","  48.0"," "," 0.05","G","999.9","010000"
"59209099999","2019-12-22","23.3","105.95","794.0","NAPO, CH","  53.3"," 7","  50.6"," 7","1015.9"," 7","917.2"," 7"," 11.0"," 7","  4.5"," 7","  6.8"," 12.0","  57.9"," ","  47.7"," "," 0.00","G","999.9","010000"
"59209099999","2019-12-23","23.3","105.95","794.0","NAPO, CH","  58.8"," 7","  53.6"," 7","1015.0"," 7","917.5"," 7"," 14.8"," 7","  6.7"," 7"," 13.4"," 18.3","  66.4"," ","  47.8"," "," 0.00","G","999.9","000000"
"59209099999","2019-12-24","23.3","105.95","794.0","NAPO, CH","  58.8"," 7","  55.3"," 7","1015.8"," 7","918.1"," 7","  9.4"," 7","  5.7"," 7","  9.1"," 14.0","  66.4"," ","  52.7"," "," 0.00","G","999.9","010000"
"59209099999","2019-12-25","23.3","105.95","794.0","NAPO, CH","  63.6"," 7","  57.1"," 7","1012.5"," 7","916.1"," 7","  7.9"," 7","  5.7"," 7"," 12.8"," 16.9","  72.9"," ","  52.7"," "," 0.00","G","999.9","000000"
"59209099999","2019-12-26","23.3","105.95","794.0","NAPO, CH","  51.7"," 7","  46.1"," 7","1022.5"," 7","923.6"," 7"," 11.1"," 7","  6.6"," 7","  9.1"," 15.2","  72.9"," ","  49.5"," "," 0.00","G","999.9","010000"
"59209099999","2019-12-27","23.3","105.95","794.0","NAPO, CH","  49.7"," 7","  45.2"," 7","1022.5"," 7","922.8"," 7","  6.9"," 7","  3.2"," 7","  5.2","  9.7","  55.8"," ","  47.8"," "," 0.03","G","999.9","010000"
"59209099999","2019-12-28","23.3","105.95","794.0","NAPO, CH","  52.3"," 7","  49.8"," 7","1020.1"," 7","920.7"," 7","  7.3"," 7","  4.1"," 7"," 10.3"," 14.4","  54.1"," ","  47.8"," "," 0.06","G","999.9","010000"
"59209099999","2019-12-29","23.3","105.95","794.0","NAPO, CH","  57.0"," 7","  53.5"," 7","1018.8"," 7","920.4"," 7"," 10.6"," 7","  4.1"," 7","  7.6"," 11.7","  59.2"," ","  48.7"," "," 0.01","G","999.9","000000"
"59209099999","2019-12-30","23.3","105.95","794.0","NAPO, CH","  59.5"," 7","  54.9"," 7","1022.2"," 7","924.1"," 7","  9.7"," 7","  2.4"," 7","  5.2","999.9","  64.6"," ","  54.3"," "," 0.00","G","999.9","000000"
"59209099999","2019-12-31","23.3","105.95","794.0","NAPO, CH","  60.3"," 7","  54.9"," 7","1024.5"," 7","926.4"," 7","  4.0"," 7","  4.9"," 7","  9.3"," 16.5","  64.9"," ","  56.1"," "," 0.00","G","999.9","000000"
