"STATION","DATE","LATITUDE","LONGITUDE","ELEVATION","NAME","TEMP","TEMP_ATTRIBUTES","DEWP","DEWP_ATTRIBUTES","SLP","SLP_ATTRIBUTES","STP","STP_ATTRIBUTES","VISIB","VISIB_ATTRIBUTES","WDSP","WDSP_ATTRIBUTES","MXSPD","GUST","MAX","MAX_ATTRIBUTES","MIN","MIN_ATTRIBUTES","PRCP","PRCP_ATTRIBUTES","SNDP","FRSHTT"
"72362093040","2019-01-01","34.06667","-106.9","1485.9","SOCORRO MUNICIPAL AIRPORT, NM US","  30.3","24","  22.9","24","9999.9"," 0","846.3","24","  9.6","24","  6.3","24"," 20.0"," 26.0","  37.6"," ","  22.8"," ","99.99"," ","999.9","001000"
"72362093040","2019-01-02","34.06667","-106.9","1485.9","SOCORRO MUNICIPAL AIRPORT, NM US","  20.9","24","  17.2","24","9999.9"," 0","851.3","24","  8.2","24"," 11.9","24"," 20.0"," 24.1","  26.8"," ","  15.6"," ","99.99"," ","999.9","001000"
"72362093040","2019-01-03","34.06667","-106.9","1485.9","SOCORRO MUNICIPAL AIRPORT, NM US","  19.6","24","  12.5","24","9999.9"," 0","854.1","24"," 10.0","24","  9.6","24"," 15.0"," 20.0","  30.0"," ","   9.1"," "," 0.00","I","999.9","000000"
"72362093040","2019-01-04","34.06667","-106.9","1485.9","SOCORRO MUNICIPAL AIRPORT, NM US","  20.4","24","  10.9","24","9999.9"," 0","856.0","24"," 10.0","24","  7.7","24"," 14.0"," 20.0","  36.1"," ","  11.7"," "," 0.00","I","999.9","000000"
"72362093040","2019-01-05","34.06667","-106.9","1485.9","SOCORRO MUNICIPAL AIRPORT, NM US","  25.2","24","  17.5","24","9999.9"," 0","855.4","24"," 10.0","24","  6.8","24","  9.9","999.9","  37.4"," ","  15.8"," "," 0.00","I","999.9","000000"
"72362093040","2019-01-06","34.06667","-106.9","1485.9","SOCORRO MUNICIPAL AIRPORT, NM US","  35.4","24","  27.6","24","9999.9"," 0","850.3","24","  9.9","24","  4.1","24","  9.9","999.9","  46.4"," ","  31.1"," ","99.99"," ","999.9","010000"
"72362093040","2019-01-07","34.06667","-106.9","1485.9","SOCORRO MUNICIPAL AIRPORT, NM US","  35.5","24","  28.3","24","9999.9"," 0","853.9","24"," 10.0","24","  2.8","24","  9.9"," 14.0","  48.2"," ","  25.5"," "," 0.00","I","999.9","000000"
"72362093040","2019-01-08","34.06667","-106.9","1485.9","SOCORRO MUNICIPAL AIRPORT, NM US","  36.7","24","  27.5","24","9999.9"," 0","859.0","24"," 10.0","24","  7.1","24"," 14.0"," 21.0","  48.6"," ","  29.7"," "," 0.00","I","999.9","000000"
"72362093040","2019-01-09","34.06667","-106.9","1485.9","SOCORRO MUNICIPAL AIRPORT, NM US","  35.4","24","  27.3","24","9999.9"," 0","861.5","24"," 10.0","24","  5.0","24","  8.9","999.9","  45.5"," ","  28.0"," "," 0.00","I","999.9","000000"
"72362093040","2019-01-10","34.06667","-106.9","1485.9","SOCORRO MUNICIPAL AIRPORT, NM US","  38.0","24","  30.7","24","9999.9"," 0","857.1","21"," 10.0","24","  2.9","24","  8.0","999.9","  45.9"," ","  31.5"," "," 0.02","A","999.9","010000"
"72362093040","2019-01-11","34.06667","-106.9","1485.9","SOCORRO MUNICIPAL AIRPORT, NM US","  40.5","24","  36.8","24","9999.9"," 0","850.6","24","  4.9","24","  3.6","24"," 22.0"," 31.1","  51.1"," ","  37.4"," "," 0.06","G","999.9","111000"
"72362093040","2019-01-12","34.06667","-106.9","1485.9","SOCORRO MUNICIPAL AIRPORT, NM US","  39.3","24","  26.5","24","9999.9"," 0","853.3","24"," 10.0","24","  7.5","24"," 24.1"," 29.9","  50.4"," ","  28.4"," "," 0.00","G","999.9","000000"
"72362093040","2019-01-13","34.06667","-106.9","1485.9","SOCORRO MUNICIPAL AIRPORT, NM US","  38.1","24","  28.7","24","9999.9"," 0","854.2","24"," 10.0","24","  4.8","24","  9.9","999.9","  46.4"," ","  32.0"," ","99.99"," ","999.9","011000"
"72362093040","2019-01-14","34.06667","-106.9","1485.9","SOCORRO MUNICIPAL AIRPORT, NM US","  38.1","24","  33.4","24","9999.9"," 0","857.2","24","  9.4","24","  6.3","24"," 11.1","999.9","  49.1"," ","  33.3"," ","99.99"," ","999.9","010000"
"72362093040","2019-01-15","34.06667","-106.9","1485.9","SOCORRO MUNICIPAL AIRPORT, NM US","  37.7","24","  32.4","24","9999.9"," 0","856.5","24","  9.9","24","  5.5","24"," 12.0"," 14.0","  47.8"," ","  29.8"," "," 0.00","I","999.9","000000"
"72362093040","2019-01-16","34.06667","-106.9","1485.9","SOCORRO MUNICIPAL AIRPORT, NM US","  39.7","24","  32.4","24","9999.9"," 0","855.1","24","  8.8","24","  4.3","24","  7.0","999.9","  59.2","*","  30.2","*"," 0.00","I","999.9","000000"
"72362093040","2019-01-17","34.06667","-106.9","1485.9","SOCORRO MUNICIPAL AIRPORT, NM US","  44.2","24","  29.9","24","9999.9"," 0","856.3","24"," 10.0","24","  4.9","24"," 17.1"," 20.0","  61.2"," ","  28.2"," "," 0.00","I","999.9","000000"
"72362093040","2019-01-18","34.06667","-106.9","1485.9","SOCORRO MUNICIPAL AIRPORT, NM US","  45.9","24","  28.1","24","9999.9"," 0","850.1","24"," 10.0","24","  8.5","24"," 25.1"," 42.9","  57.9"," ","  36.9"," "," 0.01","A","999.9","010000"
"72362093040","2019-01-19","34.06667","-106.9","1485.9","SOCORRO MUNICIPAL AIRPORT, NM US","  39.2","24","  19.5","24","9999.9"," 0","857.5","24"," 10.0","24","  8.9","24"," 25.1"," 35.0","  51.1"," ","  27.5"," "," 0.00","I","999.9","000000"
"72362093040","2019-01-20","34.06667","-106.9","1485.9","SOCORRO MUNICIPAL AIRPORT, NM US","  38.0","24","  22.6","24","9999.9"," 0","858.1","24"," 10.0","24","  3.4","24","  7.0","999.9","  56.1"," ","  27.5"," "," 0.00","I","999.9","000000"
"72362093040","2019-01-21","34.06667","-106.9","1485.9","SOCORRO MUNICIPAL AIRPORT, NM US","  44.6","24","  18.4","24","9999.9"," 0","847.2","24"," 10.0","24","  9.1","24"," 28.9"," 39.0","  68.4"," ","  32.0"," "," 0.00","I","999.9","000000"
"72362093040","2019-01-22","34.06667","-106.9","1485.9","SOCORRO MUNICIPAL AIRPORT, NM US","  43.9","24","  18.2","24","9999.9"," 0","843.8","24"," 10.0","24"," 11.3","24"," 22.9"," 35.9","  61.3"," ","  33.4"," "," 0.00","I","999.9","000000"
"72362093040","2019-01-23","34.06667","-106.9","1485.9","SOCORRO MUNICIPAL AIRPORT, NM US","  33.5","24","  16.4","24","9999.9"," 0","855.2","24"," 10.0","24","  5.8","24"," 14.0"," 18.1","  46.4"," ","  21.6"," "," 0.00","I","999.9","000000"
"72362093040","2019-01-24","34.06667","-106.9","1485.9","SOCORRO MUNICIPAL AIRPORT, NM US","  36.7","24","  13.7","24","9999.9"," 0","853.0","24"," 10.0","24","  4.3","24"," 11.1"," 15.0","  50.9"," ","  27.1"," "," 0.00","I","999.9","000000"
"72362093040","2019-01-25","34.06667","-106.9","1485.9","SOCORRO MUNICIPAL AIRPORT, NM US","  35.1","24","  13.1","24","9999.9"," 0","855.0","24"," 10.0","24","  4.6","24","  9.9"," 18.1","  50.9"," ","  19.9"," "," 0.00","I","999.9","000000"
"72362093040","2019-01-26","34.06667","-106.9","1485.9","SOCORRO MUNICIPAL AIRPORT, NM US","  34.9","24","  12.4","24","9999.9"," 0","854.9","24"," 10.0","24","  7.2","24"," 15.9"," 19.0","  52.9"," ","  20.8"," "," 0.00","I","999.9","000000"
"72362093040","2019-01-27","34.06667","-106.9","1485.9","SOCORRO MUNICIPAL AIRPORT, NM US","  37.7","24","  14.5","24","9999.9"," 0","857.1","24"," 10.0","24","  6.1","24"," 11.1"," 15.0","  54.1"," ","  24.1"," "," 0.00","I","999.9","000000"
"72362093040","2019-01-28","34.06667","-106.9","1485.9","SOCORRO MUNICIPAL AIRPORT, NM US","  40.5","24","  18.2","24","9999.9"," 0","850.2","24"," 10.0","24","  4.5","24","  9.9"," 14.0","  58.5"," ","  27.0"," "," 0.00","I","999.9","000000"
"72362093040","2019-01-29","34.06667","-106.9","1485.9","SOCORRO MUNICIPAL AIRPORT, NM US","  35.8","24","  18.3","24","9999.9"," 0","853.4","24"," 10.0","24","  4.6","24","  9.9","999.9","  55.8"," ","  27.1"," "," 0.00","I","999.9","000000"
"72362093040","2019-01-30","34.06667","-106.9","1485.9","SOCORRO MUNICIPAL AIRPORT, NM US","  37.6","24","  19.9","24","9999.9"," 0","850.5","24"," 10.0","24","  4.1","24","  8.9","999.9","  52.7"," ","  28.0"," "," 0.00","I","999.9","000000"
"72362093040","2019-01-31","34.06667","-106.9","1485.9","SOCORRO MUNICIPAL AIRPORT, NM US","  39.1","24","  15.7","24","9999.9"," 0","850.4","23"," 10.0","24","  4.8","24","  9.9","999.9","  59.2"," ","  23.5"," "," 0.00","I","999.9","000000"
"72362093040","2019-02-01","34.06667","-106.9","1485.9","SOCORRO MUNICIPAL AIRPORT, NM US","  43.7","24","  19.0","24","9999.9"," 0","851.3","24"," 10.0","24","  5.0","24","  8.9","999.9","  61.0"," ","  32.0"," "," 0.00","I","999.9","000000"
"72362093040","2019-02-02","34.06667","-106.9","1485.9","SOCORRO MUNICIPAL AIRPORT, NM US","  55.2"," 9","  28.1"," 9","9999.9"," 0","850.3"," 9"," 10.0"," 8","  5.0"," 9","  9.9"," 14.0","  62.6","*","  42.1","*"," 0.00","I","999.9","000000"
"72362093040","2019-02-03","34.06667","-106.9","1485.9","SOCORRO MUNICIPAL AIRPORT, NM US","  45.7","24","  30.9","24","9999.9"," 0","847.0","24"," 10.0","24","  6.2","24"," 19.0"," 24.1","  63.9"," ","  31.5"," "," 0.00","I","999.9","000000"
"72362093040","2019-02-04","34.06667","-106.9","1485.9","SOCORRO MUNICIPAL AIRPORT, NM US","  49.4","24","  33.2","24","9999.9"," 0","846.3","24"," 10.0","24","  7.5","24"," 17.1"," 24.1","  66.4"," ","  36.0"," "," 0.00","I","999.9","000000"
"72362093040","2019-02-05","34.06667","-106.9","1485.9","SOCORRO MUNICIPAL AIRPORT, NM US","  53.7","24","  32.8","24","9999.9"," 0","844.3","24"," 10.0","24"," 10.4","24"," 18.1"," 25.1","  66.2"," ","  44.4"," ","99.99"," ","999.9","010000"
"72362093040","2019-02-06","34.06667","-106.9","1485.9","SOCORRO MUNICIPAL AIRPORT, NM US","  46.4","24","  24.2","24","9999.9"," 0","842.5","24"," 10.0","24"," 13.4","24"," 25.1"," 36.9","  59.9"," ","  36.5"," ","99.99"," ","999.9","010000"
"72362093040","2019-02-07","34.06667","-106.9","1485.9","SOCORRO MUNICIPAL AIRPORT, NM US","  34.8","24","   3.7","24","9999.9"," 0","850.9","24"," 10.0","24","  9.0","24"," 20.0"," 28.0","  46.4"," ","  22.1"," "," 0.00","I","999.9","000000"
"72362093040","2019-02-08","34.06667","-106.9","1485.9","SOCORRO MUNICIPAL AIRPORT, NM US","  30.1","24","   0.0","24","9999.9"," 0","857.0","24"," 10.0","24","  6.2","24"," 15.9"," 21.0","  51.8"," ","  15.8"," "," 0.00","I","999.9","000000"
"72362093040","2019-02-09","34.06667","-106.9","1485.9","SOCORRO MUNICIPAL AIRPORT, NM US","  39.5","24","  16.8","24","9999.9"," 0","853.6","24"," 10.0","24","  8.3","24"," 17.1"," 22.0","  56.1"," ","  27.9"," "," 0.00","I","999.9","000000"
"72362093040","2019-02-10","34.06667","-106.9","1485.9","SOCORRO MUNICIPAL AIRPORT, NM US","  45.3","24","  22.1","24","9999.9"," 0","849.0","24"," 10.0","24","  7.7","24"," 22.0"," 28.0","  53.2"," ","  36.5"," "," 0.00","I","999.9","000000"
"72362093040","2019-02-11","34.06667","-106.9","1485.9","SOCORRO MUNICIPAL AIRPORT, NM US","  40.4","24","  24.2","24","9999.9"," 0","845.0","24"," 10.0","24"," 12.5","24"," 32.1"," 42.0","  47.7"," ","  31.5"," "," 0.00","I","999.9","000000"
"72362093040","2019-02-12","34.06667","-106.9","1485.9","SOCORRO MUNICIPAL AIRPORT, NM US","  35.2","24","   4.4","24","9999.9"," 0","855.9","24"," 10.0","24","  6.6","24"," 15.9"," 26.0","  53.8"," ","  16.3"," "," 0.00","I","999.9","000000"
"72362093040","2019-02-13","34.06667","-106.9","1485.9","SOCORRO MUNICIPAL AIRPORT, NM US","  35.3","24","   0.5","24","9999.9"," 0","853.7","24"," 10.0","24","  4.0","24"," 11.1"," 14.0","  57.6"," ","  22.6"," "," 0.00","I","999.9","000000"
"72362093040","2019-02-14","34.06667","-106.9","1485.9","SOCORRO MUNICIPAL AIRPORT, NM US","  45.7","24","  12.2","24","9999.9"," 0","849.2","24"," 10.0","24","  4.1","24","  9.9"," 15.0","  56.1"," ","  36.7"," ","99.99"," ","999.9","010000"
"72362093040","2019-02-15","34.06667","-106.9","1485.9","SOCORRO MUNICIPAL AIRPORT, NM US","  54.1","24","  35.6","24","9999.9"," 0","846.0","24"," 10.0","24","  8.5","24"," 18.1"," 28.0","  67.3"," ","  40.8"," "," 0.00","I","999.9","000000"
"72362093040","2019-02-16","34.06667","-106.9","1485.9","SOCORRO MUNICIPAL AIRPORT, NM US","  52.0","24","  23.0","24","9999.9"," 0","843.7","24"," 10.0","24","  8.4","24"," 22.0"," 34.0","  64.4"," ","  41.7"," "," 0.00","I","999.9","000000"
"72362093040","2019-02-17","34.06667","-106.9","1485.9","SOCORRO MUNICIPAL AIRPORT, NM US","  37.3","24","  19.4","24","9999.9"," 0","845.3","24"," 10.0","24","  7.7","24"," 18.1"," 26.0","  45.9"," ","  23.0"," "," 0.00","I","999.9","000000"
"72362093040","2019-02-18","34.06667","-106.9","1485.9","SOCORRO MUNICIPAL AIRPORT, NM US","  35.8","24","   9.2","24","9999.9"," 0","847.1","24"," 10.0","24","  6.8","24"," 20.0"," 28.0","  53.2"," ","  19.8"," "," 0.00","I","999.9","000000"
"72362093040","2019-02-19","34.06667","-106.9","1485.9","SOCORRO MUNICIPAL AIRPORT, NM US","  31.3","24","  17.3","24","9999.9"," 0","844.7","24","  8.4","24","  5.8","24"," 15.0"," 25.1","  50.5"," ","  23.7"," ","99.99"," ","999.9","011010"
"72362093040","2019-02-20","34.06667","-106.9","1485.9","SOCORRO MUNICIPAL AIRPORT, NM US","  29.1","24","  15.2","24","9999.9"," 0","845.5","24"," 10.0","24","  2.8","24"," 12.0"," 15.0","  47.8"," ","  18.0"," "," 0.00","I","999.9","000000"
"72362093040","2019-02-21","34.06667","-106.9","1485.9","SOCORRO MUNICIPAL AIRPORT, NM US","  36.1","24","   5.1","24","9999.9"," 0","841.3","24"," 10.0","24","  7.8","24"," 21.0"," 31.1","  54.3"," ","  19.9"," "," 0.00","I","999.9","000000"
"72362093040","2019-02-22","34.06667","-106.9","1485.9","SOCORRO MUNICIPAL AIRPORT, NM US","  44.4","24","  17.6","24","9999.9"," 0","841.5","24","  9.9","24"," 13.2","24"," 28.9"," 38.1","  53.4"," ","  35.2"," "," 0.02","A","999.9","010000"
"72362093040","2019-02-23","34.06667","-106.9","1485.9","SOCORRO MUNICIPAL AIRPORT, NM US","  36.5","24","  17.1","24","9999.9"," 0","846.8","24","  9.5","24"," 16.0","24"," 35.0"," 49.9","  50.4"," ","  32.0"," ","99.99"," ","999.9","011000"
"72362093040","2019-02-24","34.06667","-106.9","1485.9","SOCORRO MUNICIPAL AIRPORT, NM US","  34.2","24","  10.2","24","9999.9"," 0","856.4","24"," 10.0","24","  6.4","24"," 14.0"," 19.0","  55.2"," ","  20.1"," "," 0.00","I","999.9","000000"
"72362093040","2019-02-25","34.06667","-106.9","1485.9","SOCORRO MUNICIPAL AIRPORT, NM US","  41.0","24","  15.6","24","9999.9"," 0","852.0","24"," 10.0","24","  5.7","24","  9.9"," 14.0","  62.4"," ","  26.6"," "," 0.00","I","999.9","000000"
"72362093040","2019-02-26","34.06667","-106.9","1485.9","SOCORRO MUNICIPAL AIRPORT, NM US","  47.0","24","  17.5","24","9999.9"," 0","852.6","24"," 10.0","24","  5.1","24","  8.9","999.9","  65.8"," ","  31.5"," "," 0.00","I","999.9","000000"
"72362093040","2019-02-27","34.06667","-106.9","1485.9","SOCORRO MUNICIPAL AIRPORT, NM US","  49.6","24","  19.1","24","9999.9"," 0","853.5","24"," 10.0","24","  4.0","24","  9.9"," 14.0","  64.6"," ","  39.2"," "," 0.00","I","999.9","000000"
"72362093040","2019-02-28","34.06667","-106.9","1485.9","SOCORRO MUNICIPAL AIRPORT, NM US","  54.0","21","  21.2","21","9999.9"," 0","851.3","19"," 10.0","21","  4.7","21"," 13.0"," 20.0","  74.5"," ","  32.9"," "," 0.00","I","999.9","000000"
"72362093040","2019-03-01","34.06667","-106.9","1485.9","SOCORRO MUNICIPAL AIRPORT, NM US","  53.5","24","  17.4","24","9999.9"," 0","850.8","18"," 10.0","24","  5.0","24"," 14.0"," 19.0","  73.6"," ","  37.8"," "," 0.00","I","999.9","000000"
"72362093040","2019-03-02","34.06667","-106.9","1485.9","SOCORRO MUNICIPAL AIRPORT, NM US","  57.4","24","  15.0","24","9999.9"," 0","849.2","24"," 10.0","24","  4.8","24"," 15.9"," 28.9","  76.6"," ","  43.7"," "," 0.00","I","999.9","000000"
"72362093040","2019-03-03","34.06667","-106.9","1485.9","SOCORRO MUNICIPAL AIRPORT, NM US","  59.2","24","  25.8","24","9999.9"," 0","848.1","24"," 10.0","24","  9.5","24"," 21.0"," 29.9","  72.3"," ","  42.6"," "," 0.00","I","999.9","000000"
"72362093040","2019-03-04","34.06667","-106.9","1485.9","SOCORRO MUNICIPAL AIRPORT, NM US","  49.4","24","  20.8","24","9999.9"," 0","847.9","24"," 10.0","24","  5.7","24"," 13.0"," 20.0","  69.8"," ","  28.0"," "," 0.00","I","999.9","000000"
"72362093040","2019-03-05","34.06667","-106.9","1485.9","SOCORRO MUNICIPAL AIRPORT, NM US","  46.6","24","  23.4","24","9999.9"," 0","853.2","24"," 10.0","24","  5.7","24"," 15.9"," 21.0","  67.8"," ","  30.7"," "," 0.00","I","999.9","000000"
"72362093040","2019-03-06","34.06667","-106.9","1485.9","SOCORRO MUNICIPAL AIRPORT, NM US","  52.0","24","  18.6","24","9999.9"," 0","852.5","18"," 10.0","24"," 10.5","24"," 21.0"," 27.0","  73.8"," ","  40.1"," "," 0.00","I","999.9","000000"
"72362093040","2019-03-07","34.06667","-106.9","1485.9","SOCORRO MUNICIPAL AIRPORT, NM US","  62.5","24","  20.2","24","9999.9"," 0","849.6","24"," 10.0","24","  9.1","24"," 22.0"," 28.9","  77.9"," ","  50.2"," "," 0.00","I","999.9","000000"
"72362093040","2019-03-08","34.06667","-106.9","1485.9","SOCORRO MUNICIPAL AIRPORT, NM US","  60.0","24","  16.9","24","9999.9"," 0","845.8","24","  9.9","24"," 13.0","24"," 31.1"," 42.9","  71.2"," ","  47.5"," "," 0.00","I","999.9","000000"
"72362093040","2019-03-09","34.06667","-106.9","1485.9","SOCORRO MUNICIPAL AIRPORT, NM US","  47.6","24","  15.3","24","9999.9"," 0","845.3","24"," 10.0","24","  9.8","24"," 25.1"," 36.9","  63.1"," ","  31.1"," ","99.99"," ","999.9","010000"
"72362093040","2019-03-10","34.06667","-106.9","1485.9","SOCORRO MUNICIPAL AIRPORT, NM US","  49.1","24","  11.8","24","9999.9"," 0","847.6","24"," 10.0","24","  4.8","24"," 18.1"," 24.1","  63.1"," ","  37.2"," "," 0.00","I","999.9","000000"
"72362093040","2019-03-11","34.06667","-106.9","1485.9","SOCORRO MUNICIPAL AIRPORT, NM US","  52.1","24","  37.2","24","9999.9"," 0","851.1","24"," 10.0","24","  7.0","24"," 19.0"," 24.1","  65.8"," ","  41.4"," ","99.99"," ","999.9","010000"
"72362093040","2019-03-12","34.06667","-106.9","1485.9","SOCORRO MUNICIPAL AIRPORT, NM US","  53.0","24","  45.9","24","9999.9"," 0","845.7","24"," 10.0","24","  7.6","24"," 21.0"," 31.1","  67.1"," ","  45.5"," "," 0.34","B","999.9","010010"
"72362093040","2019-03-13","34.06667","-106.9","1485.9","SOCORRO MUNICIPAL AIRPORT, NM US","  42.9","24","  31.2","24","9999.9"," 0","836.8","24","  9.7","24"," 11.7","24"," 35.0"," 45.1","  52.7","*","  35.6","*"," 0.02","A","999.9","010000"
"72362093040","2019-03-14","34.06667","-106.9","1485.9","SOCORRO MUNICIPAL AIRPORT, NM US","  40.4","24","  15.1","24","9999.9"," 0","847.4","24","  9.4","24"," 14.6","24"," 38.1"," 49.9","  49.6"," ","  31.6"," "," 0.00","I","999.9","000000"
"72362093040","2019-03-15","34.06667","-106.9","1485.9","SOCORRO MUNICIPAL AIRPORT, NM US","  41.3","24","  19.8","24","9999.9"," 0","857.5","24"," 10.0","24","  4.8","24","  9.9"," 14.0","  54.0"," ","  28.6"," "," 0.00","I","999.9","000000"
"72362093040","2019-03-16","34.06667","-106.9","1485.9","SOCORRO MUNICIPAL AIRPORT, NM US","  44.7","24","  20.3","24","9999.9"," 0","857.4","24"," 10.0","24","  5.5","24","  8.9","999.9","  56.3"," ","  33.8"," "," 0.00","I","999.9","000000"
"72362093040","2019-03-17","34.06667","-106.9","1485.9","SOCORRO MUNICIPAL AIRPORT, NM US","  42.7","24","  27.4","24","9999.9"," 0","857.2","24"," 10.0","24","  5.4","24"," 11.1","999.9","  61.2"," ","  29.8"," "," 0.00","I","999.9","000000"
"72362093040","2019-03-18","34.06667","-106.9","1485.9","SOCORRO MUNICIPAL AIRPORT, NM US","  48.5","24","  26.4","24","9999.9"," 0","855.2","24"," 10.0","24","  4.9","24"," 11.1"," 14.0","  63.7"," ","  33.8"," "," 0.00","I","999.9","000000"
"72362093040","2019-03-19","34.06667","-106.9","1485.9","SOCORRO MUNICIPAL AIRPORT, NM US","  50.3","24","  25.8","24","9999.9"," 0","853.6","24"," 10.0","24","  6.4","24","  8.9"," 25.1","  66.4"," ","  37.8"," "," 0.00","I","999.9","000000"
"72362093040","2019-03-20","34.06667","-106.9","1485.9","SOCORRO MUNICIPAL AIRPORT, NM US","  53.3","24","  31.8","24","9999.9"," 0","854.9","24"," 10.0","24","  4.7","24"," 11.1"," 15.0","  65.8"," ","  41.9"," ","99.99"," ","999.9","010000"
"72362093040","2019-03-21","34.06667","-106.9","1485.9","SOCORRO MUNICIPAL AIRPORT, NM US","  53.0","24","  33.7","24","9999.9"," 0","853.9","24"," 10.0","24","  6.6","24"," 22.0"," 26.0","  66.6"," ","  44.8"," ","99.99"," ","999.9","010010"
"72362093040","2019-03-22","34.06667","-106.9","1485.9","SOCORRO MUNICIPAL AIRPORT, NM US","  56.6","24","  25.9","24","9999.9"," 0","849.4","24"," 10.0","24","  7.0","24"," 17.1"," 29.9","  68.2"," ","  44.2"," "," 0.00","I","999.9","000000"
"72362093040","2019-03-23","34.06667","-106.9","1485.9","SOCORRO MUNICIPAL AIRPORT, NM US","  53.8","24","  19.6","24","9999.9"," 0","851.3","24"," 10.0","24","  7.1","24"," 21.0"," 28.9","  68.9"," ","  41.5"," "," 0.00","I","999.9","000000"
"72362093040","2019-03-24","34.06667","-106.9","1485.9","SOCORRO MUNICIPAL AIRPORT, NM US","  55.4","24","  17.1","24","9999.9"," 0","852.0","24"," 10.0","24","  3.7","24"," 14.0"," 15.9","  70.7"," ","  39.6"," "," 0.00","I","999.9","000000"
"72362093040","2019-03-25","34.06667","-106.9","1485.9","SOCORRO MUNICIPAL AIRPORT, NM US","  56.6","24","   9.4","24","9999.9"," 0","856.3","24"," 10.0","24","  5.6","24"," 12.0"," 18.1","  72.9"," ","  37.9"," "," 0.00","I","999.9","000000"
"72362093040","2019-03-26","34.06667","-106.9","1485.9","SOCORRO MUNICIPAL AIRPORT, NM US","  56.0","24","  14.7","24","9999.9"," 0","855.6","24"," 10.0","24","  5.7","24"," 15.9"," 22.9","  77.4","*","  38.3","*"," 0.00","I","999.9","000000"
"72362093040","2019-03-27","34.06667","-106.9","1485.9","SOCORRO MUNICIPAL AIRPORT, NM US","  66.0","24","  36.9","24","9999.9"," 0","852.1","24"," 10.0","24","  7.0","24"," 17.1"," 24.1","  83.3"," ","  51.1"," "," 0.00","I","999.9","000000"
"72362093040","2019-03-28","34.06667","-106.9","1485.9","SOCORRO MUNICIPAL AIRPORT, NM US","  67.2","24","  18.2","24","9999.9"," 0","851.6","24"," 10.0","24","  5.6","24"," 15.0"," 21.0","  82.8"," ","  50.2"," "," 0.00","I","999.9","000000"
"72362093040","2019-03-29","34.06667","-106.9","1485.9","SOCORRO MUNICIPAL AIRPORT, NM US","  66.5","24","  10.2","24","9999.9"," 0","848.5","20"," 10.0","24","  8.0","24"," 21.0"," 35.0","  81.9"," ","  43.2"," "," 0.00","I","999.9","000000"
"72362093040","2019-03-30","34.06667","-106.9","1485.9","SOCORRO MUNICIPAL AIRPORT, NM US","  53.3","24","   9.6","24","9999.9"," 0","852.1","23"," 10.0","24","  8.9","24"," 24.1"," 28.9","  75.7"," ","  36.5"," "," 0.00","I","999.9","000000"
"72362093040","2019-03-31","34.06667","-106.9","1485.9","SOCORRO MUNICIPAL AIRPORT, NM US","  44.5","24","  20.4","24","9999.9"," 0","855.6","20"," 10.0","24","  7.3","24"," 22.9"," 29.9","  57.9"," ","  32.9"," ","99.99"," ","999.9","010000"
"72362093040","2019-04-01","34.06667","-106.9","1485.9","SOCORRO MUNICIPAL AIRPORT, NM US","  41.7","24","  33.3","24","9999.9"," 0","855.1","24"," 10.0","24","  6.0","24"," 14.0"," 21.0","  61.0"," ","  32.0"," "," 0.03","G","999.9","010000"
"72362093040","2019-04-02","34.06667","-106.9","1485.9","SOCORRO MUNICIPAL AIRPORT, NM US","  55.1","24","  22.2","24","9999.9"," 0","850.6","24"," 10.0","24","  6.0","24"," 14.0"," 20.0","  74.1"," ","  41.0"," "," 0.00","G","999.9","000000"
"72362093040","2019-04-03","34.06667","-106.9","1485.9","SOCORRO MUNICIPAL AIRPORT, NM US","  60.5","24","  17.6","24","9999.9"," 0","847.2","24"," 10.0","24","  7.5","24"," 18.1"," 26.0","  71.8"," ","  43.7"," "," 0.00","I","999.9","000000"
"72362093040","2019-04-04","34.06667","-106.9","1485.9","SOCORRO MUNICIPAL AIRPORT, NM US","  55.6","24","  22.9","24","9999.9"," 0","852.5","24"," 10.0","24","  5.5","24"," 15.0"," 22.9","  72.0"," ","  36.7"," "," 0.00","I","999.9","000000"
"72362093040","2019-04-05","34.06667","-106.9","1485.9","SOCORRO MUNICIPAL AIRPORT, NM US","  58.8","24","  16.9","24","9999.9"," 0","849.9","24"," 10.0","24","  6.2","24"," 15.9"," 22.9","  73.2"," ","  43.7"," "," 0.00","I","999.9","000000"
"72362093040","2019-04-06","34.06667","-106.9","1485.9","SOCORRO MUNICIPAL AIRPORT, NM US","  57.1","24","  22.2","24","9999.9"," 0","848.3","24"," 10.0","24","  5.0","24"," 15.9"," 24.1","  71.2"," ","  39.6"," "," 0.00","I","999.9","000000"
"72362093040","2019-04-07","34.06667","-106.9","1485.9","SOCORRO MUNICIPAL AIRPORT, NM US","  63.5","24","  26.3","24","9999.9"," 0","851.9","24"," 10.0","24"," 10.4","24"," 19.0"," 24.1","  77.0"," ","  50.0"," "," 0.00","I","999.9","000000"
"72362093040","2019-04-08","34.06667","-106.9","1485.9","SOCORRO MUNICIPAL AIRPORT, NM US","  64.6","24","  20.1","24","9999.9"," 0","854.4","24"," 10.0","24","  6.4","24"," 12.0"," 20.0","  83.8"," ","  48.2"," "," 0.00","I","999.9","000000"
"72362093040","2019-04-09","34.06667","-106.9","1485.9","SOCORRO MUNICIPAL AIRPORT, NM US","  66.3","24","  16.6","24","9999.9"," 0","851.0","24"," 10.0","24","  6.2","24"," 19.0"," 28.9","  89.2","*","  43.2","*"," 0.00","I","999.9","000000"
"72362093040","2019-04-10","34.06667","-106.9","1485.9","SOCORRO MUNICIPAL AIRPORT, NM US","  65.9","24","  13.8","24","9999.9"," 0","840.8","24"," 10.0","24"," 13.2","24"," 28.0"," 42.0","  81.7"," ","  53.1"," "," 0.00","I","999.9","000000"
"72362093040","2019-04-11","34.06667","-106.9","1485.9","SOCORRO MUNICIPAL AIRPORT, NM US","  50.0","24","  15.2","24","9999.9"," 0","842.7","24"," 10.0","24"," 14.4","24"," 26.0"," 34.0","  61.5","*","  43.7","*","99.99"," ","999.9","010010"
"72362093040","2019-04-12","34.06667","-106.9","1485.9","SOCORRO MUNICIPAL AIRPORT, NM US","  51.5","24","  18.1","24","9999.9"," 0","843.1","24"," 10.0","24","  6.8","24"," 15.0"," 22.9","  61.0"," ","  46.2"," "," 0.00","I","999.9","000000"
"72362093040","2019-04-13","34.06667","-106.9","1485.9","SOCORRO MUNICIPAL AIRPORT, NM US","  47.5","24","  28.0","24","9999.9"," 0","845.7","24"," 10.0","24","  6.6","24"," 18.1"," 28.0","  61.5"," ","  34.3"," "," 0.00","I","999.9","000000"
"72362093040","2019-04-14","34.06667","-106.9","1485.9","SOCORRO MUNICIPAL AIRPORT, NM US","  49.5","24","  26.5","24","9999.9"," 0","849.8","24"," 10.0","24","  6.6","24"," 14.0"," 22.9","  78.6"," ","  29.1"," "," 0.00","I","999.9","000000"
"72362093040","2019-04-15","34.06667","-106.9","1485.9","SOCORRO MUNICIPAL AIRPORT, NM US","  65.0","24","  14.5","24","9999.9"," 0","847.4","24"," 10.0","24","  6.0","24"," 15.9"," 25.1","  83.7"," ","  43.9"," "," 0.00","I","999.9","000000"
"72362093040","2019-04-16","34.06667","-106.9","1485.9","SOCORRO MUNICIPAL AIRPORT, NM US","  66.9","24","  15.7","24","9999.9"," 0","845.9","24"," 10.0","24","  7.3","24"," 21.0"," 27.0","  81.0"," ","  50.2"," "," 0.00","I","999.9","000000"
"72362093040","2019-04-17","34.06667","-106.9","1485.9","SOCORRO MUNICIPAL AIRPORT, NM US","  56.2","24","  32.9","24","9999.9"," 0","845.6","24","  9.8","24","  7.6","24"," 20.0"," 27.0","  76.3"," ","  44.6"," "," 0.09","G","999.9","010010"
"72362093040","2019-04-18","34.06667","-106.9","1485.9","SOCORRO MUNICIPAL AIRPORT, NM US","  51.0","24","  40.2","24","9999.9"," 0","852.5","24","  9.9","24","  3.4","24","  8.9"," 14.0","  72.9"," ","  36.0"," "," 0.17","G","999.9","110000"
"72362093040","2019-04-19","34.06667","-106.9","1485.9","SOCORRO MUNICIPAL AIRPORT, NM US","  60.2","24","  32.2","24","9999.9"," 0","855.0","24"," 10.0","24","  4.1","24","  8.9","999.9","  79.3"," ","  41.4"," "," 0.00","G","999.9","000000"
"72362093040","2019-04-20","34.06667","-106.9","1485.9","SOCORRO MUNICIPAL AIRPORT, NM US","  67.3","24","  23.0","24","9999.9"," 0","850.2","24"," 10.0","24","  8.2","24"," 20.0"," 27.0","  86.5"," ","  50.4"," "," 0.00","I","999.9","000000"
"72362093040","2019-04-21","34.06667","-106.9","1485.9","SOCORRO MUNICIPAL AIRPORT, NM US","  69.7","24","  19.9","24","9999.9"," 0","847.1","24"," 10.0","24","  7.6","24"," 17.1"," 22.0","  83.3"," ","  54.1"," "," 0.00","I","999.9","000000"
"72362093040","2019-04-22","34.06667","-106.9","1485.9","SOCORRO MUNICIPAL AIRPORT, NM US","  65.1","24","  22.3","24","9999.9"," 0","848.7","24"," 10.0","24","  6.7","24"," 28.0"," 36.9","  81.5"," ","  48.2"," "," 0.00","I","999.9","000000"
"72362093040","2019-04-23","34.06667","-106.9","1485.9","SOCORRO MUNICIPAL AIRPORT, NM US","  58.1","24","  37.3","24","9999.9"," 0","850.9","24"," 10.0","24","  5.9","24"," 13.0"," 26.0","  70.7"," ","  48.2"," ","99.99"," ","999.9","010010"
"72362093040","2019-04-24","34.06667","-106.9","1485.9","SOCORRO MUNICIPAL AIRPORT, NM US","  56.9","24","  38.4","24","9999.9"," 0","850.7","24"," 10.0","24","  6.3","24"," 15.0"," 21.0","  75.4"," ","  43.3"," ","99.99"," ","999.9","010010"
"72362093040","2019-04-25","34.06667","-106.9","1485.9","SOCORRO MUNICIPAL AIRPORT, NM US","  64.1","24","  33.1","24","9999.9"," 0","850.3","24"," 10.0","24","  4.0","24"," 11.1"," 17.1","  83.3"," ","  45.5"," "," 0.00","I","999.9","000000"
"72362093040","2019-04-26","34.06667","-106.9","1485.9","SOCORRO MUNICIPAL AIRPORT, NM US","  69.3","24","  33.9","24","9999.9"," 0","852.7","24"," 10.0","24","  5.3","24"," 24.1"," 35.9","  85.5"," ","  52.0"," ","99.99"," ","999.9","010000"
"72362093040","2019-04-27","34.06667","-106.9","1485.9","SOCORRO MUNICIPAL AIRPORT, NM US","  74.3","24","  24.4","24","9999.9"," 0","849.0","24"," 10.0","24","  8.0","24"," 17.1"," 22.9","  88.2"," ","  57.2"," "," 0.00","I","999.9","000000"
"72362093040","2019-04-28","34.06667","-106.9","1485.9","SOCORRO MUNICIPAL AIRPORT, NM US","  73.0","24","  17.8","24","9999.9"," 0","846.9","24"," 10.0","24","  5.4","24"," 14.0"," 21.0","  88.3"," ","  51.6"," "," 0.00","I","999.9","000000"
"72362093040","2019-04-29","34.06667","-106.9","1485.9","SOCORRO MUNICIPAL AIRPORT, NM US","  70.2","24","  18.4","24","9999.9"," 0","845.7","14"," 10.0","24","  6.5","24"," 24.1"," 35.0","  86.5"," ","  49.3"," "," 0.00","I","999.9","000000"
"72362093040","2019-04-30","34.06667","-106.9","1485.9","SOCORRO MUNICIPAL AIRPORT, NM US","  66.7","24","  24.5","24","9999.9"," 0","845.5","19"," 10.0","24","  7.6","24"," 19.0"," 28.0","  79.7"," ","  50.7"," "," 0.00","I","999.9","000000"
"72362093040","2019-05-01","34.06667","-106.9","1485.9","SOCORRO MUNICIPAL AIRPORT, NM US","  64.4","24","  22.5","24","9999.9"," 0","847.9","19"," 10.0","24","  5.5","24"," 14.0"," 25.1","  83.1"," ","  46.8"," "," 0.00","I","999.9","000000"
"72362093040","2019-05-02","34.06667","-106.9","1485.9","SOCORRO MUNICIPAL AIRPORT, NM US","  66.2","24","  19.2","24","9999.9"," 0","849.4","24"," 10.0","24","  6.6","24"," 18.1"," 25.1","  82.6"," ","  46.6"," "," 0.00","I","999.9","000000"
"72362093040","2019-05-03","34.06667","-106.9","1485.9","SOCORRO MUNICIPAL AIRPORT, NM US","  68.1","24","  18.0","24","9999.9"," 0","848.7","24"," 10.0","24","  7.3","24"," 15.9"," 22.9","  77.9"," ","  54.1"," "," 0.00","I","999.9","000000"
"72362093040","2019-05-04","34.06667","-106.9","1485.9","SOCORRO MUNICIPAL AIRPORT, NM US","  65.9","24","  15.4","24","9999.9"," 0","848.3","24"," 10.0","24","  5.3","24"," 13.0"," 20.0","  83.5"," ","  46.9"," "," 0.00","I","999.9","000000"
"72362093040","2019-05-05","34.06667","-106.9","1485.9","SOCORRO MUNICIPAL AIRPORT, NM US","  71.6","24","  16.1","24","9999.9"," 0","846.2","24"," 10.0","24","  6.0","24"," 13.0"," 22.0","  86.2"," ","  55.6"," "," 0.00","I","999.9","000000"
"72362093040","2019-05-06","34.06667","-106.9","1485.9","SOCORRO MUNICIPAL AIRPORT, NM US","  72.1","24","  15.9","24","9999.9"," 0","846.0","24"," 10.0","24","  7.3","24"," 22.9"," 31.1","  85.5"," ","  52.2"," "," 0.00","I","999.9","000000"
"72362093040","2019-05-07","34.06667","-106.9","1485.9","SOCORRO MUNICIPAL AIRPORT, NM US","  67.7","24","  14.1","24","9999.9"," 0","846.2","24"," 10.0","24","  8.5","24"," 25.1"," 32.1","  80.6"," ","  55.4"," "," 0.00","I","999.9","000000"
"72362093040","2019-05-08","34.06667","-106.9","1485.9","SOCORRO MUNICIPAL AIRPORT, NM US","  59.4","24","  29.6","24","9999.9"," 0","845.6","24"," 10.0","24"," 11.1","24"," 25.1"," 32.1","  74.1"," ","  47.7"," "," 0.01","A","999.9","010000"
"72362093040","2019-05-09","34.06667","-106.9","1485.9","SOCORRO MUNICIPAL AIRPORT, NM US","  56.9","24","  32.3","24","9999.9"," 0","847.5","24"," 10.0","24","  5.9","24"," 17.1"," 22.0","  73.4"," ","  39.2"," "," 0.00","I","999.9","000000"
"72362093040","2019-05-10","34.06667","-106.9","1485.9","SOCORRO MUNICIPAL AIRPORT, NM US","  52.7","24","  39.6","24","9999.9"," 0","848.8","24","  9.8","24","  6.2","24"," 15.0"," 21.0","  72.0"," ","  44.4"," "," 0.03","G","999.9","010000"
"72362093040","2019-05-11","34.06667","-106.9","1485.9","SOCORRO MUNICIPAL AIRPORT, NM US","  50.6","24","  45.5","24","9999.9"," 0","849.8","24","  9.6","24","  3.0","24"," 14.0"," 17.1","  61.5"," ","  46.4"," "," 0.51","G","999.9","010000"
"72362093040","2019-05-12","34.06667","-106.9","1485.9","SOCORRO MUNICIPAL AIRPORT, NM US","  56.0","24","  42.1","24","9999.9"," 0","849.1","24","  9.8","24","  2.5","24"," 19.0"," 25.1","  73.8"," ","  43.3"," "," 0.14","G","999.9","010010"
"72362093040","2019-05-13","34.06667","-106.9","1485.9","SOCORRO MUNICIPAL AIRPORT, NM US","  58.2","24","  42.2","24","9999.9"," 0","850.6","24"," 10.0","24","  4.9","24"," 14.0"," 21.0","  78.3"," ","  44.8"," "," 0.34","G","999.9","000000"
"72362093040","2019-05-14","34.06667","-106.9","1485.9","SOCORRO MUNICIPAL AIRPORT, NM US","  66.7","24","  36.0","24","9999.9"," 0","850.9","24"," 10.0","24","  4.7","24","  8.0"," 18.1","  85.1"," ","  50.9"," "," 0.00","G","999.9","000000"
"72362093040","2019-05-15","34.06667","-106.9","1485.9","SOCORRO MUNICIPAL AIRPORT, NM US","  70.4","24","  34.6","24","9999.9"," 0","851.4","24"," 10.0","24","  5.2","24"," 15.9"," 22.9","  87.3","*","  52.9","*","99.99"," ","999.9","010000"
"72362093040","2019-05-16","34.06667","-106.9","1485.9","SOCORRO MUNICIPAL AIRPORT, NM US","  71.8","24","  30.7","24","9999.9"," 0","848.6","24"," 10.0","24","  8.4","24"," 22.0"," 28.9","  88.7"," ","  54.9"," "," 0.00","I","999.9","000000"
"72362093040","2019-05-17","34.06667","-106.9","1485.9","SOCORRO MUNICIPAL AIRPORT, NM US","  73.1","24","  22.8","24","9999.9"," 0","843.7","24"," 10.0","24"," 11.4","24"," 21.0"," 27.0","  86.9"," ","  57.6"," "," 0.00","I","999.9","000000"
"72362093040","2019-05-18","34.06667","-106.9","1485.9","SOCORRO MUNICIPAL AIRPORT, NM US","  63.3","24","  16.3","24","9999.9"," 0","845.5","24"," 10.0","24","  8.7","24"," 17.1"," 24.1","  77.0"," ","  47.7"," "," 0.00","I","999.9","000000"
"72362093040","2019-05-19","34.06667","-106.9","1485.9","SOCORRO MUNICIPAL AIRPORT, NM US","  61.6","24","  16.0","24","9999.9"," 0","847.2","24"," 10.0","24","  8.4","24"," 21.0"," 29.9","  77.2"," ","  47.3"," "," 0.00","I","999.9","000000"
"72362093040","2019-05-20","34.06667","-106.9","1485.9","SOCORRO MUNICIPAL AIRPORT, NM US","  65.5","24","  20.5","24","9999.9"," 0","841.7","24"," 10.0","24"," 11.7","24"," 33.0"," 40.0","  76.8"," ","  51.6"," "," 0.00","I","999.9","000000"
"72362093040","2019-05-21","34.06667","-106.9","1485.9","SOCORRO MUNICIPAL AIRPORT, NM US","  53.5","24","  23.9","24","9999.9"," 0","842.4","24"," 10.0","24"," 10.9","24"," 26.0"," 39.0","  71.1"," ","  42.8"," "," 0.00","I","999.9","000000"
"72362093040","2019-05-22","34.06667","-106.9","1485.9","SOCORRO MUNICIPAL AIRPORT, NM US","  63.1","24","  19.8","24","9999.9"," 0","840.4","24"," 10.0","24"," 11.3","24"," 22.9"," 34.0","  81.1","*","  45.3","*"," 0.00","I","999.9","000000"
"72362093040","2019-05-23","34.06667","-106.9","1485.9","SOCORRO MUNICIPAL AIRPORT, NM US","  67.4","24","  23.7","24","9999.9"," 0","844.0","24"," 10.0","24"," 15.8","24"," 33.0"," 41.0","  79.7"," ","  50.0"," "," 0.00","I","999.9","000000"
"72362093040","2019-05-24","34.06667","-106.9","1485.9","SOCORRO MUNICIPAL AIRPORT, NM US","  62.0","24","  18.2","24","9999.9"," 0","850.1","24"," 10.0","24","  7.4","24"," 15.9"," 22.9","  81.7"," ","  42.8"," "," 0.00","I","999.9","000000"
"72362093040","2019-05-25","34.06667","-106.9","1485.9","SOCORRO MUNICIPAL AIRPORT, NM US","  67.7","24","  17.5","24","9999.9"," 0","848.3","24"," 10.0","24","  7.9","24"," 22.0"," 33.0","  86.9"," ","  46.8"," "," 0.00","I","999.9","000000"
"72362093040","2019-05-26","34.06667","-106.9","1485.9","SOCORRO MUNICIPAL AIRPORT, NM US","  70.6","24","  21.1","24","9999.9"," 0","847.6","24"," 10.0","24"," 12.2","24"," 32.1"," 44.1","  85.5"," ","  52.3"," ","99.99"," ","999.9","010000"
"72362093040","2019-05-27","34.06667","-106.9","1485.9","SOCORRO MUNICIPAL AIRPORT, NM US","  66.9","24","  16.8","24","9999.9"," 0","845.7","24"," 10.0","24"," 12.1","24"," 25.1"," 44.1","  83.5"," ","  48.6"," "," 0.00","I","999.9","000000"
"72362093040","2019-05-28","34.06667","-106.9","1485.9","SOCORRO MUNICIPAL AIRPORT, NM US","  63.8","24","  17.3","24","9999.9"," 0","845.7","24"," 10.0","24","  8.7","24"," 22.0"," 29.9","  79.0"," ","  50.0"," "," 0.00","I","999.9","000000"
"72362093040","2019-05-29","34.06667","-106.9","1485.9","SOCORRO MUNICIPAL AIRPORT, NM US","  67.3","24","  19.8","24","9999.9"," 0","845.6","24"," 10.0","24","  6.8","24"," 18.1"," 25.1","  79.2","*","  52.3","*"," 0.00","I","999.9","000000"
"72362093040","2019-05-30","34.06667","-106.9","1485.9","SOCORRO MUNICIPAL AIRPORT, NM US","  67.7","24","  27.7","24","9999.9"," 0","849.5","24"," 10.0","24","  5.7","24"," 17.1"," 29.9","  83.3"," ","  51.4"," "," 0.00","I","999.9","000000"
"72362093040","2019-05-31","34.06667","-106.9","1485.9","SOCORRO MUNICIPAL AIRPORT, NM US","  69.7","24","  35.4","24","9999.9"," 0","851.9","22"," 10.0","24","  7.5","24"," 15.0"," 24.1","  87.4"," ","  55.4"," "," 0.00","I","999.9","000000"
"72362093040","2019-06-01","34.06667","-106.9","1485.9","SOCORRO MUNICIPAL AIRPORT, NM US","  70.6","24","  43.0","24","9999.9"," 0","850.1","18","  9.9","24","  7.5","24"," 17.1"," 22.9","  86.0"," ","  57.4"," "," 0.31","A","999.9","010010"
"72362093040","2019-06-02","34.06667","-106.9","1485.9","SOCORRO MUNICIPAL AIRPORT, NM US","  68.8","24","  49.5","24","9999.9"," 0","849.4","24"," 10.0","24","  6.0","24"," 15.9"," 26.0","  89.8"," ","  54.0"," "," 0.00","I","999.9","000000"
"72362093040","2019-06-03","34.06667","-106.9","1485.9","SOCORRO MUNICIPAL AIRPORT, NM US","  74.9","24","  43.7","24","9999.9"," 0","848.9","24"," 10.0","24","  8.3","24"," 18.1"," 27.0","  92.1"," ","  60.8"," "," 0.00","I","999.9","000000"
"72362093040","2019-06-04","34.06667","-106.9","1485.9","SOCORRO MUNICIPAL AIRPORT, NM US","  74.7","24","  40.0","24","9999.9"," 0","849.5","24"," 10.0","24"," 10.1","24"," 21.0"," 27.0","  90.3"," ","  57.7"," ","99.99"," ","999.9","010000"
"72362093040","2019-06-05","34.06667","-106.9","1485.9","SOCORRO MUNICIPAL AIRPORT, NM US","  62.4","24","  47.8","24","9999.9"," 0","851.6","24","  9.7","24","  5.5","24"," 15.0"," 22.0","  81.0"," ","  51.1"," "," 0.17","G","999.9","010000"
"72362093040","2019-06-06","34.06667","-106.9","1485.9","SOCORRO MUNICIPAL AIRPORT, NM US","  68.2","24","  43.5","24","9999.9"," 0","851.0","24"," 10.0","24","  4.9","24"," 19.0"," 26.0","  89.8"," ","  52.2"," "," 0.03","G","999.9","010010"
"72362093040","2019-06-07","34.06667","-106.9","1485.9","SOCORRO MUNICIPAL AIRPORT, NM US","  77.7","24","  37.8","24","9999.9"," 0","849.2","24"," 10.0","24","  6.9","24"," 17.1"," 25.1","  94.6"," ","  63.7"," "," 0.01","G","999.9","010000"
"72362093040","2019-06-08","34.06667","-106.9","1485.9","SOCORRO MUNICIPAL AIRPORT, NM US","  80.7","24","  28.2","24","9999.9"," 0","848.6","24"," 10.0","24","  7.2","24"," 15.9"," 21.0","  95.0"," ","  64.8"," "," 0.00","G","999.9","000000"
"72362093040","2019-06-09","34.06667","-106.9","1485.9","SOCORRO MUNICIPAL AIRPORT, NM US","  79.7","24","  22.1","24","9999.9"," 0","852.4","24"," 10.0","24","  6.6","24"," 14.0"," 17.1","  92.3"," ","  63.0"," "," 0.00","I","999.9","000000"
"72362093040","2019-06-10","34.06667","-106.9","1485.9","SOCORRO MUNICIPAL AIRPORT, NM US","  69.0","24","  38.8","24","9999.9"," 0","860.6","24"," 10.0","24","  9.4","24"," 24.1"," 35.9","  88.3"," ","  57.7"," "," 0.00","I","999.9","000000"
"72362093040","2019-06-11","34.06667","-106.9","1485.9","SOCORRO MUNICIPAL AIRPORT, NM US","  65.3","24","  48.7","24","9999.9"," 0","858.0","24"," 10.0","24","  7.9","24"," 19.0"," 24.1","  90.5"," ","  51.3"," "," 0.00","I","999.9","000000"
"72362093040","2019-06-12","34.06667","-106.9","1485.9","SOCORRO MUNICIPAL AIRPORT, NM US","  74.8","24","  40.5","24","9999.9"," 0","854.7","24"," 10.0","24","  4.8","24"," 13.0"," 17.1","  89.6"," ","  59.0"," "," 0.00","I","999.9","000000"
"72362093040","2019-06-13","34.06667","-106.9","1485.9","SOCORRO MUNICIPAL AIRPORT, NM US","  76.9","24","  41.3","24","9999.9"," 0","852.8","24"," 10.0","24","  9.8","24"," 20.0"," 27.0","  90.5"," ","  62.6"," ","99.99"," ","999.9","010000"
"72362093040","2019-06-14","34.06667","-106.9","1485.9","SOCORRO MUNICIPAL AIRPORT, NM US","  78.3","24","  41.7","24","9999.9"," 0","849.5","24"," 10.0","24","  9.0","24"," 18.1"," 24.1","  97.0"," ","  62.6"," "," 0.00","I","999.9","000000"
"72362093040","2019-06-15","34.06667","-106.9","1485.9","SOCORRO MUNICIPAL AIRPORT, NM US","  80.7","24","  20.0","24","9999.9"," 0","848.0","24"," 10.0","24","  7.7","24"," 15.9"," 24.1","  95.9"," ","  60.8"," "," 0.00","I","999.9","000000"
"72362093040","2019-06-16","34.06667","-106.9","1485.9","SOCORRO MUNICIPAL AIRPORT, NM US","  77.2","24","  33.7","24","9999.9"," 0","849.3","24"," 10.0","24","  6.2","24"," 15.9"," 33.0","  89.2"," ","  62.4"," "," 0.00","I","999.9","000000"
"72362093040","2019-06-17","34.06667","-106.9","1485.9","SOCORRO MUNICIPAL AIRPORT, NM US","  78.3","24","  38.7","24","9999.9"," 0","849.1","24"," 10.0","24","  6.5","24"," 15.9"," 28.0","  93.0"," ","  66.2"," "," 0.00","I","999.9","000000"
"72362093040","2019-06-18","34.06667","-106.9","1485.9","SOCORRO MUNICIPAL AIRPORT, NM US","  71.6","24","  40.1","24","9999.9"," 0","851.3","24"," 10.0","24","  7.9","24"," 26.0"," 35.0","  86.5"," ","  57.4"," "," 0.04","A","999.9","010010"
"72362093040","2019-06-19","34.06667","-106.9","1485.9","SOCORRO MUNICIPAL AIRPORT, NM US","  75.4","24","  32.6","24","9999.9"," 0","850.3","24"," 10.0","24","  4.4","24"," 15.9"," 22.0","  95.2"," ","  56.5"," "," 0.00","I","999.9","000000"
"72362093040","2019-06-20","34.06667","-106.9","1485.9","SOCORRO MUNICIPAL AIRPORT, NM US","  83.7","24","  23.1","24","9999.9"," 0","848.3","24"," 10.0","24","  9.7","24"," 22.0"," 31.1","  96.3"," ","  69.4"," "," 0.00","I","999.9","000000"
"72362093040","2019-06-21","34.06667","-106.9","1485.9","SOCORRO MUNICIPAL AIRPORT, NM US","  80.0","24","  14.7","24","9999.9"," 0","846.4","24"," 10.0","24","  8.4","24"," 20.0"," 28.0","  96.6"," ","  58.3"," "," 0.00","I","999.9","000000"
"72362093040","2019-06-22","34.06667","-106.9","1485.9","SOCORRO MUNICIPAL AIRPORT, NM US","  77.1","24","  18.4","24","9999.9"," 0","847.2","24"," 10.0","24","  8.7","24"," 19.0"," 28.9","  94.1"," ","  57.6"," "," 0.00","I","999.9","000000"
"72362093040","2019-06-23","34.06667","-106.9","1485.9","SOCORRO MUNICIPAL AIRPORT, NM US","  74.5","24","  27.7","24","9999.9"," 0","849.7","24"," 10.0","24","  8.5","24"," 22.0"," 29.9","  90.3"," ","  59.9"," "," 0.00","I","999.9","000000"
"72362093040","2019-06-24","34.06667","-106.9","1485.9","SOCORRO MUNICIPAL AIRPORT, NM US","  73.0","24","  16.2","24","9999.9"," 0","851.0","24"," 10.0","24","  7.1","24"," 17.1"," 25.1","  90.0"," ","  52.2"," "," 0.00","I","999.9","000000"
"72362093040","2019-06-25","34.06667","-106.9","1485.9","SOCORRO MUNICIPAL AIRPORT, NM US","  77.4","24","  18.2","24","9999.9"," 0","849.5","24"," 10.0","24","  5.9","24"," 15.0"," 22.9","  95.7"," ","  56.5"," "," 0.00","I","999.9","000000"
"72362093040","2019-06-26","34.06667","-106.9","1485.9","SOCORRO MUNICIPAL AIRPORT, NM US","  81.3","24","  24.1","24","9999.9"," 0","851.1","24"," 10.0","24","  8.2","24"," 20.0"," 28.9","  98.8"," ","  60.4"," "," 0.00","I","999.9","000000"
"72362093040","2019-06-27","34.06667","-106.9","1485.9","SOCORRO MUNICIPAL AIRPORT, NM US","  82.3","24","  39.2","24","9999.9"," 0","854.3","24"," 10.0","24","  7.7","24"," 18.1"," 24.1","  96.3"," ","  66.4"," ","99.99"," ","999.9","010000"
"72362093040","2019-06-28","34.06667","-106.9","1485.9","SOCORRO MUNICIPAL AIRPORT, NM US","  78.2","24","  42.0","24","9999.9"," 0","855.7","22"," 10.0","24","  5.3","24"," 18.1"," 24.1","  98.4"," ","  64.4"," "," 0.00","I","999.9","000000"
"72362093040","2019-06-29","34.06667","-106.9","1485.9","SOCORRO MUNICIPAL AIRPORT, NM US","  83.0","24","  40.4","24","9999.9"," 0","855.2","24"," 10.0","24","  6.3","24"," 18.1"," 22.9","  97.2"," ","  67.1"," "," 0.00","I","999.9","000000"
"72362093040","2019-06-30","34.06667","-106.9","1485.9","SOCORRO MUNICIPAL AIRPORT, NM US","  82.3","24","  35.3","24","9999.9"," 0","854.3","24"," 10.0","24","  6.8","24"," 13.0"," 19.0","  97.3"," ","  66.4"," "," 0.00","I","999.9","000000"
"72362093040","2019-07-01","34.06667","-106.9","1485.9","SOCORRO MUNICIPAL AIRPORT, NM US","  82.6","24","  41.0","24","9999.9"," 0","852.4","24"," 10.0","24","  7.9","24"," 24.1"," 36.9","  96.6"," ","  67.3"," "," 0.00","I","999.9","000000"
"72362093040","2019-07-02","34.06667","-106.9","1485.9","SOCORRO MUNICIPAL AIRPORT, NM US","  80.4","24","  42.8","24","9999.9"," 0","851.5","24"," 10.0","24","  6.5","24"," 25.1"," 31.1","  95.2"," ","  65.5"," ","99.99"," ","999.9","010000"
"72362093040","2019-07-03","34.06667","-106.9","1485.9","SOCORRO MUNICIPAL AIRPORT, NM US","  82.1","24","  38.2","24","9999.9"," 0","849.3","24"," 10.0","24","  3.9","24"," 11.1"," 15.0","  97.9"," ","  63.0"," "," 0.00","I","999.9","000000"
"72362093040","2019-07-04","34.06667","-106.9","1485.9","SOCORRO MUNICIPAL AIRPORT, NM US","  85.4","24","  30.0","24","9999.9"," 0","848.8","24"," 10.0","24","  8.6","24"," 22.9"," 33.0","  96.8"," ","  64.8"," "," 0.00","I","999.9","000000"
"72362093040","2019-07-05","34.06667","-106.9","1485.9","SOCORRO MUNICIPAL AIRPORT, NM US","  85.8","24","  26.6","24","9999.9"," 0","851.7","24"," 10.0","24","  7.9","24"," 19.0"," 26.0","  96.6"," ","  74.7"," "," 0.00","I","999.9","000000"
"72362093040","2019-07-06","34.06667","-106.9","1485.9","SOCORRO MUNICIPAL AIRPORT, NM US","  79.5","24","  44.0","24","9999.9"," 0","855.1","24"," 10.0","24","  6.0","24"," 17.1"," 25.1","  92.3"," ","  71.1"," ","99.99"," ","999.9","010000"
"72362093040","2019-07-07","34.06667","-106.9","1485.9","SOCORRO MUNICIPAL AIRPORT, NM US","  72.4","24","  54.8","24","9999.9"," 0","855.3","24","  9.9","24","  6.3","24"," 19.0"," 25.1","  87.6"," ","  63.5"," "," 0.06","G","999.9","010000"
"72362093040","2019-07-08","34.06667","-106.9","1485.9","SOCORRO MUNICIPAL AIRPORT, NM US","  72.4","24","  50.5","24","9999.9"," 0","853.0","24"," 10.0","24","  5.8","24"," 17.1"," 22.9","  94.8"," ","  57.7"," "," 0.02","G","999.9","010000"
"72362093040","2019-07-09","34.06667","-106.9","1485.9","SOCORRO MUNICIPAL AIRPORT, NM US","  82.1","24","  26.8","24","9999.9"," 0","852.8","24"," 10.0","24","  8.0","24"," 18.1"," 22.9","  95.0"," ","  64.9"," "," 0.00","G","999.9","000000"
"72362093040","2019-07-10","34.06667","-106.9","1485.9","SOCORRO MUNICIPAL AIRPORT, NM US","  82.1","24","  26.2","24","9999.9"," 0","854.4","24"," 10.0","24","  5.7","24"," 11.1"," 15.9"," 100.0"," ","  64.8"," "," 0.00","I","999.9","000000"
"72362093040","2019-07-11","34.06667","-106.9","1485.9","SOCORRO MUNICIPAL AIRPORT, NM US","  85.4","24","  42.0","24","9999.9"," 0","855.8","24"," 10.0","24","  6.0","24"," 22.9"," 28.9","  99.7"," ","  68.4"," ","99.99"," ","999.9","010010"
"72362093040","2019-07-12","34.06667","-106.9","1485.9","SOCORRO MUNICIPAL AIRPORT, NM US","  77.4","24","  45.5","24","9999.9"," 0","854.9","24"," 10.0","24","  5.3","24"," 13.0"," 19.0","  96.3"," ","  61.2"," "," 0.00","I","999.9","000000"
"72362093040","2019-07-13","34.06667","-106.9","1485.9","SOCORRO MUNICIPAL AIRPORT, NM US","  84.9","24","  41.0","24","9999.9"," 0","852.5","24"," 10.0","24","  5.9","24"," 12.0"," 15.9","  99.0"," ","  69.4"," "," 0.00","I","999.9","000000"
"72362093040","2019-07-14","34.06667","-106.9","1485.9","SOCORRO MUNICIPAL AIRPORT, NM US","  85.0","24","  44.4","24","9999.9"," 0","854.1","23"," 10.0","24","  5.9","24"," 14.0"," 18.1","  97.7"," ","  68.9"," ","99.99"," ","999.9","010000"
"72362093040","2019-07-15","34.06667","-106.9","1485.9","SOCORRO MUNICIPAL AIRPORT, NM US","  84.6","24","  44.2","24","9999.9"," 0","853.2","21"," 10.0","24","  5.3","24"," 18.1"," 27.0","  99.5"," ","  70.3"," "," 0.00","I","999.9","000000"
"72362093040","2019-07-16","34.06667","-106.9","1485.9","SOCORRO MUNICIPAL AIRPORT, NM US","  82.3","24","  46.1","24","9999.9"," 0","851.7","24"," 10.0","24","  5.2","24"," 21.0"," 28.0","  98.6"," ","  68.5"," ","99.99"," ","999.9","010010"
"72362093040","2019-07-17","34.06667","-106.9","1485.9","SOCORRO MUNICIPAL AIRPORT, NM US","  81.2","24","  48.4","24","9999.9"," 0","852.5","23"," 10.0","24","  3.7","24"," 14.0"," 19.0","  97.9"," ","  68.4"," "," 0.00","I","999.9","000000"
"72362093040","2019-07-18","34.06667","-106.9","1485.9","SOCORRO MUNICIPAL AIRPORT, NM US","  85.6","24","  41.8","24","9999.9"," 0","851.0","24"," 10.0","24","  5.6","24"," 13.0"," 21.0"," 101.8"," ","  68.7"," "," 0.00","I","999.9","000000"
"72362093040","2019-07-19","34.06667","-106.9","1485.9","SOCORRO MUNICIPAL AIRPORT, NM US","  84.9","24","  39.6","24","9999.9"," 0","849.2","24"," 10.0","24","  2.8","24"," 24.1"," 33.0"," 101.1"," ","  66.4"," "," 0.00","I","999.9","000000"
"72362093040","2019-07-20","34.06667","-106.9","1485.9","SOCORRO MUNICIPAL AIRPORT, NM US","  83.3","24","  42.0","24","9999.9"," 0","850.1","24"," 10.0","24","  7.0","24"," 22.0"," 26.0"," 100.8"," ","  66.9"," "," 0.00","I","999.9","000000"
"72362093040","2019-07-21","34.06667","-106.9","1485.9","SOCORRO MUNICIPAL AIRPORT, NM US","  86.1","24","  39.6","24","9999.9"," 0","850.5","24"," 10.0","24","  5.2","24"," 15.9"," 24.1"," 101.7"," ","  68.4"," ","99.99"," ","999.9","010000"
"72362093040","2019-07-22","34.06667","-106.9","1485.9","SOCORRO MUNICIPAL AIRPORT, NM US","  80.7","24","  48.8","24","9999.9"," 0","855.7","24"," 10.0","24","  6.0","24"," 15.9"," 22.9","  90.7"," ","  71.4"," "," 0.06","A","999.9","010000"
"72362093040","2019-07-23","34.06667","-106.9","1485.9","SOCORRO MUNICIPAL AIRPORT, NM US","  77.7","24","  53.6","24","9999.9"," 0","858.6","24"," 10.0","24","  8.1","24"," 15.9"," 21.0","  88.5"," ","  69.1"," "," 0.00","I","999.9","000000"
"72362093040","2019-07-24","34.06667","-106.9","1485.9","SOCORRO MUNICIPAL AIRPORT, NM US","  78.5","24","  51.6","24","9999.9"," 0","857.0","24"," 10.0","24","  7.7","24"," 13.0"," 21.0","  93.2"," ","  67.1"," "," 0.00","I","999.9","000000"
"72362093040","2019-07-25","34.06667","-106.9","1485.9","SOCORRO MUNICIPAL AIRPORT, NM US","  81.9","24","  45.7","24","9999.9"," 0","854.0","24"," 10.0","24","  5.8","24"," 11.1"," 17.1","  96.8"," ","  67.5"," "," 0.00","I","999.9","000000"
"72362093040","2019-07-26","34.06667","-106.9","1485.9","SOCORRO MUNICIPAL AIRPORT, NM US","  79.9","24","  51.9","24","9999.9"," 0","855.1","24"," 10.0","24","  6.9","24"," 29.9"," 40.0","  96.8"," ","  68.5"," ","99.99"," ","999.9","010000"
"72362093040","2019-07-27","34.06667","-106.9","1485.9","SOCORRO MUNICIPAL AIRPORT, NM US","  80.2","24","  50.9","24","9999.9"," 0","855.5","24"," 10.0","24","  6.7","24"," 25.1"," 33.0","  96.4"," ","  67.5"," ","99.99"," ","999.9","010010"
"72362093040","2019-07-28","34.06667","-106.9","1485.9","SOCORRO MUNICIPAL AIRPORT, NM US","  80.5","24","  51.8","24","9999.9"," 0","854.1","24"," 10.0","24","  6.5","24"," 17.1"," 22.0","  98.8"," ","  69.8"," ","99.99"," ","999.9","010010"
"72362093040","2019-07-29","34.06667","-106.9","1485.9","SOCORRO MUNICIPAL AIRPORT, NM US","  84.2","24","  45.8","24","9999.9"," 0","853.5","24"," 10.0","24","  4.2","24"," 14.0"," 20.0","  97.5"," ","  70.7"," "," 0.00","I","999.9","000000"
"72362093040","2019-07-30","34.06667","-106.9","1485.9","SOCORRO MUNICIPAL AIRPORT, NM US","  80.8","24","  48.9","24","9999.9"," 0","854.5","23"," 10.0","24","  6.0","24"," 15.0"," 21.0","  95.5"," ","  67.1"," "," 0.00","I","999.9","000000"
"72362093040","2019-07-31","34.06667","-106.9","1485.9","SOCORRO MUNICIPAL AIRPORT, NM US","  83.1","24","  47.6","24","9999.9"," 0","854.2","24"," 10.0","24","  8.7","24"," 17.1"," 25.1","  95.9"," ","  67.6"," "," 0.00","I","999.9","000000"
"72362093040","2019-08-01","34.06667","-106.9","1485.9","SOCORRO MUNICIPAL AIRPORT, NM US","  82.2","24","  47.8","24","9999.9"," 0","854.1","24"," 10.0","24","  4.8","24"," 17.1"," 24.1","  98.1"," ","  66.4"," "," 0.00","I","999.9","000000"
"72362093040","2019-08-02","34.06667","-106.9","1485.9","SOCORRO MUNICIPAL AIRPORT, NM US","  81.7","24","  49.3","24","9999.9"," 0","854.0","24"," 10.0","24","  6.5","24"," 20.0"," 28.0","  96.6"," ","  68.2"," ","99.99"," ","999.9","010010"
"72362093040","2019-08-03","34.06667","-106.9","1485.9","SOCORRO MUNICIPAL AIRPORT, NM US","  79.4","24","  53.2","24","9999.9"," 0","854.6","24"," 10.0","24","  6.0","24"," 15.9"," 17.1","  95.2"," ","  67.5"," "," 0.02","A","999.9","010010"
"72362093040","2019-08-04","34.06667","-106.9","1485.9","SOCORRO MUNICIPAL AIRPORT, NM US","  75.3","24","  57.5","24","9999.9"," 0","856.1","24"," 10.0","24","  7.0","24"," 21.0"," 29.9","  90.9"," ","  65.5"," "," 0.17","G","999.9","010000"
"72362093040","2019-08-05","34.06667","-106.9","1485.9","SOCORRO MUNICIPAL AIRPORT, NM US","  77.8","24","  55.9","24","9999.9"," 0","854.6","24"," 10.0","24","  3.2","24","  8.0","999.9","  94.3"," ","  65.3"," "," 0.00","G","999.9","000000"
"72362093040","2019-08-06","34.06667","-106.9","1485.9","SOCORRO MUNICIPAL AIRPORT, NM US","  81.0","24","  51.0","24","9999.9"," 0","853.3","24"," 10.0","24","  4.9","24"," 15.9"," 22.9","  94.1"," ","  73.6"," ","99.99"," ","999.9","010010"
"72362093040","2019-08-07","34.06667","-106.9","1485.9","SOCORRO MUNICIPAL AIRPORT, NM US","  78.7","24","  52.7","24","9999.9"," 0","853.2","24","  9.9","24","  5.2","24"," 27.0"," 32.1","  94.3"," ","  67.6"," "," 0.26","A","999.9","010010"
"72362093040","2019-08-08","34.06667","-106.9","1485.9","SOCORRO MUNICIPAL AIRPORT, NM US","  77.6","24","  55.9","24","9999.9"," 0","851.8","24"," 10.0","24","  3.5","24"," 11.1"," 15.9","  95.4"," ","  64.4"," "," 0.00","I","999.9","000000"
"72362093040","2019-08-09","34.06667","-106.9","1485.9","SOCORRO MUNICIPAL AIRPORT, NM US","  79.0","24","  53.1","24","9999.9"," 0","852.0","24"," 10.0","24","  5.4","24"," 21.0"," 25.1","  93.9"," ","  66.2"," ","99.99"," ","999.9","010000"
"72362093040","2019-08-10","34.06667","-106.9","1485.9","SOCORRO MUNICIPAL AIRPORT, NM US","  73.4","24","  58.0","24","9999.9"," 0","852.7","24"," 10.0","24","  5.5","24"," 22.0"," 26.0","  89.6"," ","  63.5"," "," 0.04","G","999.9","010010"
"72362093040","2019-08-11","34.06667","-106.9","1485.9","SOCORRO MUNICIPAL AIRPORT, NM US","  77.7","24","  54.7","24","9999.9"," 0","852.4","23"," 10.0","24","  5.7","24"," 15.9"," 22.9","  90.9"," ","  64.0"," "," 0.23","G","999.9","000000"
"72362093040","2019-08-12","34.06667","-106.9","1485.9","SOCORRO MUNICIPAL AIRPORT, NM US","  75.4","24","  55.9","24","9999.9"," 0","999.9"," 0"," 10.0","24","  6.4","24"," 15.9"," 22.0","  95.2"," ","  63.7"," "," 0.00","G","999.9","010000"
"72362093040","2019-08-13","34.06667","-106.9","1485.9","SOCORRO MUNICIPAL AIRPORT, NM US","  81.8","24","  41.8","24","9999.9"," 0","854.0","20"," 10.0","24","  5.2","24"," 13.0"," 15.0","  97.9"," ","  65.5"," "," 0.00","I","999.9","000000"
"72362093040","2019-08-14","34.06667","-106.9","1485.9","SOCORRO MUNICIPAL AIRPORT, NM US","  81.4","24","  45.3","24","9999.9"," 0","854.9","24"," 10.0","24","  6.2","24"," 24.1"," 38.1","  96.1"," ","  68.9"," "," 0.06","A","999.9","010010"
"72362093040","2019-08-15","34.06667","-106.9","1485.9","SOCORRO MUNICIPAL AIRPORT, NM US","  71.4","24","  51.7","24","9999.9"," 0","856.7","24"," 10.0","24","  5.3","24"," 15.0"," 24.1","  90.9"," ","  57.2"," "," 0.00","I","999.9","000000"
"72362093040","2019-08-16","34.06667","-106.9","1485.9","SOCORRO MUNICIPAL AIRPORT, NM US","  77.7","24","  40.4","24","9999.9"," 0","853.1","24"," 10.0","24","  5.8","24"," 12.0"," 20.0","  97.2"," ","  58.6"," "," 0.00","I","999.9","000000"
"72362093040","2019-08-17","34.06667","-106.9","1485.9","SOCORRO MUNICIPAL AIRPORT, NM US","  83.3","24","  34.5","24","9999.9"," 0","850.0","24"," 10.0","24","  4.9","24"," 15.0"," 25.1","  97.0"," ","  68.2"," ","99.99"," ","999.9","010000"
"72362093040","2019-08-18","34.06667","-106.9","1485.9","SOCORRO MUNICIPAL AIRPORT, NM US","  82.4","24","  34.8","24","9999.9"," 0","850.2","24"," 10.0","24","  5.5","24"," 12.0"," 19.0","  97.2"," ","  68.4"," "," 0.00","I","999.9","000000"
"72362093040","2019-08-19","34.06667","-106.9","1485.9","SOCORRO MUNICIPAL AIRPORT, NM US","  81.5","24","  31.5","24","9999.9"," 0","851.9","24"," 10.0","24","  5.5","24"," 15.9"," 21.0","  97.3"," ","  64.2"," "," 0.00","I","999.9","000000"
"72362093040","2019-08-20","34.06667","-106.9","1485.9","SOCORRO MUNICIPAL AIRPORT, NM US","  82.5","24","  42.5","24","9999.9"," 0","853.1","24"," 10.0","24","  7.8","24"," 26.0"," 36.9","  97.7"," ","  66.6"," "," 0.00","I","999.9","000000"
"72362093040","2019-08-21","34.06667","-106.9","1485.9","SOCORRO MUNICIPAL AIRPORT, NM US","  77.8","24","  47.6","24","9999.9"," 0","853.6","24"," 10.0","24","  7.9","24"," 25.1"," 33.0","  93.7"," ","  63.9"," ","99.99"," ","999.9","010010"
"72362093040","2019-08-22","34.06667","-106.9","1485.9","SOCORRO MUNICIPAL AIRPORT, NM US","  74.0","24","  49.1","24","9999.9"," 0","852.1","24"," 10.0","24","  6.7","24"," 15.0"," 20.0","  93.6"," ","  59.2"," ","99.99"," ","999.9","010000"
"72362093040","2019-08-23","34.06667","-106.9","1485.9","SOCORRO MUNICIPAL AIRPORT, NM US","  80.0","24","  44.3","24","9999.9"," 0","850.2","24"," 10.0","24","  6.6","24"," 14.0"," 21.0","  95.2"," ","  64.2"," "," 0.00","I","999.9","000000"
"72362093040","2019-08-24","34.06667","-106.9","1485.9","SOCORRO MUNICIPAL AIRPORT, NM US","  79.0","24","  45.3","24","9999.9"," 0","851.5","24"," 10.0","24","  6.0","24"," 18.1"," 27.0","  97.0"," ","  61.7"," "," 0.00","I","999.9","000000"
"72362093040","2019-08-25","34.06667","-106.9","1485.9","SOCORRO MUNICIPAL AIRPORT, NM US","  83.7","24","  37.8","24","9999.9"," 0","851.3","24"," 10.0","24","  6.0","24"," 14.0"," 20.0"," 100.9"," ","  64.9"," "," 0.00","I","999.9","000000"
"72362093040","2019-08-26","34.06667","-106.9","1485.9","SOCORRO MUNICIPAL AIRPORT, NM US","  88.6","24","  36.2","24","9999.9"," 0","849.4","24"," 10.0","24","  8.0","24"," 18.1"," 25.1"," 101.3"," ","  71.1"," "," 0.00","I","999.9","000000"
"72362093040","2019-08-27","34.06667","-106.9","1485.9","SOCORRO MUNICIPAL AIRPORT, NM US","  84.4","24","  44.5","24","9999.9"," 0","850.4","24"," 10.0","24","  6.4","24"," 12.0"," 18.1","  98.8"," ","  71.2"," "," 0.00","I","999.9","000000"
"72362093040","2019-08-28","34.06667","-106.9","1485.9","SOCORRO MUNICIPAL AIRPORT, NM US","  81.0","24","  53.2","24","9999.9"," 0","853.6","24"," 10.0","24","  6.5","24"," 15.9"," 20.0","  94.3"," ","  68.4"," "," 0.00","I","999.9","000000"
"72362093040","2019-08-29","34.06667","-106.9","1485.9","SOCORRO MUNICIPAL AIRPORT, NM US","  79.9","24","  42.5","24","9999.9"," 0","853.7","24"," 10.0","24","  5.5","24"," 12.0"," 22.9","  95.4"," ","  64.6"," "," 0.00","I","999.9","000000"
"72362093040","2019-08-30","34.06667","-106.9","1485.9","SOCORRO MUNICIPAL AIRPORT, NM US","  78.8","24","  45.5","24","9999.9"," 0","853.4","24"," 10.0","24","  4.5","24"," 17.1"," 24.1","  97.2"," ","  64.0"," "," 0.00","I","999.9","000000"
"72362093040","2019-08-31","34.06667","-106.9","1485.9","SOCORRO MUNICIPAL AIRPORT, NM US","  79.8","24","  48.0","24","9999.9"," 0","854.0","23"," 10.0","24","  7.6","24"," 18.1"," 22.9","  95.9"," ","  64.4"," ","99.99"," ","999.9","010010"
"72362093040","2019-09-01","34.06667","-106.9","1485.9","SOCORRO MUNICIPAL AIRPORT, NM US","  80.8","24","  43.2","24","9999.9"," 0","855.6","18"," 10.0","24","  6.8","24"," 21.0"," 27.0","  95.4"," ","  64.9"," "," 0.00","I","999.9","000000"
"72362093040","2019-09-02","34.06667","-106.9","1485.9","SOCORRO MUNICIPAL AIRPORT, NM US","  77.2","24","  45.0","24","9999.9"," 0","855.7","24"," 10.0","24","  4.4","24"," 14.0"," 17.1","  93.9"," ","  61.5"," "," 0.00","I","999.9","000000"
"72362093040","2019-09-03","34.06667","-106.9","1485.9","SOCORRO MUNICIPAL AIRPORT, NM US","  80.2","24","  40.2","24","9999.9"," 0","853.5","24"," 10.0","24","  6.2","24"," 12.0"," 15.9","  95.7"," ","  64.8"," "," 0.00","I","999.9","000000"
"72362093040","2019-09-04","34.06667","-106.9","1485.9","SOCORRO MUNICIPAL AIRPORT, NM US","  81.2","24","  38.9","24","9999.9"," 0","854.6","24"," 10.0","24","  6.4","24"," 14.0"," 19.0","  94.5"," ","  65.8"," "," 0.00","I","999.9","000000"
"72362093040","2019-09-05","34.06667","-106.9","1485.9","SOCORRO MUNICIPAL AIRPORT, NM US","  78.2","24","  39.2","24","9999.9"," 0","857.0","24"," 10.0","24","  6.5","24"," 13.0"," 18.1","  91.6"," ","  63.9"," "," 0.00","I","999.9","000000"
"72362093040","2019-09-06","34.06667","-106.9","1485.9","SOCORRO MUNICIPAL AIRPORT, NM US","  78.9","24","  39.7","24","9999.9"," 0","855.6","24"," 10.0","24","  6.1","24","  9.9"," 15.0","  95.2"," ","  63.9"," "," 0.00","I","999.9","000000"
"72362093040","2019-09-07","34.06667","-106.9","1485.9","SOCORRO MUNICIPAL AIRPORT, NM US","  79.8","24","  41.9","24","9999.9"," 0","853.4","24"," 10.0","24","  7.6","24"," 15.0"," 26.0","  95.4"," ","  64.9"," "," 0.00","I","999.9","000000"
"72362093040","2019-09-08","34.06667","-106.9","1485.9","SOCORRO MUNICIPAL AIRPORT, NM US","  76.0","24","  48.5","24","9999.9"," 0","851.0","24"," 10.0","24","  5.8","24"," 18.1"," 25.1","  93.7"," ","  62.8"," "," 0.00","I","999.9","000000"
"72362093040","2019-09-09","34.06667","-106.9","1485.9","SOCORRO MUNICIPAL AIRPORT, NM US","  73.4","24","  53.8","24","9999.9"," 0","850.0","24"," 10.0","24","  4.9","24"," 15.0"," 20.0","  88.0"," ","  60.1"," "," 0.07","G","999.9","010010"
"72362093040","2019-09-10","34.06667","-106.9","1485.9","SOCORRO MUNICIPAL AIRPORT, NM US","  75.7","24","  52.0","24","9999.9"," 0","850.3","24"," 10.0","24","  6.1","24"," 17.1"," 27.0","  90.5"," ","  62.8"," "," 0.00","G","999.9","000000"
"72362093040","2019-09-11","34.06667","-106.9","1485.9","SOCORRO MUNICIPAL AIRPORT, NM US","  75.5","24","  51.9","24","9999.9"," 0","851.4","24"," 10.0","24","  7.2","24"," 15.0"," 26.0","  91.8"," ","  61.7"," "," 0.00","I","999.9","000000"
"72362093040","2019-09-12","34.06667","-106.9","1485.9","SOCORRO MUNICIPAL AIRPORT, NM US","  78.1","24","  38.9","24","9999.9"," 0","853.5","24"," 10.0","24","  9.0","24"," 15.0"," 22.9","  87.8"," ","  68.0"," "," 0.00","I","999.9","000000"
"72362093040","2019-09-13","34.06667","-106.9","1485.9","SOCORRO MUNICIPAL AIRPORT, NM US","  74.8","24","  34.1","24","9999.9"," 0","856.0","24"," 10.0","24","  5.5","24"," 17.1"," 20.0","  91.4"," ","  62.6"," "," 0.00","I","999.9","000000"
"72362093040","2019-09-14","34.06667","-106.9","1485.9","SOCORRO MUNICIPAL AIRPORT, NM US","  74.8","24","  51.4","24","9999.9"," 0","856.4","24"," 10.0","24","  8.8","24"," 19.0"," 25.1","  86.7"," ","  64.4"," "," 0.00","I","999.9","000000"
"72362093040","2019-09-15","34.06667","-106.9","1485.9","SOCORRO MUNICIPAL AIRPORT, NM US","  65.8","24","  56.5","24","9999.9"," 0","856.6","24"," 10.0","24","  4.2","24"," 13.0"," 14.0","  74.7"," ","  59.9"," "," 0.01","G","999.9","010000"
"72362093040","2019-09-16","34.06667","-106.9","1485.9","SOCORRO MUNICIPAL AIRPORT, NM US","  67.3","24","  55.3","24","9999.9"," 0","854.2","24","  9.5","24","  5.8","24"," 12.0","999.9","  83.7"," ","  57.2"," "," 0.05","G","999.9","010000"
"72362093040","2019-09-17","34.06667","-106.9","1485.9","SOCORRO MUNICIPAL AIRPORT, NM US","  69.9","24","  53.8","24","9999.9"," 0","853.1","24","  9.9","24","  4.8","24"," 15.0"," 20.0","  85.6"," ","  59.2"," "," 0.33","G","999.9","010010"
"72362093040","2019-09-18","34.06667","-106.9","1485.9","SOCORRO MUNICIPAL AIRPORT, NM US","  73.3","24","  46.5","24","9999.9"," 0","852.4","24"," 10.0","24","  4.6","24","  9.9","999.9","  86.9"," ","  60.1"," "," 0.00","G","999.9","000000"
"72362093040","2019-09-19","34.06667","-106.9","1485.9","SOCORRO MUNICIPAL AIRPORT, NM US","  72.8","24","  42.0","24","9999.9"," 0","851.1","24"," 10.0","24","  4.3","24"," 18.1"," 32.1","  88.9"," ","  57.6"," ","99.99"," ","999.9","010010"
"72362093040","2019-09-20","34.06667","-106.9","1485.9","SOCORRO MUNICIPAL AIRPORT, NM US","  71.2","24","  48.6","24","9999.9"," 0","849.2","24"," 10.0","24","  8.4","24"," 18.1"," 28.0","  88.9"," ","  59.0"," "," 0.00","I","999.9","000000"
"72362093040","2019-09-21","34.06667","-106.9","1485.9","SOCORRO MUNICIPAL AIRPORT, NM US","  72.3","24","  35.0","24","9999.9"," 0","850.1","24"," 10.0","24","  6.7","24"," 22.0"," 27.0","  87.4"," ","  58.1"," "," 0.00","I","999.9","000000"
"72362093040","2019-09-22","34.06667","-106.9","1485.9","SOCORRO MUNICIPAL AIRPORT, NM US","  67.0","24","  44.9","24","9999.9"," 0","852.7","24"," 10.0","24","  5.9","24"," 18.1"," 26.0","  82.8"," ","  50.4"," "," 0.00","I","999.9","000000"
"72362093040","2019-09-23","34.06667","-106.9","1485.9","SOCORRO MUNICIPAL AIRPORT, NM US","  68.9","24","  38.1","24","9999.9"," 0","853.6","24"," 10.0","24","  5.2","24"," 17.1"," 22.9","  88.9"," ","  53.6"," "," 0.00","I","999.9","000000"
"72362093040","2019-09-24","34.06667","-106.9","1485.9","SOCORRO MUNICIPAL AIRPORT, NM US","  65.7","24","  46.4","24","9999.9"," 0","853.3","24"," 10.0","24"," 10.3","24"," 22.9"," 29.9","  78.8","*","  55.8","*","99.99"," ","999.9","010000"
"72362093040","2019-09-25","34.06667","-106.9","1485.9","SOCORRO MUNICIPAL AIRPORT, NM US","  68.2","24","  45.3","24","9999.9"," 0","851.0","24"," 10.0","24","  3.9","24","  9.9"," 14.0","  88.2"," ","  52.0"," "," 0.00","I","999.9","000000"
"72362093040","2019-09-26","34.06667","-106.9","1485.9","SOCORRO MUNICIPAL AIRPORT, NM US","  72.6","24","  47.4","24","9999.9"," 0","851.5","24"," 10.0","24","  5.1","24"," 18.1"," 22.0","  89.6"," ","  56.3"," ","99.99"," ","999.9","010000"
"72362093040","2019-09-27","34.06667","-106.9","1485.9","SOCORRO MUNICIPAL AIRPORT, NM US","  71.9","24","  38.1","24","9999.9"," 0","848.7","24"," 10.0","24","  6.1","24"," 21.0"," 34.0","  86.0"," ","  53.6"," ","99.99"," ","999.9","010010"
"72362093040","2019-09-28","34.06667","-106.9","1485.9","SOCORRO MUNICIPAL AIRPORT, NM US","  66.2","24","  43.3","24","9999.9"," 0","847.0","24"," 10.0","24","  6.4","24"," 18.1"," 25.1","  83.1"," ","  51.8"," ","99.99"," ","999.9","010010"
"72362093040","2019-09-29","34.06667","-106.9","1485.9","SOCORRO MUNICIPAL AIRPORT, NM US","  69.0","24","  41.8","24","9999.9"," 0","847.6","24"," 10.0","24","  9.5","24"," 22.0"," 28.0","  86.5"," ","  54.7"," "," 0.00","I","999.9","000000"
"72362093040","2019-09-30","34.06667","-106.9","1485.9","SOCORRO MUNICIPAL AIRPORT, NM US","  72.4","24","  35.8","24","9999.9"," 0","847.4","12"," 10.0","24"," 10.2","24"," 19.0"," 27.0","  90.5","*","  55.8","*"," 0.00","I","999.9","000000"
"72362093040","2019-10-01","34.06667","-106.9","1485.9","SOCORRO MUNICIPAL AIRPORT, NM US","  72.9","24","  55.1","24","9999.9"," 0","847.3","24"," 10.0","24"," 11.2","24"," 18.1"," 22.9","  87.1"," ","  66.9"," "," 0.00","I","999.9","000000"
"72362093040","2019-10-02","34.06667","-106.9","1485.9","SOCORRO MUNICIPAL AIRPORT, NM US","  69.0","24","  37.3","24","9999.9"," 0","851.0","24"," 10.0","24","  7.5","24"," 17.1"," 27.0","  82.0","*","  52.9","*","99.99"," ","999.9","010000"
"72362093040","2019-10-03","34.06667","-106.9","1485.9","SOCORRO MUNICIPAL AIRPORT, NM US","  68.7","24","  35.7","24","9999.9"," 0","853.2","24"," 10.0","24","  7.2","24"," 17.1"," 21.0","  84.2"," ","  57.4"," "," 0.00","I","999.9","000000"
"72362093040","2019-10-04","34.06667","-106.9","1485.9","SOCORRO MUNICIPAL AIRPORT, NM US","  64.1","24","  56.4","24","9999.9"," 0","854.4","24"," 10.0","24","  7.2","24"," 12.0"," 19.0","  71.8"," ","  59.9"," "," 0.03","G","999.9","010010"
"72362093040","2019-10-05","34.06667","-106.9","1485.9","SOCORRO MUNICIPAL AIRPORT, NM US","  62.3","24","  49.9","24","9999.9"," 0","854.6","24","  8.7","24","  3.6","24","  8.0","999.9","  79.0"," ","  48.2"," "," 0.12","G","999.9","100000"
"72362093040","2019-10-06","34.06667","-106.9","1485.9","SOCORRO MUNICIPAL AIRPORT, NM US","  66.1","24","  36.3","24","9999.9"," 0","854.0","24"," 10.0","24","  3.1","24","  8.9"," 17.1","  84.6"," ","  49.1"," "," 0.00","G","999.9","000000"
"72362093040","2019-10-07","34.06667","-106.9","1485.9","SOCORRO MUNICIPAL AIRPORT, NM US","  63.1","24","  36.2","24","9999.9"," 0","858.2","24"," 10.0","24","  7.2","24"," 15.0"," 20.0","  78.8"," ","  50.4"," "," 0.00","I","999.9","000000"
"72362093040","2019-10-08","34.06667","-106.9","1485.9","SOCORRO MUNICIPAL AIRPORT, NM US","  63.2","24","  46.2","24","9999.9"," 0","852.6","24"," 10.0","24","  8.0","24"," 14.0"," 18.1","  76.1"," ","  51.3"," "," 0.04","A","999.9","010010"
"72362093040","2019-10-09","34.06667","-106.9","1485.9","SOCORRO MUNICIPAL AIRPORT, NM US","  62.4","24","  47.5","24","9999.9"," 0","847.9","24"," 10.0","24","  5.5","24"," 17.1"," 22.0","  82.4"," ","  48.7"," "," 0.01","A","999.9","010000"
"72362093040","2019-10-10","34.06667","-106.9","1485.9","SOCORRO MUNICIPAL AIRPORT, NM US","  66.7","24","  28.5","24","9999.9"," 0","844.9","17"," 10.0","24","  6.2","24"," 17.1"," 24.1","  82.0"," ","  47.1"," "," 0.00","I","999.9","000000"
"72362093040","2019-10-11","34.06667","-106.9","1485.9","SOCORRO MUNICIPAL AIRPORT, NM US","  51.4","24","   1.0","24","9999.9"," 0","855.3","24"," 10.0","24"," 10.4","24"," 22.9"," 27.0","  76.3"," ","  36.1"," "," 0.00","I","999.9","000000"
"72362093040","2019-10-12","34.06667","-106.9","1485.9","SOCORRO MUNICIPAL AIRPORT, NM US","  49.0","24","  16.5","24","9999.9"," 0","854.6","24"," 10.0","24","  5.4","24"," 15.9"," 20.0","  71.6"," ","  33.3"," "," 0.00","I","999.9","000000"
"72362093040","2019-10-13","34.06667","-106.9","1485.9","SOCORRO MUNICIPAL AIRPORT, NM US","  57.8","24","  31.8","24","9999.9"," 0","851.4","24"," 10.0","24","  4.8","24","  9.9"," 19.0","  77.0"," ","  41.4"," "," 0.00","I","999.9","000000"
"72362093040","2019-10-14","34.06667","-106.9","1485.9","SOCORRO MUNICIPAL AIRPORT, NM US","  62.1","24","  33.6","24","9999.9"," 0","851.0","24"," 10.0","24","  5.5","24"," 12.0"," 15.9","  77.9"," ","  45.5"," "," 0.00","I","999.9","000000"
"72362093040","2019-10-15","34.06667","-106.9","1485.9","SOCORRO MUNICIPAL AIRPORT, NM US","  62.3","24","  33.5","24","9999.9"," 0","852.4","24"," 10.0","24","  4.5","24"," 12.0"," 15.0","  77.4"," ","  46.4"," "," 0.00","I","999.9","000000"
"72362093040","2019-10-16","34.06667","-106.9","1485.9","SOCORRO MUNICIPAL AIRPORT, NM US","  59.1","24","  19.8","24","9999.9"," 0","856.5","24"," 10.0","24","  5.5","24"," 11.1"," 15.0","  76.6"," ","  44.8"," "," 0.00","I","999.9","000000"
"72362093040","2019-10-17","34.06667","-106.9","1485.9","SOCORRO MUNICIPAL AIRPORT, NM US","  59.9","24","  28.4","24","9999.9"," 0","851.6","24"," 10.0","24","  8.3","24"," 15.9"," 22.9","  77.2","*","  43.5","*"," 0.00","I","999.9","000000"
"72362093040","2019-10-18","34.06667","-106.9","1485.9","SOCORRO MUNICIPAL AIRPORT, NM US","  61.9","24","  39.0","24","9999.9"," 0","844.7","24"," 10.0","24","  5.5","24"," 21.0"," 28.9","  73.8","*","  51.1","*","99.99"," ","999.9","010000"
"72362093040","2019-10-19","34.06667","-106.9","1485.9","SOCORRO MUNICIPAL AIRPORT, NM US","  58.6","24","  17.7","24","9999.9"," 0","848.7","24"," 10.0","24","  7.7","24"," 15.9"," 22.0","  73.2"," ","  40.1"," "," 0.00","I","999.9","000000"
"72362093040","2019-10-20","34.06667","-106.9","1485.9","SOCORRO MUNICIPAL AIRPORT, NM US","  57.7","24","  20.4","24","9999.9"," 0","846.0","24"," 10.0","24","  7.6","24"," 24.1"," 31.1","  74.1"," ","  41.0"," "," 0.00","I","999.9","000000"
"72362093040","2019-10-21","34.06667","-106.9","1485.9","SOCORRO MUNICIPAL AIRPORT, NM US","  50.7","24","   4.6","24","9999.9"," 0","851.1","24"," 10.0","24","  6.6","24"," 15.9"," 25.1","  72.5"," ","  32.0"," "," 0.00","I","999.9","000000"
"72362093040","2019-10-22","34.06667","-106.9","1485.9","SOCORRO MUNICIPAL AIRPORT, NM US","  52.6","24","  10.2","24","9999.9"," 0","856.3","24"," 10.0","24","  5.4","24"," 12.0"," 19.0","  69.3"," ","  36.1"," "," 0.00","I","999.9","000000"
"72362093040","2019-10-23","34.06667","-106.9","1485.9","SOCORRO MUNICIPAL AIRPORT, NM US","  54.2","24","  18.1","24","9999.9"," 0","852.3","24"," 10.0","24","  3.9","24"," 12.0"," 15.9","  73.4"," ","  37.9"," "," 0.00","I","999.9","000000"
"72362093040","2019-10-24","34.06667","-106.9","1485.9","SOCORRO MUNICIPAL AIRPORT, NM US","  52.1","24","  21.8","24","9999.9"," 0","852.8","24"," 10.0","24","  7.2","24"," 15.9"," 24.1","  70.3"," ","  41.9"," "," 0.00","I","999.9","000000"
"72362093040","2019-10-25","34.06667","-106.9","1485.9","SOCORRO MUNICIPAL AIRPORT, NM US","  40.9","24","  20.5","24","9999.9"," 0","860.0","24"," 10.0","24","  7.2","24"," 12.0"," 15.9","  60.4"," ","  29.3"," "," 0.00","I","999.9","000000"
"72362093040","2019-10-26","34.06667","-106.9","1485.9","SOCORRO MUNICIPAL AIRPORT, NM US","  45.8","24","  14.6","24","9999.9"," 0","852.2","24"," 10.0","24","  5.3","24"," 12.0"," 17.1","  69.1"," ","  27.5"," "," 0.00","I","999.9","000000"
"72362093040","2019-10-27","34.06667","-106.9","1485.9","SOCORRO MUNICIPAL AIRPORT, NM US","  54.3","24","  14.7","24","9999.9"," 0","846.2","24"," 10.0","24","  8.7","24"," 21.0"," 28.0","  77.5"," ","  34.0"," "," 0.00","I","999.9","000000"
"72362093040","2019-10-28","34.06667","-106.9","1485.9","SOCORRO MUNICIPAL AIRPORT, NM US","  59.9","24","  23.3","24","9999.9"," 0","845.0","24"," 10.0","24"," 11.0","24"," 25.1"," 34.0","  71.8"," ","  48.2"," "," 0.00","I","999.9","000000"
"72362093040","2019-10-29","34.06667","-106.9","1485.9","SOCORRO MUNICIPAL AIRPORT, NM US","  44.6","24","  14.6","24","9999.9"," 0","847.2","23"," 10.0","24","  7.4","24"," 22.0"," 28.0","  72.5"," ","  24.6"," "," 0.00","I","999.9","000000"
"72362093040","2019-10-30","34.06667","-106.9","1485.9","SOCORRO MUNICIPAL AIRPORT, NM US","  47.3","24","   1.4","24","9999.9"," 0","849.8","24"," 10.0","24"," 11.9","24"," 27.0"," 35.9","  67.8"," ","  36.5"," "," 0.00","I","999.9","000000"
"72362093040","2019-10-31","34.06667","-106.9","1485.9","SOCORRO MUNICIPAL AIRPORT, NM US","  34.6","24","  -9.7","24","9999.9"," 0","860.6","24"," 10.0","24","  8.0","24"," 14.0"," 24.1","  51.8"," ","  20.1"," "," 0.00","I","999.9","000000"
"72362093040","2019-11-01","34.06667","-106.9","1485.9","SOCORRO MUNICIPAL AIRPORT, NM US","  37.4","24","  -9.6","24","9999.9"," 0","857.3","23"," 10.0","24","  4.4","24","  8.9","999.9","  62.2"," ","  23.4"," "," 0.00","I","999.9","000000"
"72362093040","2019-11-02","34.06667","-106.9","1485.9","SOCORRO MUNICIPAL AIRPORT, NM US","  44.3","24","   9.8","24","9999.9"," 0","860.2","24"," 10.0","24","  6.2","24"," 13.0"," 15.9","  59.7"," ","  33.8"," "," 0.00","I","999.9","000000"
"72362093040","2019-11-03","34.06667","-106.9","1485.9","SOCORRO MUNICIPAL AIRPORT, NM US","  45.6","24","  11.8","24","9999.9"," 0","855.5","24"," 10.0","24","  5.6","24"," 13.0"," 17.1","  68.0"," ","  31.8"," "," 0.00","I","999.9","000000"
"72362093040","2019-11-04","34.06667","-106.9","1485.9","SOCORRO MUNICIPAL AIRPORT, NM US","  50.9","24","  11.1","24","9999.9"," 0","852.0","24"," 10.0","24","  4.2","24","  8.0","999.9","  73.9"," ","  32.7"," "," 0.00","I","999.9","000000"
"72362093040","2019-11-05","34.06667","-106.9","1485.9","SOCORRO MUNICIPAL AIRPORT, NM US","  54.0","24","  12.7","24","9999.9"," 0","854.6","24"," 10.0","24","  5.9","24"," 11.1"," 14.0","  74.5"," ","  40.5"," "," 0.00","I","999.9","000000"
"72362093040","2019-11-06","34.06667","-106.9","1485.9","SOCORRO MUNICIPAL AIRPORT, NM US","  53.6","24","  27.3","24","9999.9"," 0","855.0","24"," 10.0","24","  7.2","24"," 15.9"," 22.9","  70.3"," ","  45.5"," "," 0.05","A","999.9","010010"
"72362093040","2019-11-07","34.06667","-106.9","1485.9","SOCORRO MUNICIPAL AIRPORT, NM US","  47.8","24","  43.0","24","9999.9"," 0","857.1","24","  8.7","24","  6.3","24"," 14.0"," 19.0","  54.1"," ","  44.1"," "," 0.04","B","999.9","010000"
"72362093040","2019-11-08","34.06667","-106.9","1485.9","SOCORRO MUNICIPAL AIRPORT, NM US","  43.1","24","  36.8","24","9999.9"," 0","860.7","24"," 10.0","24","  5.4","24"," 12.0"," 19.0","  59.2"," ","  33.8"," "," 0.00","I","999.9","000000"
"72362093040","2019-11-09","34.06667","-106.9","1485.9","SOCORRO MUNICIPAL AIRPORT, NM US","  45.3","24","  30.1","24","9999.9"," 0","858.6","24"," 10.0","24","  4.5","24","  9.9","999.9","  63.0"," ","  32.9"," "," 0.00","I","999.9","000000"
"72362093040","2019-11-10","34.06667","-106.9","1485.9","SOCORRO MUNICIPAL AIRPORT, NM US","  50.4","24","  28.2","24","9999.9"," 0","854.1","24"," 10.0","24","  4.5","24","  8.0","999.9","  66.4"," ","  39.0"," "," 0.00","I","999.9","000000"
"72362093040","2019-11-11","34.06667","-106.9","1485.9","SOCORRO MUNICIPAL AIRPORT, NM US","  52.1","24","  29.2","24","9999.9"," 0","852.6","24"," 10.0","24","  6.6","24"," 17.1"," 25.1","  62.1"," ","  41.0"," "," 0.00","I","999.9","000000"
"72362093040","2019-11-12","34.06667","-106.9","1485.9","SOCORRO MUNICIPAL AIRPORT, NM US","  35.4","24","  18.7","24","9999.9"," 0","861.7","24"," 10.0","24","  7.6","24"," 13.0"," 19.0","  50.7"," ","  25.0"," "," 0.00","I","999.9","000000"
"72362093040","2019-11-13","34.06667","-106.9","1485.9","SOCORRO MUNICIPAL AIRPORT, NM US","  38.5","24","  23.1","24","9999.9"," 0","854.3","24"," 10.0","24","  4.3","24","  8.9","999.9","  60.4"," ","  22.8"," "," 0.00","I","999.9","000000"
"72362093040","2019-11-14","34.06667","-106.9","1485.9","SOCORRO MUNICIPAL AIRPORT, NM US","  47.1","24","  18.7","24","9999.9"," 0","855.0","24"," 10.0","24","  4.8","24","  8.9"," 14.0","  64.0"," ","  35.8"," "," 0.00","I","999.9","000000"
"72362093040","2019-11-15","34.06667","-106.9","1485.9","SOCORRO MUNICIPAL AIRPORT, NM US","  46.6","24","  21.3","24","9999.9"," 0","859.0","24"," 10.0","24","  7.1","24","  9.9"," 15.0","  60.3"," ","  33.8"," "," 0.00","I","999.9","000000"
"72362093040","2019-11-16","34.06667","-106.9","1485.9","SOCORRO MUNICIPAL AIRPORT, NM US","  44.2","24","  21.9","24","9999.9"," 0","854.7","24"," 10.0","24","  3.0","24","  6.0","999.9","  58.1"," ","  31.5"," "," 0.00","I","999.9","000000"
"72362093040","2019-11-17","34.06667","-106.9","1485.9","SOCORRO MUNICIPAL AIRPORT, NM US","  47.7","24","  21.8","24","9999.9"," 0","854.3","24"," 10.0","24","  4.7","24","  8.9","999.9","  65.5"," ","  34.7"," "," 0.00","I","999.9","000000"
"72362093040","2019-11-18","34.06667","-106.9","1485.9","SOCORRO MUNICIPAL AIRPORT, NM US","  48.7","24","  17.3","24","9999.9"," 0","853.1","24"," 10.0","24","  5.8","24"," 14.0"," 19.0","  69.8"," ","  31.8"," "," 0.00","I","999.9","000000"
"72362093040","2019-11-19","34.06667","-106.9","1485.9","SOCORRO MUNICIPAL AIRPORT, NM US","  50.2","24","  21.3","24","9999.9"," 0","850.2"," 9"," 10.0","24","  4.1","24","  8.9","999.9","  68.5"," ","  35.6"," "," 0.00","I","999.9","000000"
"72362093040","2019-11-20","34.06667","-106.9","1485.9","SOCORRO MUNICIPAL AIRPORT, NM US","  55.7","24","  41.0","24","9999.9"," 0","844.1","24","  8.4","24","  9.5","24"," 21.0"," 25.1","  63.7"," ","  50.7"," "," 0.26","G","999.9","010000"
"72362093040","2019-11-21","34.06667","-106.9","1485.9","SOCORRO MUNICIPAL AIRPORT, NM US","  46.0","24","  40.7","24","9999.9"," 0","999.9"," 0","  8.8","24","  8.7","24"," 15.9"," 22.0","  56.3"," ","  35.6"," "," 0.10","G","999.9","010000"
"72362093040","2019-11-22","34.06667","-106.9","1485.9","SOCORRO MUNICIPAL AIRPORT, NM US","  38.4","24","  34.3","24","9999.9"," 0","999.9"," 0","  7.8","24","  4.4","24"," 15.0"," 20.0","  53.8"," ","  30.6"," "," 0.48","G","999.9","101000"
"72362093040","2019-11-23","34.06667","-106.9","1485.9","SOCORRO MUNICIPAL AIRPORT, NM US","  42.7","24","  28.0","24","9999.9"," 0","856.8","13"," 10.0","24","  8.0","24"," 17.1"," 22.9","  53.1"," ","  28.2"," "," 0.00","G","999.9","000000"
"72362093040","2019-11-24","34.06667","-106.9","1485.9","SOCORRO MUNICIPAL AIRPORT, NM US","  40.0","24","  30.7","24","9999.9"," 0","856.3"," 9"," 10.0","24","  4.4","24"," 13.0"," 17.1","  53.6"," ","  31.5"," "," 0.00","I","999.9","000000"
"72362093040","2019-11-25","34.06667","-106.9","1485.9","SOCORRO MUNICIPAL AIRPORT, NM US","  38.4","24","  29.1","24","9999.9"," 0","999.9"," 0"," 10.0","24","  4.5","24"," 15.0"," 21.0","  55.4"," ","  28.6"," "," 0.00","I","999.9","000000"
"72362093040","2019-11-26","34.06667","-106.9","1485.9","SOCORRO MUNICIPAL AIRPORT, NM US","  44.6","24","  14.6","24","9999.9"," 0","999.9"," 0"," 10.0","24"," 14.1","24"," 27.0"," 36.9","  53.6"," ","  36.1"," "," 0.00","I","999.9","000000"
"72362093040","2019-11-27","34.06667","-106.9","1485.9","SOCORRO MUNICIPAL AIRPORT, NM US","  30.1","24","  11.8","24","9999.9"," 0","999.9"," 0"," 10.0","24","  4.6","24"," 15.0"," 20.0","  40.3"," ","  22.6"," "," 0.00","I","999.9","000000"
"72362093040","2019-11-28","34.06667","-106.9","1485.9","SOCORRO MUNICIPAL AIRPORT, NM US","  32.0","24","  29.6","24","9999.9"," 0","849.6"," 6","  4.3","24","  4.4","24","  8.0"," 14.0","  40.1"," ","  29.3"," "," 0.34","G","999.9","011000"
"72362093040","2019-11-29","34.06667","-106.9","1485.9","SOCORRO MUNICIPAL AIRPORT, NM US","  34.8","24","  33.8","24","9999.9"," 0","845.9","24","  4.6","24","  6.1","24"," 18.1"," 31.1","  49.5"," ","  32.0"," "," 0.00","G","999.9","111000"
"72362093040","2019-11-30","34.06667","-106.9","1485.9","SOCORRO MUNICIPAL AIRPORT, NM US","  38.2","24","  21.7","24","9999.9"," 0","845.6"," 8"," 10.0","24","  9.7","24"," 22.9"," 33.0","  47.3"," ","  30.9"," "," 0.05","G","999.9","000000"
"72362093040","2019-12-01","34.06667","-106.9","1485.9","SOCORRO MUNICIPAL AIRPORT, NM US","  34.4","24","  14.8","24","9999.9"," 0","855.9","24"," 10.0","24","  7.8","24"," 17.1"," 24.1","  45.7"," ","  25.7"," "," 0.00","G","999.9","000000"
"72362093040","2019-12-02","34.06667","-106.9","1485.9","SOCORRO MUNICIPAL AIRPORT, NM US","  35.5","24","  22.9","24","9999.9"," 0","858.1","24"," 10.0","24","  6.2","24","  9.9","999.9","  49.3"," ","  26.6"," "," 0.00","I","999.9","000000"
"72362093040","2019-12-03","34.06667","-106.9","1485.9","SOCORRO MUNICIPAL AIRPORT, NM US","  38.5","24","  27.6","24","9999.9"," 0","855.7","24"," 10.0","24","  5.7","24"," 13.0"," 15.9","  57.2"," ","  28.8"," "," 0.00","I","999.9","000000"
"72362093040","2019-12-04","34.06667","-106.9","1485.9","SOCORRO MUNICIPAL AIRPORT, NM US","  44.7","24","  34.6","24","9999.9"," 0","854.3","24"," 10.0","24","  4.0","24"," 11.1"," 14.0","  56.5"," ","  38.8"," "," 0.03","A","999.9","010010"
"72362093040","2019-12-05","34.06667","-106.9","1485.9","SOCORRO MUNICIPAL AIRPORT, NM US","  47.3","24","  36.9","24","9999.9"," 0","851.3","24"," 10.0","24","  5.2","24"," 12.0"," 21.0","  63.5"," ","  36.5"," "," 0.00","I","999.9","000000"
"72362093040","2019-12-06","34.06667","-106.9","1485.9","SOCORRO MUNICIPAL AIRPORT, NM US","  43.2","24","  30.9","24","9999.9"," 0","858.0","24"," 10.0","24","  6.8","24"," 14.0"," 15.9","  54.9"," ","  32.0"," "," 0.00","I","999.9","000000"
"72362093040","2019-12-07","34.06667","-106.9","1485.9","SOCORRO MUNICIPAL AIRPORT, NM US","  40.8","24","  31.4","24","9999.9"," 0","858.2","24"," 10.0","24","  4.7","24","  8.0","999.9","  58.1"," ","  32.0"," "," 0.00","I","999.9","000000"
"72362093040","2019-12-08","34.06667","-106.9","1485.9","SOCORRO MUNICIPAL AIRPORT, NM US","  47.4","24","  38.9","24","9999.9"," 0","852.0","24","  9.8","24","  4.6","24"," 15.0"," 28.0","  53.2"," ","  42.4"," "," 0.02","G","999.9","010000"
"72362093040","2019-12-09","34.06667","-106.9","1485.9","SOCORRO MUNICIPAL AIRPORT, NM US","  48.4","24","  35.9","24","9999.9"," 0","848.2","24"," 10.0","24","  4.4","24"," 15.0"," 22.0","  53.8"," ","  42.8"," "," 0.05","G","999.9","010000"
"72362093040","2019-12-10","34.06667","-106.9","1485.9","SOCORRO MUNICIPAL AIRPORT, NM US","  39.6","24","  31.1","24","9999.9"," 0","853.9","24"," 10.0","24","  4.1","24","  8.0","999.9","  51.3"," ","  30.7"," "," 0.00","G","999.9","010000"
"72362093040","2019-12-11","34.06667","-106.9","1485.9","SOCORRO MUNICIPAL AIRPORT, NM US","  36.4","24","  29.2","24","9999.9"," 0","858.3","24"," 10.0","24","  4.7","24"," 13.0"," 15.9","  48.7"," ","  27.5"," "," 0.00","I","999.9","000000"
"72362093040","2019-12-12","34.06667","-106.9","1485.9","SOCORRO MUNICIPAL AIRPORT, NM US","  37.2","24","  30.2","24","9999.9"," 0","855.7","24"," 10.0","24","  4.2","24","  8.0","999.9","  54.0"," ","  26.6"," "," 0.00","I","999.9","000000"
"72362093040","2019-12-13","34.06667","-106.9","1485.9","SOCORRO MUNICIPAL AIRPORT, NM US","  43.1","24","  29.8","24","9999.9"," 0","853.5","24"," 10.0","24","  4.3","24"," 22.0"," 28.9","  67.6"," ","  30.4"," "," 0.00","I","999.9","000000"
"72362093040","2019-12-14","34.06667","-106.9","1485.9","SOCORRO MUNICIPAL AIRPORT, NM US","  46.8","24","  28.5","24","9999.9"," 0","846.9","24"," 10.0","24","  4.9","24","  9.9"," 14.0","  67.6"," ","  31.6"," "," 0.00","I","999.9","000000"
"72362093040","2019-12-15","34.06667","-106.9","1485.9","SOCORRO MUNICIPAL AIRPORT, NM US","  51.5","24","  26.0","24","9999.9"," 0","842.2","24"," 10.0","24","  6.2","24"," 19.0"," 25.1","  67.5"," ","  36.0"," "," 0.00","I","999.9","000000"
"72362093040","2019-12-16","34.06667","-106.9","1485.9","SOCORRO MUNICIPAL AIRPORT, NM US","  41.0","24","  15.0","24","9999.9"," 0","849.2","24"," 10.0","24","  9.6","24"," 15.9"," 25.1","  57.7"," ","  30.9"," "," 0.00","I","999.9","000000"
"72362093040","2019-12-17","34.06667","-106.9","1485.9","SOCORRO MUNICIPAL AIRPORT, NM US","  28.7","24","   8.4","24","9999.9"," 0","860.3","24"," 10.0","24","  6.9","24"," 12.0"," 18.1","  39.9"," ","  18.5"," "," 0.00","I","999.9","000000"
"72362093040","2019-12-18","34.06667","-106.9","1485.9","SOCORRO MUNICIPAL AIRPORT, NM US","  27.1","24","   6.4","24","9999.9"," 0","860.7","24"," 10.0","24","  4.8","24","  8.0","999.9","  42.3"," ","  16.5"," "," 0.00","I","999.9","000000"
"72362093040","2019-12-19","34.06667","-106.9","1485.9","SOCORRO MUNICIPAL AIRPORT, NM US","  27.5","24","   7.1","24","9999.9"," 0","854.1","24"," 10.0","24","  4.4","24","  8.9","999.9","  46.2"," ","  15.8"," "," 0.00","I","999.9","000000"
"72362093040","2019-12-20","34.06667","-106.9","1485.9","SOCORRO MUNICIPAL AIRPORT, NM US","  32.1","24","  11.5","24","9999.9"," 0","856.8","24"," 10.0","24","  7.7","24"," 15.0"," 20.0","  48.6"," ","  21.0"," "," 0.00","I","999.9","000000"
"72362093040","2019-12-21","34.06667","-106.9","1485.9","SOCORRO MUNICIPAL AIRPORT, NM US","  34.0","24","  11.9","24","9999.9"," 0","861.2","24"," 10.0","24","  6.3","24","  8.9","999.9","  50.2"," ","  22.3"," "," 0.00","I","999.9","000000"
"72362093040","2019-12-22","34.06667","-106.9","1485.9","SOCORRO MUNICIPAL AIRPORT, NM US","  34.2","24","  14.8","24","9999.9"," 0","859.2","24"," 10.0","24","  5.0","24","  8.9","999.9","  50.9"," ","  23.0"," "," 0.00","I","999.9","000000"
"72362093040","2019-12-23","34.06667","-106.9","1485.9","SOCORRO MUNICIPAL AIRPORT, NM US","  34.2","24","  14.9","24","9999.9"," 0","854.6","24"," 10.0","24","  4.2","24","  7.0","999.9","  47.3"," ","  25.5"," "," 0.00","I","999.9","000000"
"72362093040","2019-12-24","34.06667","-106.9","1485.9","SOCORRO MUNICIPAL AIRPORT, NM US","  35.8","24","  20.0","24","9999.9"," 0","849.7","24","  9.8","24","  4.8","24"," 12.0"," 14.0","  44.6"," ","  30.0"," "," 0.09","A","999.9","010000"
"72362093040","2019-12-25","34.06667","-106.9","1485.9","SOCORRO MUNICIPAL AIRPORT, NM US","  40.7","24","  35.4","24","9999.9"," 0","846.3","24"," 10.0","24","  7.5","24"," 14.0"," 18.1","  53.6"," ","  34.9"," ","99.99"," ","999.9","010000"
"72362093040","2019-12-26","34.06667","-106.9","1485.9","SOCORRO MUNICIPAL AIRPORT, NM US","  39.0","24","  29.3","24","9999.9"," 0","849.6","24"," 10.0","24","  5.3","24"," 12.0"," 17.1","  52.3"," ","  29.3"," "," 0.00","I","999.9","000000"
"72362093040","2019-12-27","34.06667","-106.9","1485.9","SOCORRO MUNICIPAL AIRPORT, NM US","  38.1","24","  31.1","24","9999.9"," 0","846.1","24"," 10.0","24","  5.6","24"," 19.0"," 25.1","  48.0"," ","  29.8"," ","99.99"," ","999.9","010000"
"72362093040","2019-12-28","34.06667","-106.9","1485.9","SOCORRO MUNICIPAL AIRPORT, NM US","  34.1","24","  25.6","24","9999.9"," 0","843.3","24"," 10.0","24","  5.5","24"," 14.0"," 19.0","  44.1"," ","  24.4"," "," 0.00","I","999.9","000000"
"72362093040","2019-12-29","34.06667","-106.9","1485.9","SOCORRO MUNICIPAL AIRPORT, NM US","  32.6","24","  12.4","24","9999.9"," 0","846.8","24"," 10.0","24"," 11.3","24"," 21.0"," 27.0","  37.8"," ","  25.3"," "," 0.00","I","999.9","000000"
"72362093040","2019-12-30","34.06667","-106.9","1485.9","SOCORRO MUNICIPAL AIRPORT, NM US","  28.2","24","   8.6","24","9999.9"," 0","853.2","24"," 10.0","24","  7.3","24"," 17.1"," 22.9","  38.8"," ","  18.7"," "," 0.00","I","999.9","000000"
"72362093040","2019-12-31","34.06667","-106.9","1485.9","SOCORRO MUNICIPAL AIRPORT, NM US","  31.4","24","  13.4","24","9999.9"," 0","854.2","23"," 10.0","24","  7.6","24"," 14.0"," 19.0","  43.0"," ","  25.0"," "," 0.00","I","999.9","000000"
"72362093040","2020-01-01","34.06667","-106.9","1485.9","SOCORRO MUNICIPAL AIRPORT, NM US","  31.3"," 8","  14.4"," 8","9999.9"," 0","999.9"," 0"," 10.0"," 8","  3.8"," 8","  6.0","999.9","  39.4"," ","  25.9"," "," 0.00","I","999.9","000000"
