"STATION","DATE","LATITUDE","LONGITUDE","ELEVATION","NAME","TEMP","TEMP_ATTRIBUTES","DEWP","DEWP_ATTRIBUTES","SLP","SLP_ATTRIBUTES","STP","STP_ATTRIBUTES","VISIB","VISIB_ATTRIBUTES","WDSP","WDSP_ATTRIBUTES","MXSPD","GUST","MAX","MAX_ATTRIBUTES","MIN","MIN_ATTRIBUTES","PRCP","PRCP_ATTRIBUTES","SNDP","FRSHTT"
"94651099999","2019-01-01","-31.45","130.9","65.0","NULLARBOR, AS","  73.9","24","  51.4","24","1011.5","24","004.0","24","999.9"," 0"," 12.5","24"," 21.0","999.9","  88.9"," ","  52.5"," "," 0.00","G","999.9","000000"
"94651099999","2019-01-02","-31.45","130.9","65.0","NULLARBOR, AS","  85.0","24","  47.7","24","1005.6","24","998.1","24","999.9"," 0"," 13.5","24"," 20.0","999.9","  95.2"," ","  57.4"," "," 0.00","G","999.9","000000"
"94651099999","2019-01-03","-31.45","130.9","65.0","NULLARBOR, AS","  76.0","23","  58.7","23","1008.6","23","001.1","23","  4.0"," 4"," 18.7","23"," 27.0","999.9","9999.9"," ","  65.8","*"," 0.01","G","999.9","000000"
"94651099999","2019-01-04","-31.45","130.9","65.0","NULLARBOR, AS","  66.9","24","  54.7","24","1018.4","24","010.8","24","999.9"," 0"," 13.5","24"," 19.0","999.9","  75.7"," ","  59.5","*"," 0.00","G","999.9","000000"
"94651099999","2019-01-05","-31.45","130.9","65.0","NULLARBOR, AS","  67.4","24","  53.2","24","1021.9","24","014.3","24","999.9"," 0"," 11.2","24"," 17.1","999.9","  76.5"," ","  58.6"," "," 0.00","G","999.9","000000"
"94651099999","2019-01-06","-31.45","130.9","65.0","NULLARBOR, AS","  67.2","24","  54.9","24","1019.6","24","012.0","24","999.9"," 0"," 11.0","24"," 17.1","999.9","  77.2"," ","  61.3"," "," 0.00","G","999.9","000000"
"94651099999","2019-01-07","-31.45","130.9","65.0","NULLARBOR, AS","  67.1","24","  57.3","24","1016.7","24","009.1","24","999.9"," 0","  9.6","24"," 15.0","999.9","  78.8"," ","  58.5","*"," 0.00","G","999.9","000000"
"94651099999","2019-01-08","-31.45","130.9","65.0","NULLARBOR, AS","  68.4","24","  55.6","24","1018.6","24","011.0","24","999.9"," 0"," 12.2","24"," 17.1","999.9","  77.0"," ","  57.9"," "," 0.00","G","999.9","000000"
"94651099999","2019-01-09","-31.45","130.9","65.0","NULLARBOR, AS","  67.0","24","  55.3","24","1016.9","24","009.3","24","999.9"," 0"," 13.5","24"," 19.0","999.9","  77.2"," ","  55.8","*"," 0.00","G","999.9","000000"
"94651099999","2019-01-10","-31.45","130.9","65.0","NULLARBOR, AS","  73.2","24","  53.1","24","1009.0","24","001.5","24","999.9"," 0"," 13.1","24"," 21.0","999.9","  85.5"," ","  55.6"," "," 0.00","G","999.9","000000"
"94651099999","2019-01-11","-31.45","130.9","65.0","NULLARBOR, AS","  75.6","24","  56.7","24","1013.3","24","005.7","24","  5.2"," 5"," 18.8","24"," 29.9","999.9"," 104.0","*","  64.0","*"," 0.00","G","999.9","000000"
"94651099999","2019-01-12","-31.45","130.9","65.0","NULLARBOR, AS","  68.4","24","  60.2","24","1018.6","24","011.0","24","  5.1"," 8"," 13.8","24"," 21.0","999.9","  79.2"," ","  59.9","*"," 0.00","G","999.9","000000"
"94651099999","2019-01-13","-31.45","130.9","65.0","NULLARBOR, AS","  73.5","24","  59.7","24","1011.7","24","004.2","24","  5.0"," 4"," 11.3","24"," 15.9","999.9","  86.2"," ","  59.9"," "," 0.00","G","999.9","000000"
"94651099999","2019-01-14","-31.45","130.9","65.0","NULLARBOR, AS","  83.6","24","  53.4","24","1008.5","24","001.0","24","999.9"," 0"," 10.2","24"," 15.9","999.9"," 107.1"," ","  62.4"," "," 0.00","G","999.9","000000"
"94651099999","2019-01-15","-31.45","130.9","65.0","NULLARBOR, AS","  74.0","24","  63.1","24","1008.0","24","000.5","24","  5.1"," 8"," 13.5","24"," 22.0","999.9","  86.5"," ","  66.0"," "," 0.00","G","999.9","000000"
"94651099999","2019-01-16","-31.45","130.9","65.0","NULLARBOR, AS","  73.4","24","  64.4","24","1007.7","24","000.2","24","  4.7","12"," 13.5","24"," 22.0","999.9","  86.9"," ","  68.9","*"," 0.00","G","999.9","000000"
"94651099999","2019-01-17","-31.45","130.9","65.0","NULLARBOR, AS","  70.3","24","  65.6","24","1010.1","24","002.6","24","999.9"," 0"," 13.3","24"," 17.1","999.9","  78.1"," ","  66.2","*"," 0.00","G","999.9","000000"
"94651099999","2019-01-18","-31.45","130.9","65.0","NULLARBOR, AS","  68.8","24","  61.2","24","1018.5","24","010.9","24","999.9"," 0"," 15.9","24"," 21.0","999.9","  77.5"," ","  65.7","*"," 0.00","G","999.9","000000"
"94651099999","2019-01-19","-31.45","130.9","65.0","NULLARBOR, AS","  67.4","24","  62.8","24","1020.7","24","013.1","24","999.9"," 0"," 13.4","24"," 18.1","999.9","  74.7"," ","  62.2","*"," 0.00","G","999.9","000000"
"94651099999","2019-01-20","-31.45","130.9","65.0","NULLARBOR, AS","  67.8","24","  63.9","24","1017.6","24","010.0","24","999.9"," 0","  8.4","24"," 12.0","999.9","  74.7"," ","  61.9"," "," 0.04","G","999.9","000000"
"94651099999","2019-01-21","-31.45","130.9","65.0","NULLARBOR, AS","  76.5","24","  60.6","24","1011.3","24","003.7","24","999.9"," 0"," 10.2","24"," 18.1","999.9","  95.0"," ","  61.7"," "," 0.00","G","999.9","000000"
"94651099999","2019-01-22","-31.45","130.9","65.0","NULLARBOR, AS","  90.3","24","  54.5","24","1005.9","24","998.4","24","999.9"," 0"," 14.4","24"," 25.1","999.9"," 109.8"," ","  64.8"," "," 0.00","G","999.9","000000"
"94651099999","2019-01-23","-31.45","130.9","65.0","NULLARBOR, AS"," 101.5","24","  49.7","24","1002.0","24","994.6","24","999.9"," 0"," 13.9","24"," 24.1","999.9"," 117.7"," ","  73.0"," "," 0.00","G","999.9","000000"
"94651099999","2019-01-24","-31.45","130.9","65.0","NULLARBOR, AS","  76.2","24","  64.6","24","1008.3","24","000.8","24","999.9"," 0"," 11.5","24"," 20.0","999.9"," 103.1"," ","  66.7","*"," 0.04","G","999.9","010000"
"94651099999","2019-01-25","-31.45","130.9","65.0","NULLARBOR, AS","  68.5","24","  62.2","24","1013.9","24","006.4","24","999.9"," 0"," 11.0","24"," 18.1","999.9","  78.8"," ","  62.1","*"," 0.01","G","999.9","000000"
"94651099999","2019-01-26","-31.45","130.9","65.0","NULLARBOR, AS","  66.5","24","  56.3","24","1016.4","24","008.8","24","999.9"," 0","  8.9","24"," 18.1","999.9","  77.4"," ","  53.1","*"," 0.02","G","999.9","110000"
"94651099999","2019-01-27","-31.45","130.9","65.0","NULLARBOR, AS","  64.1","24","  52.9","24","1016.9","24","009.3","24","999.9"," 0","  8.9","24"," 15.0","999.9","  77.9"," ","  48.0","*"," 0.00","G","999.9","000000"
"94651099999","2019-01-28","-31.45","130.9","65.0","NULLARBOR, AS","  66.6","24","  52.9","24","1012.8","24","005.3","24","  0.1"," 4","  9.2","24"," 15.0","999.9","  86.4"," ","  46.9","*"," 0.00","G","999.9","000000"
"94651099999","2019-01-29","-31.45","130.9","65.0","NULLARBOR, AS","  78.3","24","  35.0","21","1007.5","24","000.0","24","999.9"," 0"," 10.7","24"," 17.1","999.9"," 100.2"," ","  62.6","*"," 0.00","G","999.9","000000"
"94651099999","2019-01-30","-31.45","130.9","65.0","NULLARBOR, AS","  71.8","24","  54.5","24","1013.3","24","005.7","24","999.9"," 0"," 16.4","24"," 22.0","999.9","  87.4"," ","  61.5"," "," 0.00","G","999.9","000000"
"94651099999","2019-01-31","-31.45","130.9","65.0","NULLARBOR, AS","  68.3","24","  54.2","24","1017.7","24","010.1","24","999.9"," 0"," 16.0","24"," 20.0","999.9","  76.3"," ","  62.2","*"," 0.00","G","999.9","000000"
"94651099999","2019-02-01","-31.45","130.9","65.0","NULLARBOR, AS","  67.7","24","  60.1","24","1013.7","24","006.2","24","  3.7"," 4"," 11.8","24"," 18.1","999.9","  77.7"," ","  57.6","*"," 0.00","G","999.9","000000"
"94651099999","2019-02-02","-31.45","130.9","65.0","NULLARBOR, AS","  73.2","24","  62.6","23","1009.4","24","001.9","24","  2.3"," 4","  9.9","24"," 17.1","999.9","  90.3"," ","  55.6"," "," 0.00","G","999.9","000000"
"94651099999","2019-02-03","-31.45","130.9","65.0","NULLARBOR, AS","  71.4","24","  62.4","24","1015.2","24","007.6","24","999.9"," 0"," 18.4","24"," 24.1","999.9","  79.9"," ","  60.4"," "," 0.00","G","999.9","000000"
"94651099999","2019-02-04","-31.45","130.9","65.0","NULLARBOR, AS","  69.0","24","  59.7","24","1016.6","24","009.0","24","999.9"," 0"," 17.7","24"," 25.1","999.9","  78.4"," ","  64.8","*"," 0.02","G","999.9","010000"
"94651099999","2019-02-05","-31.45","130.9","65.0","NULLARBOR, AS","  64.9","24","  57.8","24","1013.9","24","006.3","24","999.9"," 0"," 10.8","24"," 18.1","999.9","  75.0"," ","  55.9","*"," 0.00","G","999.9","000000"
"94651099999","2019-02-06","-31.45","130.9","65.0","NULLARBOR, AS","  68.8","24","  57.3","24","1014.2","24","006.6","24","999.9"," 0"," 10.4","24"," 15.0","999.9","  79.3"," ","  55.2"," "," 0.00","G","999.9","000000"
"94651099999","2019-02-07","-31.45","130.9","65.0","NULLARBOR, AS","  69.6","24","  54.0","24","1017.7","24","010.1","24","999.9"," 0"," 14.0","24"," 20.0","999.9","  78.8"," ","  57.4"," "," 0.00","G","999.9","000000"
"94651099999","2019-02-08","-31.45","130.9","65.0","NULLARBOR, AS","  68.4","24","  53.2","24","1017.8","24","010.2","24","999.9"," 0"," 12.8","24"," 17.1","999.9","  77.0"," ","  63.5","*"," 0.00","G","999.9","000000"
"94651099999","2019-02-09","-31.45","130.9","65.0","NULLARBOR, AS","  68.6","24","  55.6","24","1016.6","24","009.0","24","999.9"," 0","  9.6","24"," 17.1","999.9","  76.5"," ","  63.5"," "," 0.00","G","999.9","000000"
"94651099999","2019-02-10","-31.45","130.9","65.0","NULLARBOR, AS","  64.9","24","  53.4","24","1012.4","24","004.9","24","999.9"," 0","  8.3","24"," 13.0","999.9","  79.2"," ","  52.2","*"," 0.00","G","999.9","000000"
"94651099999","2019-02-11","-31.45","130.9","65.0","NULLARBOR, AS","  72.0","24","  57.5","24","1007.9","24","000.4","24","999.9"," 0"," 12.4","24"," 17.1","999.9","  84.4"," ","  51.3"," "," 0.00","G","999.9","000000"
"94651099999","2019-02-12","-31.45","130.9","65.0","NULLARBOR, AS","  66.1","24","  52.7","24","1015.3","24","007.7","24","999.9"," 0"," 13.0","24"," 20.0","999.9","  75.2"," ","  57.9","*"," 0.00","G","999.9","000000"
"94651099999","2019-02-13","-31.45","130.9","65.0","NULLARBOR, AS","  61.9","24","  48.7","24","1019.8","24","012.2","24","999.9"," 0"," 10.9","24"," 15.0","999.9","  75.9"," ","  46.9","*"," 0.00","G","999.9","000000"
"94651099999","2019-02-14","-31.45","130.9","65.0","NULLARBOR, AS","  67.4","24","  52.6","24","1018.7","24","011.1","24","999.9"," 0"," 10.6","24"," 17.1","999.9","  83.7"," ","  46.4"," "," 0.00","G","999.9","000000"
"94651099999","2019-02-15","-31.45","130.9","65.0","NULLARBOR, AS","  75.3","24","  46.8","24","1018.0","24","010.4","24","999.9"," 0","  9.5","24"," 15.0","999.9","  96.3"," ","  53.1"," "," 0.00","G","999.9","000000"
"94651099999","2019-02-16","-31.45","130.9","65.0","NULLARBOR, AS","  81.9","24","  41.3","24","1012.1","24","004.6","24","999.9"," 0"," 10.7","24"," 15.9","999.9"," 102.2"," ","  56.1"," "," 0.00","G","999.9","000000"
"94651099999","2019-02-17","-31.45","130.9","65.0","NULLARBOR, AS","  75.1","24","  53.9","24","1012.0","24","004.5","24","999.9"," 0"," 15.8","24"," 21.0","999.9"," 104.7"," ","  65.5","*"," 0.00","G","999.9","000000"
"94651099999","2019-02-18","-31.45","130.9","65.0","NULLARBOR, AS","  68.1","24","  53.0","24","1016.9","24","009.3","24","999.9"," 0"," 12.6","24"," 17.1","999.9","  76.5"," ","  64.6","*"," 0.00","G","999.9","000000"
"94651099999","2019-02-19","-31.45","130.9","65.0","NULLARBOR, AS","  65.2","24","  52.2","24","1018.5","24","010.9","24","999.9"," 0","  9.8","24"," 15.9","999.9","  76.6"," ","  52.0","*"," 0.00","G","999.9","000000"
"94651099999","2019-02-20","-31.45","130.9","65.0","NULLARBOR, AS","  65.9","24","  55.2","24","1018.7","24","011.1","24","999.9"," 0"," 11.4","24"," 18.1","999.9","  78.6"," ","  51.1"," "," 0.00","G","999.9","000000"
"94651099999","2019-02-21","-31.45","130.9","65.0","NULLARBOR, AS","  69.5","24","  59.2","24","1017.1","24","009.5","24","  5.0"," 4"," 10.7","24"," 18.1","999.9","  87.4"," ","  52.0"," "," 0.00","G","999.9","000000"
"94651099999","2019-02-22","-31.45","130.9","65.0","NULLARBOR, AS","  76.4","24","  49.6","24","1016.1","24","008.5","24","999.9"," 0"," 12.8","24"," 21.0","999.9"," 100.9"," ","  54.7","*"," 0.00","G","999.9","000000"
"94651099999","2019-02-23","-31.45","130.9","65.0","NULLARBOR, AS","  80.3","24","  42.5","24","1015.3","24","007.7","24","999.9"," 0"," 12.0","24"," 19.0","999.9"," 102.6"," ","  53.8"," "," 0.00","G","999.9","000000"
"94651099999","2019-02-24","-31.45","130.9","65.0","NULLARBOR, AS","  83.8","24","  32.8","24","1016.0","24","008.4","24","999.9"," 0","  9.1","24"," 18.1","999.9"," 106.2"," ","  58.6"," "," 0.00","G","999.9","000000"
"94651099999","2019-02-25","-31.45","130.9","65.0","NULLARBOR, AS","  76.8","24","  58.9","24","1018.8","24","011.2","24","  4.5"," 8"," 11.7","24"," 19.0","999.9"," 102.7"," ","  62.6"," "," 0.00","G","999.9","000000"
"94651099999","2019-02-26","-31.45","130.9","65.0","NULLARBOR, AS","  70.5","24","  65.9","21","1017.7","24","010.1","24","  2.7","12"," 10.9","24"," 18.1","999.9","  82.6"," ","  64.4"," "," 0.00","G","999.9","000000"
"94651099999","2019-02-27","-31.45","130.9","65.0","NULLARBOR, AS","  72.6","24","  62.5","24","1014.7","24","007.1","24","999.9"," 0","  9.7","24"," 15.9","999.9","  86.0"," ","  61.9","*"," 0.00","G","999.9","000000"
"94651099999","2019-02-28","-31.45","130.9","65.0","NULLARBOR, AS","  85.7","24","  46.5","24","1011.2","24","003.7","24","999.9"," 0"," 11.4","24"," 15.0","999.9"," 104.7"," ","  60.6"," "," 0.00","G","999.9","000000"
"94651099999","2019-03-01","-31.45","130.9","65.0","NULLARBOR, AS","  86.3","24","  50.0","24","1010.6","24","003.0","24","  4.3"," 8"," 16.8","24"," 22.9","999.9"," 113.5"," ","  68.5","*"," 0.00","G","999.9","000000"
"94651099999","2019-03-02","-31.45","130.9","65.0","NULLARBOR, AS","  70.4","24","  61.7","24","1017.2","24","009.6","24","999.9"," 0"," 16.6","24"," 21.0","999.9","  78.4"," ","  66.6","*"," 0.00","G","999.9","000000"
"94651099999","2019-03-03","-31.45","130.9","65.0","NULLARBOR, AS","  68.4","24","  59.3","24","1020.5","24","012.9","24","999.9"," 0"," 14.1","24"," 19.0","999.9","  77.0"," ","  62.4","*"," 0.00","G","999.9","000000"
"94651099999","2019-03-04","-31.45","130.9","65.0","NULLARBOR, AS","  69.2","24","  59.9","24","1020.0","24","012.4","24","999.9"," 0"," 12.1","24"," 17.1","999.9","  77.7"," ","  62.2"," "," 0.00","G","999.9","000000"
"94651099999","2019-03-05","-31.45","130.9","65.0","NULLARBOR, AS","  66.9","24","  57.1","24","1022.0","24","014.4","24","999.9"," 0"," 12.5","24"," 17.1","999.9","  76.6"," ","  58.5","*"," 0.12","G","999.9","110000"
"94651099999","2019-03-06","-31.45","130.9","65.0","NULLARBOR, AS","  62.6","24","  50.1","24","1022.4","24","014.7","24","999.9"," 0"," 12.1","24"," 18.1","999.9","  73.4"," ","  49.5","*"," 0.00","G","999.9","000000"
"94651099999","2019-03-07","-31.45","130.9","65.0","NULLARBOR, AS","  73.9","24","  43.2","24","1014.8","24","007.2","24","999.9"," 0"," 10.7","24"," 18.1","999.9","  92.7"," ","  49.5"," "," 0.00","G","999.9","000000"
"94651099999","2019-03-08","-31.45","130.9","65.0","NULLARBOR, AS","  78.2","24","  49.5","24","1016.5","24","008.9","24","999.9"," 0"," 11.1","24"," 19.0","999.9"," 102.6"," ","  61.0"," "," 0.00","G","999.9","000000"
"94651099999","2019-03-09","-31.45","130.9","65.0","NULLARBOR, AS","  76.2","24","  60.1","24","1016.2","24","008.6","24","999.9"," 0"," 10.0","24"," 15.9","999.9","  94.5"," ","  66.4","*"," 0.00","G","999.9","000000"
"94651099999","2019-03-10","-31.45","130.9","65.0","NULLARBOR, AS","  76.9","22","  64.7","22","1016.7","22","009.2","22","999.9"," 0"," 11.4","22"," 15.9","999.9","  96.1"," ","  65.5","*"," 0.00","C","999.9","000000"
"94651099999","2019-03-11","-31.45","130.9","65.0","NULLARBOR, AS","  69.5","24","  59.8","24","1018.0","24","010.4","24","999.9"," 0","  9.5","24"," 15.9","999.9","  81.0"," ","  64.2","*"," 0.00","G","999.9","000000"
"94651099999","2019-03-12","-31.45","130.9","65.0","NULLARBOR, AS","  63.7","24","  53.7","24","1018.0","24","010.4","24","999.9"," 0","  9.6","24"," 14.0","999.9","  77.2"," ","  51.4","*"," 0.00","G","999.9","000000"
"94651099999","2019-03-13","-31.45","130.9","65.0","NULLARBOR, AS","  68.9","20","  54.5","20","1016.2","20","008.6","20","999.9"," 0","  7.7","20"," 14.0","999.9","  83.5","*","  49.8"," "," 0.00","C","999.9","000000"
"94651099999","2019-03-14","-31.45","130.9","65.0","NULLARBOR, AS","  70.6","24","  58.3","24","1017.0","24","009.4","24","999.9"," 0"," 13.4","24"," 20.0","999.9","  84.9"," ","  55.8"," "," 0.00","G","999.9","000000"
"94651099999","2019-03-15","-31.45","130.9","65.0","NULLARBOR, AS","  67.9","24","  60.4","24","1016.1","24","008.6","24","999.9"," 0"," 12.7","24"," 18.1","999.9","  77.7"," ","  60.1","*"," 0.00","G","999.9","000000"
"94651099999","2019-03-16","-31.45","130.9","65.0","NULLARBOR, AS","  71.6","24","  63.1","24","1015.6","24","008.0","24","  5.6"," 4"," 10.9","24"," 17.1","999.9","  85.6"," ","  59.2"," "," 0.00","G","999.9","000000"
"94651099999","2019-03-17","-31.45","130.9","65.0","NULLARBOR, AS","  68.1","24","  63.5","24","1017.5","24","009.9","24","999.9"," 0"," 12.5","24"," 17.1","999.9","  72.9"," ","  62.8"," "," 0.00","B","999.9","000000"
"94651099999","2019-03-18","-31.45","130.9","65.0","NULLARBOR, AS","  68.4","24","  61.1","24","1017.8","24","010.2","24","999.9"," 0"," 13.0","24"," 20.0","999.9","  77.7"," ","  63.7","*"," 0.00","G","999.9","000000"
"94651099999","2019-03-19","-31.45","130.9","65.0","NULLARBOR, AS","  67.3","24","  60.9","24","1016.6","24","009.0","24","999.9"," 0"," 12.1","24"," 18.1","999.9","  76.8"," ","  60.1","*"," 0.00","G","999.9","000000"
"94651099999","2019-03-20","-31.45","130.9","65.0","NULLARBOR, AS","  68.2","24","  62.3","24","1016.2","24","008.6","24","999.9"," 0"," 12.7","24"," 18.1","999.9","  79.9"," ","  59.7"," "," 0.00","G","999.9","000000"
"94651099999","2019-03-21","-31.45","130.9","65.0","NULLARBOR, AS","  66.9","24","  62.7","24","1014.4","24","006.8","24","999.9"," 0"," 12.4","24"," 17.1","999.9","  75.7"," ","  61.9"," "," 0.00","G","999.9","000000"
"94651099999","2019-03-22","-31.45","130.9","65.0","NULLARBOR, AS","  69.5","24","  64.1","21","1011.2","24","003.6","24","  2.8"," 4","  6.1","24"," 13.0","999.9","  81.3"," ","  63.3"," "," 0.00","G","999.9","000000"
"94651099999","2019-03-23","-31.45","130.9","65.0","NULLARBOR, AS","  67.0","24","  64.3","21","1013.3","24","005.7","24","999.9"," 0","  7.7","24"," 15.0","999.9","  73.8"," ","  60.1","*"," 0.00","G","999.9","000000"
"94651099999","2019-03-24","-31.45","130.9","65.0","NULLARBOR, AS","  67.9","24","  55.9","24","1015.0","24","007.4","24","999.9"," 0"," 13.4","24"," 22.0","999.9","  79.3"," ","  58.1","*"," 0.00","G","999.9","000000"
"94651099999","2019-03-25","-31.45","130.9","65.0","NULLARBOR, AS","  63.0","24","  54.1","24","1022.3","24","014.7","24","999.9"," 0","  9.6","24"," 15.9","999.9","  72.0"," ","  56.8"," "," 0.01","G","999.9","000000"
"94651099999","2019-03-26","-31.45","130.9","65.0","NULLARBOR, AS","  60.5","24","  54.6","24","1023.7","24","016.0","24","999.9"," 0","  8.9","24"," 15.9","999.9","  73.4"," ","  46.8","*"," 0.00","G","999.9","000000"
"94651099999","2019-03-27","-31.45","130.9","65.0","NULLARBOR, AS","  64.7","24","  54.8","24","1017.5","24","009.9","24","999.9"," 0","  9.3","24"," 15.0","999.9","  81.5"," ","  45.3"," "," 0.00","G","999.9","000000"
"94651099999","2019-03-28","-31.45","130.9","65.0","NULLARBOR, AS","  75.5","24","  48.8","24","1013.1","24","005.5","24","999.9"," 0"," 13.9","24"," 20.0","999.9","  95.0"," ","  52.9"," "," 0.00","G","999.9","000000"
"94651099999","2019-03-29","-31.45","130.9","65.0","NULLARBOR, AS","  63.6","24","  49.7","24","1021.5","24","013.9","24","999.9"," 0"," 13.2","24"," 22.9","999.9","  72.3"," ","  58.3","*"," 0.00","G","999.9","000000"
"94651099999","2019-03-30","-31.45","130.9","65.0","NULLARBOR, AS","  61.4","24","  52.9","24","1024.7","24","017.0","24","999.9"," 0","  7.7","24"," 13.0","999.9","  70.7"," ","  57.4","*"," 0.00","G","999.9","000000"
"94651099999","2019-03-31","-31.45","130.9","65.0","NULLARBOR, AS","  60.6","24","  53.5","24","1024.4","24","016.7","24","999.9"," 0","  8.3","24"," 13.0","999.9","  71.8"," ","  47.8","*"," 0.00","G","999.9","000000"
"94651099999","2019-04-01","-31.45","130.9","65.0","NULLARBOR, AS","  66.0","24","  51.1","24","1020.8","24","013.1","24","999.9"," 0"," 10.7","24"," 15.0","999.9","  85.8"," ","  47.1"," "," 0.00","G","999.9","000000"
"94651099999","2019-04-02","-31.45","130.9","65.0","NULLARBOR, AS","  73.1","24","  35.8","24","1018.6","24","010.9","24","999.9"," 0"," 10.6","24"," 20.0","999.9","  93.2"," ","  51.6"," "," 0.00","G","999.9","000000"
"94651099999","2019-04-03","-31.45","130.9","65.0","NULLARBOR, AS","  74.4","24","  38.7","24","1020.2","24","012.5","24","999.9"," 0"," 10.1","24"," 13.0","999.9","  95.9"," ","  56.7"," "," 0.00","G","999.9","000000"
"94651099999","2019-04-04","-31.45","130.9","65.0","NULLARBOR, AS","  80.2","24","  30.0","24","1014.9","24","007.2","24","999.9"," 0"," 15.2","24"," 22.9","999.9","  97.3"," ","  60.8"," "," 0.00","G","999.9","000000"
"94651099999","2019-04-05","-31.45","130.9","65.0","NULLARBOR, AS","  66.8","24","  52.9","24","1022.3","24","014.6","24","999.9"," 0"," 10.9","24"," 19.0","999.9","  76.3"," ","  59.4","*"," 0.00","G","999.9","000000"
"94651099999","2019-04-06","-31.45","130.9","65.0","NULLARBOR, AS","  61.0","24","  51.4","24","1021.6","24","013.9","24","999.9"," 0","  7.0","24"," 13.0","999.9","  77.4"," ","  47.5","*"," 0.00","G","999.9","000000"
"94651099999","2019-04-07","-31.45","130.9","65.0","NULLARBOR, AS","  63.2","24","  51.4","22","1019.4","24","011.7","24","  0.3"," 4","  7.8","24"," 17.1","999.9","  81.1"," ","  45.3"," "," 0.00","G","999.9","000000"
"94651099999","2019-04-08","-31.45","130.9","65.0","NULLARBOR, AS","  63.9","24","  54.9","24","1021.7","24","014.0","24","999.9"," 0","  9.3","24"," 15.0","999.9","  75.7"," ","  47.7"," "," 0.00","G","999.9","000000"
"94651099999","2019-04-09","-31.45","130.9","65.0","NULLARBOR, AS","  59.6","24","  49.1","24","1024.9","24","017.2","24","999.9"," 0"," 11.0","24"," 15.9","999.9","  74.1"," ","  42.3","*"," 0.00","G","999.9","000000"
"94651099999","2019-04-10","-31.45","130.9","65.0","NULLARBOR, AS","  61.4","24","  46.7","24","1022.2","24","014.5","24","999.9"," 0"," 10.9","24"," 17.1","999.9","  76.8"," ","  42.1"," "," 0.00","G","999.9","000000"
"94651099999","2019-04-11","-31.45","130.9","65.0","NULLARBOR, AS","  69.7","24","  33.3","24","1018.2","24","010.5","24","999.9"," 0"," 11.0","24"," 18.1","999.9","  90.9"," ","  45.9"," "," 0.00","G","999.9","000000"
"94651099999","2019-04-12","-31.45","130.9","65.0","NULLARBOR, AS","  72.6","24","  33.7","24","1017.9","24","010.3","24","999.9"," 0","  8.8","24"," 20.0","999.9","  91.0"," ","  54.9"," "," 0.00","G","999.9","000000"
"94651099999","2019-04-13","-31.45","130.9","65.0","NULLARBOR, AS","  68.9","24","  32.9","24","1017.8","24","010.1","24","999.9"," 0","  6.9","24"," 11.1","999.9","  81.9"," ","  54.7","*"," 0.00","G","999.9","000000"
"94651099999","2019-04-14","-31.45","130.9","65.0","NULLARBOR, AS","  79.5","24","  41.3","22","1011.2","24","003.6","24","999.9"," 0"," 10.7","24"," 20.0","999.9","  99.7"," ","  53.2"," "," 0.00","G","999.9","000000"
"94651099999","2019-04-15","-31.45","130.9","65.0","NULLARBOR, AS","  72.6","24","  60.9","24","1013.2","24","005.5","24","  3.1"," 4","  9.1","24"," 17.1","999.9","  94.8"," ","  59.5","*"," 0.00","G","999.9","000000"
"94651099999","2019-04-16","-31.45","130.9","65.0","NULLARBOR, AS","  75.6","24","  59.4","24","1012.7","24","005.0","24","999.9"," 0","  9.7","24"," 17.1","999.9","  98.2"," ","  59.5"," "," 0.00","G","999.9","000000"
"94651099999","2019-04-17","-31.45","130.9","65.0","NULLARBOR, AS","  63.7","24","  53.7","24","1023.1","24","015.4","24","999.9"," 0"," 11.8","24"," 19.0","999.9","  74.1"," ","  53.8","*"," 0.00","G","999.9","000000"
"94651099999","2019-04-18","-31.45","130.9","65.0","NULLARBOR, AS","  66.7","24","  55.4","24","1018.5","24","010.8","24","  5.3"," 4"," 11.0","24"," 15.9","999.9","  77.4","*","  53.4"," "," 0.00","G","999.9","000000"
"94651099999","2019-04-19","-31.45","130.9","65.0","NULLARBOR, AS","  76.4","24","  46.6","24","1013.0","24","005.4","24","  4.8"," 6"," 10.2","24"," 24.1","999.9","  92.3"," ","  59.0"," "," 0.12","G","999.9","110000"
"94651099999","2019-04-20","-31.45","130.9","65.0","NULLARBOR, AS","  54.2","24","  52.8","24","1019.9","24","012.2","24","999.9"," 0","  8.7","24"," 14.0","999.9","  79.3"," ","  48.4","*"," 0.71","G","999.9","110000"
"94651099999","2019-04-21","-31.45","130.9","65.0","NULLARBOR, AS","  56.9","24","  49.7","24","1026.1","24","018.3","24","999.9"," 0","  8.1","24"," 15.0","999.9","  65.1"," ","  48.0","*"," 0.00","G","999.9","000000"
"94651099999","2019-04-22","-31.45","130.9","65.0","NULLARBOR, AS","  56.1","24","  49.8","24","1027.5","24","019.8","24","999.9"," 0","  7.8","24"," 14.0","999.9","  68.0"," ","  45.5","*"," 0.00","G","999.9","000000"
"94651099999","2019-04-23","-31.45","130.9","65.0","NULLARBOR, AS","  58.3","24","  51.0","24","1027.2","24","019.5","24","999.9"," 0","  9.0","24"," 17.1","999.9","  69.8"," ","  45.0"," "," 0.00","G","999.9","000000"
"94651099999","2019-04-24","-31.45","130.9","65.0","NULLARBOR, AS","  62.9","24","  57.8","24","1027.5","24","019.7","24","999.9"," 0","  6.2","24"," 13.0","999.9","  70.9"," ","  45.1"," "," 0.00","G","999.9","000000"
"94651099999","2019-04-25","-31.45","130.9","65.0","NULLARBOR, AS","  61.0","24","  54.4","24","1027.0","24","019.2","24","999.9"," 0","  7.5","24"," 13.0","999.9","  70.3"," ","  53.8","*"," 0.00","G","999.9","000000"
"94651099999","2019-04-26","-31.45","130.9","65.0","NULLARBOR, AS","  63.4","24","  51.3","24","1029.0","24","021.2","24","999.9"," 0"," 10.2","24"," 13.0","999.9","  70.0"," ","  53.4"," "," 0.00","G","999.9","000000"
"94651099999","2019-04-27","-31.45","130.9","65.0","NULLARBOR, AS","  57.4","24","  49.5","24","1029.5","24","021.7","24","999.9"," 0","  9.1","24"," 13.0","999.9","  68.9"," ","  45.3","*"," 0.00","G","999.9","000000"
"94651099999","2019-04-28","-31.45","130.9","65.0","NULLARBOR, AS","  58.7","24","  49.9","24","1025.2","24","017.4","24","999.9"," 0","  9.2","24"," 15.0","999.9","  73.4"," ","  44.8"," "," 0.00","G","999.9","000000"
"94651099999","2019-04-29","-31.45","130.9","65.0","NULLARBOR, AS","  69.1","24","  27.1","24","1012.7","24","005.1","24","999.9"," 0"," 12.7","24"," 21.0","999.9","  82.2"," ","  46.4"," "," 0.00","G","999.9","000000"
"94651099999","2019-04-30","-31.45","130.9","65.0","NULLARBOR, AS","  54.6","24","  53.2","24","1008.2","24","000.6","24","999.9"," 0"," 12.3","24"," 21.0","999.9","  66.4"," ","  48.4","*"," 0.43","G","999.9","110000"
"94651099999","2019-05-01","-31.45","130.9","65.0","NULLARBOR, AS","  52.6","24","  49.2","24","1012.4","24","004.7","24","999.9"," 0"," 14.9","24"," 25.1","999.9","  63.3"," ","  45.1","*"," 0.31","G","999.9","110000"
"94651099999","2019-05-02","-31.45","130.9","65.0","NULLARBOR, AS","  53.1","24","  47.7","24","1021.0","24","013.2","24","999.9"," 0"," 10.2","24"," 15.9","999.9","  63.7"," ","  44.8"," "," 0.01","G","999.9","000000"
"94651099999","2019-05-03","-31.45","130.9","65.0","NULLARBOR, AS","  55.3","24","  51.6","23","1025.2","24","017.4","24","  0.9"," 4","  8.4","24"," 15.0","999.9","  66.7"," ","  43.9","*"," 0.00","G","999.9","000000"
"94651099999","2019-05-04","-31.45","130.9","65.0","NULLARBOR, AS","  57.4","24","  51.5","24","1024.9","24","017.1","24","999.9"," 0","  8.8","24"," 13.0","999.9","  72.5"," ","  43.7"," "," 0.00","G","999.9","000000"
"94651099999","2019-05-05","-31.45","130.9","65.0","NULLARBOR, AS","  59.2","24","  47.1","24","1022.4","24","014.6","24","999.9"," 0","  9.3","24"," 13.0","999.9","  77.2"," ","  46.6","*"," 0.00","G","999.9","000000"
"94651099999","2019-05-06","-31.45","130.9","65.0","NULLARBOR, AS","  67.3","24","  46.3","24","1016.3","24","008.6","24","999.9"," 0"," 13.9","24"," 17.1","999.9","  81.0"," ","  46.2"," "," 0.00","G","999.9","000000"
"94651099999","2019-05-07","-31.45","130.9","65.0","NULLARBOR, AS","  59.6","24","  51.7","24","1022.5","24","014.7","24","999.9"," 0","  9.6","24"," 19.0","999.9","  68.2"," ","  53.4","*"," 0.01","G","999.9","010000"
"94651099999","2019-05-08","-31.45","130.9","65.0","NULLARBOR, AS","  58.0","24","  51.4","24","1021.6","24","013.8","24","999.9"," 0"," 11.0","24"," 21.0","999.9","  65.5"," ","  52.3"," "," 0.28","G","999.9","010000"
"94651099999","2019-05-09","-31.45","130.9","65.0","NULLARBOR, AS","  55.7","24","  45.7","24","1027.6","24","019.7","24","999.9"," 0"," 16.1","24"," 24.1","999.9","  60.6"," ","  51.3"," "," 0.04","G","999.9","000000"
"94651099999","2019-05-10","-31.45","130.9","65.0","NULLARBOR, AS","  55.0","24","  51.1","24","1033.8","24","025.9","24","999.9"," 0","  8.0","24"," 15.0","999.9","  66.0"," ","  48.2","*"," 0.04","G","999.9","010000"
"94651099999","2019-05-11","-31.45","130.9","65.0","NULLARBOR, AS","  54.6","24","  49.4","24","1032.2","24","024.3","24","999.9"," 0","  6.2","24","  9.9","999.9","  63.9"," ","  43.0","*"," 0.00","G","999.9","000000"
"94651099999","2019-05-12","-31.45","130.9","65.0","NULLARBOR, AS","  54.6","24","  46.7","24","1025.9","24","018.0","24","999.9"," 0","  9.1","24"," 13.0","999.9","  70.3"," ","  40.6","*"," 0.00","G","999.9","000000"
"94651099999","2019-05-13","-31.45","130.9","65.0","NULLARBOR, AS","  56.2","24","  44.0","24","1025.6","24","017.8","24","999.9"," 0","  8.8","24"," 15.9","999.9","  74.1"," ","  40.3"," "," 0.00","G","999.9","000000"
"94651099999","2019-05-14","-31.45","130.9","65.0","NULLARBOR, AS","  56.7","23","  45.3","23","1028.3","23","020.5","23","999.9"," 0","  8.8","23"," 14.0","999.9","  74.7"," ","  41.2","*"," 0.00","C","999.9","000000"
"94651099999","2019-05-15","-31.45","130.9","65.0","NULLARBOR, AS","  57.1","23","  44.0","23","1026.2","23","018.3","23","999.9"," 0","  8.9","23"," 13.0","999.9","  75.0"," ","  40.8"," "," 0.00","C","999.9","000000"
"94651099999","2019-05-16","-31.45","130.9","65.0","NULLARBOR, AS","  61.5","24","  41.7","24","1018.9","24","011.1","24","999.9"," 0"," 10.7","24"," 15.9","999.9","  79.2"," ","  43.7"," "," 0.00","G","999.9","000000"
"94651099999","2019-05-17","-31.45","130.9","65.0","NULLARBOR, AS","  67.4","24","  48.3","24","1014.8","24","007.1","24","999.9"," 0"," 12.1","24"," 17.1","999.9","  85.3"," ","  49.6"," "," 0.02","G","999.9","010000"
"94651099999","2019-05-18","-31.45","130.9","65.0","NULLARBOR, AS","  51.4","24","  35.8","24","1019.4","24","011.6","24","999.9"," 0","  9.7","24"," 15.0","999.9","  71.2"," ","  38.5","*"," 0.00","G","999.9","000000"
"94651099999","2019-05-19","-31.45","130.9","65.0","NULLARBOR, AS","  53.5","24","  40.2","24","1020.8","24","013.0","24","999.9"," 0","  9.8","24"," 18.1","999.9","  71.2"," ","  36.0"," "," 0.00","G","999.9","000000"
"94651099999","2019-05-20","-31.45","130.9","65.0","NULLARBOR, AS","  55.9","24","  33.6","24","1020.4","24","012.6","24","999.9"," 0","  8.6","24"," 11.1","999.9","  74.1"," ","  37.8"," "," 0.00","G","999.9","000000"
"94651099999","2019-05-21","-31.45","130.9","65.0","NULLARBOR, AS","  60.2","24","  46.7","17","1024.1","24","016.3","24","  0.3"," 6","  8.4","24"," 12.0","999.9","  79.2"," ","  39.9"," "," 0.02","G","999.9","010000"
"94651099999","2019-05-22","-31.45","130.9","65.0","NULLARBOR, AS","  59.1","22","  54.1","18","1024.8","22","017.0","22","  2.0"," 6","  8.7","22"," 13.0","999.9","  73.4"," ","  49.5","*"," 0.00","G","999.9","000000"
"94651099999","2019-05-23","-31.45","130.9","65.0","NULLARBOR, AS","  70.7","24","  51.0","24","1019.8","24","012.0","24","999.9"," 0"," 11.9","24"," 22.9","999.9","  90.5"," ","  47.5"," "," 0.00","G","999.9","000000"
"94651099999","2019-05-24","-31.45","130.9","65.0","NULLARBOR, AS","  55.6","24","  50.5","23","1021.4","24","013.6","24","  0.3"," 8","  7.7","24"," 11.1","999.9","  69.1"," ","  43.0","*"," 0.00","G","999.9","000000"
"94651099999","2019-05-25","-31.45","130.9","65.0","NULLARBOR, AS","  53.8","24","  48.9","23","1023.4","24","015.6","24","999.9"," 0","  8.6","24"," 15.9","999.9","  67.8"," ","  40.3","*"," 0.01","G","999.9","110000"
"94651099999","2019-05-26","-31.45","130.9","65.0","NULLARBOR, AS","  58.2","24","  48.7","24","1025.0","24","017.2","24","999.9"," 0","  8.2","24"," 13.0","999.9","  64.9"," ","  39.6"," "," 0.08","G","999.9","110000"
"94651099999","2019-05-27","-31.45","130.9","65.0","NULLARBOR, AS","  55.9","24","  52.3","24","1025.6","24","017.8","24","999.9"," 0","  7.9","24"," 15.0","999.9","  66.4"," ","  48.0","*"," 0.02","G","999.9","010000"
"94651099999","2019-05-28","-31.45","130.9","65.0","NULLARBOR, AS","  57.8","24","  52.2","24","1023.5","24","015.7","24","999.9"," 0","  8.7","24"," 15.0","999.9","  64.2"," ","  46.8"," "," 0.02","G","999.9","000000"
"94651099999","2019-05-29","-31.45","130.9","65.0","NULLARBOR, AS","  57.8","24","  47.1","24","1027.1","24","019.3","24","999.9"," 0","  9.6","24"," 17.1","999.9","  64.4"," ","  52.7","*"," 0.02","G","999.9","000000"
"94651099999","2019-05-30","-31.45","130.9","65.0","NULLARBOR, AS","  50.0","24","  42.5","24","1032.7","24","024.8","24","999.9"," 0","  8.0","24","  9.9","999.9","  64.0"," ","  35.6","*"," 0.00","G","999.9","000000"
"94651099999","2019-05-31","-31.45","130.9","65.0","NULLARBOR, AS","  50.3","24","  41.8","24","1033.3","24","025.4","24","999.9"," 0","  8.2","24"," 12.0","999.9","  65.7"," ","  34.7","*"," 0.00","G","999.9","000000"
"94651099999","2019-06-01","-31.45","130.9","65.0","NULLARBOR, AS","  51.2","24","  46.1","24","1034.5","24","026.5","24","999.9"," 0","  7.9","24"," 13.0","999.9","  65.5"," ","  34.3"," "," 0.00","G","999.9","000000"
"94651099999","2019-06-02","-31.45","130.9","65.0","NULLARBOR, AS","  59.0","24","  50.3","24","1035.1","24","027.1","24","999.9"," 0","  8.1","24"," 13.0","999.9","  65.7"," ","  41.5"," "," 0.00","G","999.9","000000"
"94651099999","2019-06-03","-31.45","130.9","65.0","NULLARBOR, AS","  56.7","24","  47.2","24","1035.1","24","027.1","24","999.9"," 0","  8.8","24"," 15.0","999.9","  62.8"," ","  50.4","*"," 0.00","G","999.9","000000"
"94651099999","2019-06-04","-31.45","130.9","65.0","NULLARBOR, AS","  53.1","24","  45.7","24","1034.5","24","026.5","24","999.9"," 0","  8.7","24"," 13.0","999.9","  64.9"," ","  39.4","*"," 0.00","G","999.9","000000"
"94651099999","2019-06-05","-31.45","130.9","65.0","NULLARBOR, AS","  46.9","24","  36.1","24","1035.2","24","027.2","24","999.9"," 0","  9.3","24"," 12.0","999.9","  62.8"," ","  34.0","*"," 0.00","G","999.9","000000"
"94651099999","2019-06-06","-31.45","130.9","65.0","NULLARBOR, AS","  46.8","24","  26.2","24","1032.6","24","024.7","24","999.9"," 0"," 11.1","24"," 17.1","999.9","  67.5"," ","  31.3","*"," 0.00","G","999.9","000000"
"94651099999","2019-06-07","-31.45","130.9","65.0","NULLARBOR, AS","  54.2","24","  27.0","24","1024.3","24","016.4","24","999.9"," 0"," 13.8","24"," 22.0","999.9","  68.9"," ","  30.7"," "," 0.00","G","999.9","000000"
"94651099999","2019-06-08","-31.45","130.9","65.0","NULLARBOR, AS","  57.8","24","  31.2","24","1016.1","24","008.3","24","999.9"," 0"," 10.3","24"," 15.9","999.9","  64.0"," ","  44.8"," "," 0.12","G","999.9","110000"
"94651099999","2019-06-09","-31.45","130.9","65.0","NULLARBOR, AS","  49.9","24","  49.3","24","1011.9","24","004.1","24","999.9"," 0"," 12.3","24"," 21.0","999.9","  59.4"," ","  41.4","*"," 0.28","G","999.9","110000"
"94651099999","2019-06-10","-31.45","130.9","65.0","NULLARBOR, AS","  52.6","24","  42.8","24","1014.0","24","006.2","24","999.9"," 0"," 11.4","24"," 15.0","999.9","  65.5"," ","  40.6"," "," 0.01","G","999.9","000000"
"94651099999","2019-06-11","-31.45","130.9","65.0","NULLARBOR, AS","  59.1","24","  44.7","24","1012.6","24","004.9","24","999.9"," 0"," 10.1","24"," 17.1","999.9","  74.5"," ","  43.5"," "," 0.00","G","999.9","000000"
"94651099999","2019-06-12","-31.45","130.9","65.0","NULLARBOR, AS","  50.3","24","  44.2","24","1020.4","24","012.5","24","999.9"," 0","  8.1","24"," 13.0","999.9","  65.8"," ","  38.5","*"," 0.00","G","999.9","000000"
"94651099999","2019-06-13","-31.45","130.9","65.0","NULLARBOR, AS","  52.2","24","  43.9","24","1022.5","24","014.6","24","999.9"," 0","  7.7","24"," 12.0","999.9","  66.4"," ","  38.1"," "," 0.00","G","999.9","000000"
"94651099999","2019-06-14","-31.45","130.9","65.0","NULLARBOR, AS","  52.9","24","  43.7","24","1022.4","24","014.5","24","999.9"," 0","  6.1","24"," 11.1","999.9","  66.9"," ","  38.5"," "," 0.00","G","999.9","000000"
"94651099999","2019-06-15","-31.45","130.9","65.0","NULLARBOR, AS","  54.6","24","  44.1","24","1022.1","24","014.2","24","999.9"," 0","  7.6","24"," 13.0","999.9","  68.4"," ","  43.0"," "," 0.00","G","999.9","000000"
"94651099999","2019-06-16","-31.45","130.9","65.0","NULLARBOR, AS","  52.9","24","  45.3","24","1024.4","24","016.5","24","999.9"," 0","  6.4","24"," 11.1","999.9","  63.0"," ","  42.6"," "," 0.00","G","999.9","000000"
"94651099999","2019-06-17","-31.45","130.9","65.0","NULLARBOR, AS","  56.1","24","  46.1","24","1026.0","24","018.1","24","999.9"," 0"," 10.3","24"," 17.1","999.9","  66.4"," ","  42.8"," "," 0.16","G","999.9","010000"
"94651099999","2019-06-18","-31.45","130.9","65.0","NULLARBOR, AS","  51.9","24","  47.6","24","1027.6","24","019.7","24","999.9"," 0","  4.7","24"," 12.0","999.9","  60.6"," ","  44.4","*"," 0.00","G","999.9","000000"
"94651099999","2019-06-19","-31.45","130.9","65.0","NULLARBOR, AS","  46.8","24","  38.0","24","1026.7","24","018.8","24","999.9"," 0","  6.9","24","  8.9","999.9","  61.7"," ","  34.0","*"," 0.00","G","999.9","000000"
"94651099999","2019-06-20","-31.45","130.9","65.0","NULLARBOR, AS","  47.4","24","  38.2","24","1026.7","24","018.8","24","999.9"," 0","  7.7","24"," 13.0","999.9","  63.1"," ","  34.0"," "," 0.00","G","999.9","000000"
"94651099999","2019-06-21","-31.45","130.9","65.0","NULLARBOR, AS","  48.1","24","  38.3","24","1026.6","24","018.7","24","999.9"," 0","  8.3","24","  9.9","999.9","  65.7"," ","  32.9","*"," 0.00","G","999.9","000000"
"94651099999","2019-06-22","-31.45","130.9","65.0","NULLARBOR, AS","  48.6","24","  29.5","24","1025.6","24","017.7","24","999.9"," 0"," 11.6","24"," 15.9","999.9","  64.6"," ","  32.9"," "," 0.00","G","999.9","000000"
"94651099999","2019-06-23","-31.45","130.9","65.0","NULLARBOR, AS","  55.8","24","  29.3","24","1023.1","24","015.2","24","999.9"," 0"," 15.0","24"," 20.0","999.9","  66.0"," ","  37.2"," "," 0.00","G","999.9","000000"
"94651099999","2019-06-24","-31.45","130.9","65.0","NULLARBOR, AS","  49.3","24","  35.0","24","1023.1","24","015.2","24","999.9"," 0"," 10.7","24"," 22.0","999.9","  65.3"," ","  36.5","*"," 0.04","G","999.9","010000"
"94651099999","2019-06-25","-31.45","130.9","65.0","NULLARBOR, AS","  49.8","24","  45.2","24","1025.7","24","017.8","24","  2.3"," 4","  7.5","24"," 11.1","999.9","  66.4"," ","  35.6","*"," 0.00","G","999.9","000000"
"94651099999","2019-06-26","-31.45","130.9","65.0","NULLARBOR, AS","  61.8","24","  29.7","24","1019.8","24","012.0","24","999.9"," 0"," 16.3","24"," 21.0","999.9","  76.1"," ","  35.4"," "," 0.00","G","999.9","000000"
"94651099999","2019-06-27","-31.45","130.9","65.0","NULLARBOR, AS","  66.3","24","  27.7","24","1014.3","24","006.5","24","999.9"," 0"," 15.4","24"," 26.0","999.9","  77.9"," ","  51.4"," "," 0.00","G","999.9","000000"
"94651099999","2019-06-28","-31.45","130.9","65.0","NULLARBOR, AS","  53.3","24","  47.2","24","1017.2","24","009.4","24","999.9"," 0"," 13.2","24"," 18.1","999.9","  72.7"," ","  42.1","*"," 0.16","G","999.9","110000"
"94651099999","2019-06-29","-31.45","130.9","65.0","NULLARBOR, AS","  44.8","24","  39.3","24","1024.7","24","016.8","24","999.9"," 0"," 10.9","24"," 19.0","999.9","  58.1"," ","  34.5","*"," 0.00","G","999.9","000000"
"94651099999","2019-06-30","-31.45","130.9","65.0","NULLARBOR, AS","  50.4","24","  38.3","24","1021.5","24","013.6","24","999.9"," 0","  9.4","24"," 17.1","999.9","  63.0"," ","  34.3"," "," 0.00","G","999.9","000000"
"94651099999","2019-07-01","-31.45","130.9","65.0","NULLARBOR, AS","  49.1","24","  36.5","24","1020.6","24","012.7","24","999.9"," 0","  7.2","24"," 11.1","999.9","  67.3"," ","  36.0","*"," 0.00","G","999.9","000000"
"94651099999","2019-07-02","-31.45","130.9","65.0","NULLARBOR, AS","  52.2","24","  49.5","24","1025.1","24","017.2","24","  2.1"," 6","  7.3","24","  9.9","999.9","  64.6"," ","  35.6"," "," 0.01","G","999.9","010000"
"94651099999","2019-07-03","-31.45","130.9","65.0","NULLARBOR, AS","  50.5","24","  40.8","24","1027.7","24","019.8","24","999.9"," 0","  8.6","24"," 13.0","999.9","  67.6"," ","  35.6","*"," 0.00","G","999.9","000000"
"94651099999","2019-07-04","-31.45","130.9","65.0","NULLARBOR, AS","  51.8","24","  33.0","24","1024.5","24","016.6","24","999.9"," 0"," 12.7","24"," 18.1","999.9","  68.9"," ","  35.2"," "," 0.00","G","999.9","000000"
"94651099999","2019-07-05","-31.45","130.9","65.0","NULLARBOR, AS","  60.9","24","  36.1","24","1016.5","24","008.6","24","999.9"," 0"," 13.0","24"," 24.1","999.9","  73.6"," ","  40.6"," "," 0.00","G","999.9","000000"
"94651099999","2019-07-06","-31.45","130.9","65.0","NULLARBOR, AS","  47.9","24","  43.5","24","1022.7","24","014.8","24","999.9"," 0","  7.5","24","  9.9","999.9","  64.2"," ","  34.9","*"," 0.02","G","999.9","010000"
"94651099999","2019-07-07","-31.45","130.9","65.0","NULLARBOR, AS","  49.1","24","  40.2","24","1028.5","24","020.6","24","999.9"," 0","  7.4","24","  9.9","999.9","  67.5"," ","  34.3"," "," 0.00","G","999.9","000000"
"94651099999","2019-07-08","-31.45","130.9","65.0","NULLARBOR, AS","  51.6","24","  38.4","24","1025.0","24","017.0","24","999.9"," 0","  8.2","24","  9.9","999.9","  71.2"," ","  34.7"," "," 0.00","G","999.9","000000"
"94651099999","2019-07-09","-31.45","130.9","65.0","NULLARBOR, AS","  51.9","24","  31.8","24","1019.2","24","011.3","24","999.9"," 0","  8.2","24"," 15.9","999.9","  72.1"," ","  35.6"," "," 0.00","G","999.9","000000"
"94651099999","2019-07-10","-31.45","130.9","65.0","NULLARBOR, AS","  56.9","24","  49.2","24","1021.3","24","013.4","24","  4.6","12"," 13.3","24"," 24.1","999.9","  68.0"," ","  36.9"," "," 0.01","G","999.9","000000"
"94651099999","2019-07-11","-31.45","130.9","65.0","NULLARBOR, AS","  52.5","24","  49.1","24","1024.6","24","016.7","24","  2.0"," 4","  9.5","24"," 17.1","999.9","  66.6"," ","  44.6","*"," 0.01","G","999.9","000000"
"94651099999","2019-07-12","-31.45","130.9","65.0","NULLARBOR, AS","  55.7","24","  47.7","24","1028.1","24","020.2","24","999.9"," 0"," 13.2","24"," 24.1","999.9","  63.7"," ","  44.2"," "," 0.02","G","999.9","000000"
"94651099999","2019-07-13","-31.45","130.9","65.0","NULLARBOR, AS","  53.4","24","  43.8","24","1035.2","24","027.2","24","999.9"," 0","  7.4","24"," 13.0","999.9","  58.8"," ","  46.4","*"," 0.00","G","999.9","000000"
"94651099999","2019-07-14","-31.45","130.9","65.0","NULLARBOR, AS","  53.9","24","  48.7","24","1035.4","24","027.4","24","999.9"," 0","  6.4","24","  8.9","999.9","  61.3"," ","  44.2"," "," 0.01","G","999.9","010000"
"94651099999","2019-07-15","-31.45","130.9","65.0","NULLARBOR, AS","  52.3","24","  48.2","24","1033.5","24","025.5","24","  1.2"," 4","  6.2","24"," 13.0","999.9","  60.1"," ","  46.2","*"," 0.04","G","999.9","010000"
"94651099999","2019-07-16","-31.45","130.9","65.0","NULLARBOR, AS","  46.5","24","  45.4","24","1030.2","24","022.2","24","  2.2"," 4","  6.6","24"," 12.0","999.9","  59.7"," ","  32.9","*"," 0.02","G","999.9","110000"
"94651099999","2019-07-17","-31.45","130.9","65.0","NULLARBOR, AS","  45.9","24","  42.0","24","1024.7","24","016.8","24","999.9"," 0","  7.9","24","  9.9","999.9","  62.2"," ","  32.4"," "," 0.00","G","999.9","000000"
"94651099999","2019-07-18","-31.45","130.9","65.0","NULLARBOR, AS","  50.3","24","  34.0","24","1020.3","24","012.4","24","999.9"," 0","  8.9","24"," 12.0","999.9","  71.1"," ","  32.2"," "," 0.00","G","999.9","000000"
"94651099999","2019-07-19","-31.45","130.9","65.0","NULLARBOR, AS","  58.6","24","  28.4","24","1012.8","24","005.0","24","999.9"," 0"," 10.6","24"," 15.0","999.9","  77.4"," ","  34.2"," "," 0.00","G","999.9","000000"
"94651099999","2019-07-20","-31.45","130.9","65.0","NULLARBOR, AS","  53.8","24","  41.4","24","1013.5","24","005.6","24","999.9"," 0"," 13.6","24"," 28.9","999.9","  75.0"," ","  38.8","*"," 0.00","G","999.9","000000"
"94651099999","2019-07-21","-31.45","130.9","65.0","NULLARBOR, AS","  54.7","24","  33.4","24","1015.3","24","007.5","24","999.9"," 0"," 11.8","24"," 17.1","999.9","  68.2"," ","  38.1"," "," 0.00","G","999.9","000000"
"94651099999","2019-07-22","-31.45","130.9","65.0","NULLARBOR, AS","  51.6","24","  44.5","24","1017.6","24","009.7","24","  5.0"," 6"," 10.9","24"," 22.0","999.9","  68.5"," ","  39.2","*"," 0.00","G","999.9","000000"
"94651099999","2019-07-23","-31.45","130.9","65.0","NULLARBOR, AS","  50.3","24","  43.7","24","1025.0","24","017.1","24","999.9"," 0","  9.5","24"," 19.0","999.9","  66.0"," ","  38.8","*"," 0.00","G","999.9","000000"
"94651099999","2019-07-24","-31.45","130.9","65.0","NULLARBOR, AS","  54.4","24","  49.0","24","1024.5","24","016.6","24","  4.0"," 4","  8.0","24","  9.9","999.9","  70.3"," ","  38.7"," "," 0.00","G","999.9","000000"
"94651099999","2019-07-25","-31.45","130.9","65.0","NULLARBOR, AS","  60.1","24","  47.7","24","1022.1","24","014.2","24","999.9"," 0","  8.3","24"," 12.0","999.9","  70.5"," ","  44.6"," "," 0.08","G","999.9","000000"
"94651099999","2019-07-26","-31.45","130.9","65.0","NULLARBOR, AS","  52.0","24","  48.7","24","1023.3","24","015.4","24","  5.0"," 6","  8.7","24"," 13.0","999.9","  61.7"," ","  43.7","*"," 0.00","G","999.9","000000"
"94651099999","2019-07-27","-31.45","130.9","65.0","NULLARBOR, AS","  56.4","24","  53.3","24","1021.3","24","013.4","24","999.9"," 0"," 10.2","24"," 18.1","999.9","  62.8"," ","  42.8"," "," 0.00","G","999.9","000000"
"94651099999","2019-07-28","-31.45","130.9","65.0","NULLARBOR, AS","  52.1","24","  50.3","24","1024.2","24","016.3","24","999.9"," 0","  6.7","24"," 11.1","999.9","  61.2"," ","  43.7","*"," 0.02","G","999.9","010000"
"94651099999","2019-07-29","-31.45","130.9","65.0","NULLARBOR, AS","  52.2","24","  47.4","24","1028.0","24","020.1","24","999.9"," 0","  7.5","24"," 14.0","999.9","  62.6"," ","  42.1"," "," 0.12","G","999.9","000000"
"94651099999","2019-07-30","-31.45","130.9","65.0","NULLARBOR, AS","  50.8","24","  46.4","24","1030.7","24","022.7","24","999.9"," 0","  8.9","24"," 13.0","999.9","  62.4"," ","  39.7","*"," 0.01","G","999.9","000000"
"94651099999","2019-07-31","-31.45","130.9","65.0","NULLARBOR, AS","  51.4","24","  45.5","24","1034.5","24","026.5","24","999.9"," 0","  9.2","24"," 15.9","999.9","  64.6"," ","  39.2"," "," 0.00","G","999.9","000000"
"94651099999","2019-08-01","-31.45","130.9","65.0","NULLARBOR, AS","  50.6","24","  47.3","24","1036.1","24","028.1","24","999.9"," 0","  9.3","24"," 15.0","999.9","  62.1"," ","  38.7"," "," 0.02","G","999.9","010000"
"94651099999","2019-08-02","-31.45","130.9","65.0","NULLARBOR, AS","  48.3","24","  40.9","24","1034.2","24","026.2","24","999.9"," 0","  9.6","24"," 13.0","999.9","  63.1"," ","  34.5","*"," 0.00","G","999.9","000000"
"94651099999","2019-08-03","-31.45","130.9","65.0","NULLARBOR, AS","  50.7","24","  36.4","24","1028.9","24","021.0","24","999.9"," 0","  9.9","24"," 13.0","999.9","  68.4"," ","  34.2"," "," 0.00","G","999.9","000000"
"94651099999","2019-08-04","-31.45","130.9","65.0","NULLARBOR, AS","  57.6","24","  27.6","24","1022.8","24","014.9","24","999.9"," 0"," 11.3","24"," 17.1","999.9","  76.1"," ","  37.2"," "," 0.00","G","999.9","000000"
"94651099999","2019-08-05","-31.45","130.9","65.0","NULLARBOR, AS","  61.4","24","  29.7","24","1016.7","24","008.9","24","999.9"," 0","  9.2","24"," 14.0","999.9","  80.1"," ","  44.4"," "," 0.00","G","999.9","000000"
"94651099999","2019-08-06","-31.45","130.9","65.0","NULLARBOR, AS","  57.8","24","  52.7","24","1014.0","24","006.1","24","999.9"," 0","  7.5","24"," 13.0","999.9","  72.3"," ","  42.8"," "," 0.12","G","999.9","010000"
"94651099999","2019-08-07","-31.45","130.9","65.0","NULLARBOR, AS","  50.1","24","  46.3","24","1017.1","24","009.3","24","999.9"," 0"," 13.9","24"," 20.0","999.9","  59.4"," ","  42.8","*"," 0.08","G","999.9","110000"
"94651099999","2019-08-08","-31.45","130.9","65.0","NULLARBOR, AS","  54.8","24","  50.0","24","1019.3","24","011.5","24","  2.5"," 4"," 14.5","24"," 22.0","999.9","  63.0"," ","  42.4"," "," 0.12","G","999.9","110000"
"94651099999","2019-08-09","-31.45","130.9","65.0","NULLARBOR, AS","  52.9","24","  50.0","24","1023.8","24","015.9","24","999.9"," 0"," 11.2","24"," 18.1","999.9","  59.7"," ","  48.6","*"," 0.02","G","999.9","000000"
"94651099999","2019-08-10","-31.45","130.9","65.0","NULLARBOR, AS","  49.8","24","  45.9","24","1027.0","24","019.1","24","  3.0"," 4","  8.0","24"," 14.0","999.9","  59.9"," ","  41.7","*"," 0.02","G","999.9","010000"
"94651099999","2019-08-11","-31.45","130.9","65.0","NULLARBOR, AS","  53.0","24","  49.5","24","1028.1","24","020.2","24","999.9"," 0","  6.9","24"," 14.0","999.9","  61.0"," ","  40.8"," "," 0.03","G","999.9","000000"
"94651099999","2019-08-12","-31.45","130.9","65.0","NULLARBOR, AS","  48.3","24","  47.1","24","1028.1","24","020.2","24","999.9"," 0","  7.9","24"," 11.1","999.9","  61.0"," ","  35.2","*"," 0.02","G","999.9","010000"
"94651099999","2019-08-13","-31.45","130.9","65.0","NULLARBOR, AS","  54.5","24","  40.1","24","1022.0","24","014.2","24","999.9"," 0"," 11.0","24"," 15.9","999.9","  69.6"," ","  35.2"," "," 0.00","G","999.9","000000"
"94651099999","2019-08-14","-31.45","130.9","65.0","NULLARBOR, AS","  64.8","24","  38.7","24","1015.9","24","008.1","24","999.9"," 0"," 10.1","24"," 15.9","999.9","  82.9"," ","  42.8"," "," 0.00","G","999.9","000000"
"94651099999","2019-08-15","-31.45","130.9","65.0","NULLARBOR, AS","  61.4","24","  50.2","24","1018.0","24","010.1","24","999.9"," 0"," 11.1","24"," 22.0","999.9","  80.6"," ","  51.4","*"," 0.00","G","999.9","000000"
"94651099999","2019-08-16","-31.45","130.9","65.0","NULLARBOR, AS","  50.8","24","  47.0","24","1020.0","24","012.1","24","999.9"," 0","  8.5","24","  9.9","999.9","  61.5"," ","  41.7","*"," 0.00","G","999.9","000000"
"94651099999","2019-08-17","-31.45","130.9","65.0","NULLARBOR, AS","  55.2","24","  42.9","24","1016.9","24","009.1","24","999.9"," 0"," 16.5","24"," 25.1","999.9","  75.2"," ","  41.0","*"," 0.00","G","999.9","000000"
"94651099999","2019-08-18","-31.45","130.9","65.0","NULLARBOR, AS","  49.6","24","  43.1","24","1028.7","24","020.8","24","999.9"," 0"," 13.7","24"," 26.0","999.9","  57.4"," ","  40.8"," "," 0.04","G","999.9","110000"
"94651099999","2019-08-19","-31.45","130.9","65.0","NULLARBOR, AS","  49.8","24","  43.7","24","1036.0","24","028.0","24","999.9"," 0","  7.6","24"," 12.0","999.9","  61.2"," ","  37.8","*"," 0.00","G","999.9","000000"
"94651099999","2019-08-20","-31.45","130.9","65.0","NULLARBOR, AS","  53.7","24","  46.7","24","1035.9","24","027.9","24","999.9"," 0","  6.4","24"," 11.1","999.9","  63.7"," ","  37.2"," "," 0.00","G","999.9","000000"
"94651099999","2019-08-21","-31.45","130.9","65.0","NULLARBOR, AS","  49.5","24","  45.4","24","1032.3","24","024.4","24","999.9"," 0","  7.9","24"," 11.1","999.9","  63.3"," ","  36.3","*"," 0.00","G","999.9","000000"
"94651099999","2019-08-22","-31.45","130.9","65.0","NULLARBOR, AS","  52.7","24","  46.0","24","1025.2","24","017.3","24","999.9"," 0","  9.1","24"," 13.0","999.9","  70.3"," ","  36.1"," "," 0.00","G","999.9","000000"
"94651099999","2019-08-23","-31.45","130.9","65.0","NULLARBOR, AS","  65.3","24","  35.4","24","1017.4","24","009.6","24","999.9"," 0"," 13.5","24"," 19.0","999.9","  81.9"," ","  41.2"," "," 0.00","G","999.9","000000"
"94651099999","2019-08-24","-31.45","130.9","65.0","NULLARBOR, AS","  51.9","24","  45.8","24","1025.7","24","017.8","24","999.9"," 0","  9.3","24"," 18.1","999.9","  62.6"," ","  40.5","*"," 0.04","G","999.9","000000"
"94651099999","2019-08-25","-31.45","130.9","65.0","NULLARBOR, AS","  48.2","24","  38.0","24","1028.4","24","020.5","24","999.9"," 0"," 10.9","24"," 17.1","999.9","  60.6"," ","  34.3","*"," 0.00","G","999.9","000000"
"94651099999","2019-08-26","-31.45","130.9","65.0","NULLARBOR, AS","  49.2","24","  42.4","24","1028.7","24","020.8","24","999.9"," 0","  9.0","24"," 15.0","999.9","  62.1"," ","  33.3"," "," 0.00","G","999.9","000000"
"94651099999","2019-08-27","-31.45","130.9","65.0","NULLARBOR, AS","  48.9","24","  40.9","24","1028.2","24","020.3","24","999.9"," 0","  9.1","24"," 13.0","999.9","  66.6"," ","  34.5","*"," 0.00","G","999.9","000000"
"94651099999","2019-08-28","-31.45","130.9","65.0","NULLARBOR, AS","  51.8","24","  41.7","24","1028.0","24","020.1","24","999.9"," 0","  9.0","24"," 15.0","999.9","  70.2"," ","  33.4"," "," 0.00","G","999.9","000000"
"94651099999","2019-08-29","-31.45","130.9","65.0","NULLARBOR, AS","  57.4","24","  33.2","24","1022.0","24","014.1","24","999.9"," 0"," 12.6","24"," 21.0","999.9","  77.4"," ","  33.1"," "," 0.00","G","999.9","000000"
"94651099999","2019-08-30","-31.45","130.9","65.0","NULLARBOR, AS","  70.9","23","  29.2","23","1014.2","23","006.4","23","999.9"," 0"," 16.2","23"," 22.9","999.9","  86.5"," ","  44.8"," "," 0.03","G","999.9","010000"
"94651099999","2019-08-31","-31.45","130.9","65.0","NULLARBOR, AS","  57.8","24","  52.5","23","1016.5","24","008.7","24","  1.3"," 8","  7.4","24"," 13.0","999.9","  79.3"," ","  40.5","*"," 0.02","G","999.9","110000"
"94651099999","2019-09-01","-31.45","130.9","65.0","NULLARBOR, AS","  65.2","24","  45.7","24","1016.7","24","008.9","24","999.9"," 0"," 12.2","24"," 19.0","999.9","  77.9"," ","  40.5"," "," 0.00","G","999.9","000000"
"94651099999","2019-09-02","-31.45","130.9","65.0","NULLARBOR, AS","  58.1","24","  51.8","24","1017.8","24","010.0","24","  3.1"," 8"," 11.0","24"," 19.0","999.9","  73.9"," ","  47.1","*"," 0.00","G","999.9","000000"
"94651099999","2019-09-03","-31.45","130.9","65.0","NULLARBOR, AS","  64.8","24","  52.9","24","1016.1","24","008.4","24","999.9"," 0","  9.8","24"," 15.0","999.9","  89.1"," ","  46.6"," "," 0.00","G","999.9","000000"
"94651099999","2019-09-04","-31.45","130.9","65.0","NULLARBOR, AS","  57.7","24","  50.2","24","1016.2","24","008.5","24","999.9"," 0","  8.0","24"," 13.0","999.9","  71.2"," ","  47.1","*"," 0.00","G","999.9","000000"
"94651099999","2019-09-05","-31.45","130.9","65.0","NULLARBOR, AS","  50.8","24","  42.4","24","1021.0","24","013.2","24","999.9"," 0"," 11.4","24"," 20.0","999.9","  63.0"," ","  39.0","*"," 0.03","G","999.9","010000"
"94651099999","2019-09-06","-31.45","130.9","65.0","NULLARBOR, AS","  50.4","24","  39.5","24","1025.7","24","017.9","24","999.9"," 0","  8.0","24"," 15.9","999.9","  60.8"," ","  33.1","*"," 0.00","G","999.9","000000"
"94651099999","2019-09-07","-31.45","130.9","65.0","NULLARBOR, AS","  48.6","24","  39.4","24","1026.4","24","018.6","24","999.9"," 0","  7.7","24"," 12.0","999.9","  64.6"," ","  32.0"," "," 0.00","G","999.9","000000"
"94651099999","2019-09-08","-31.45","130.9","65.0","NULLARBOR, AS","  52.5","24","  42.4","24","1029.6","24","021.7","24","  0.6"," 6","  8.4","24"," 15.0","999.9","  68.7"," ","  33.1"," "," 0.00","G","999.9","000000"
"94651099999","2019-09-09","-31.45","130.9","65.0","NULLARBOR, AS","  54.3","24","  44.4","24","1027.6","24","019.8","24","  3.7"," 6","  9.4","24"," 15.0","999.9","  73.2"," ","  35.1"," "," 0.00","G","999.9","000000"
"94651099999","2019-09-10","-31.45","130.9","65.0","NULLARBOR, AS","  65.2","24","  30.2","24","1024.2","24","016.4","24","999.9"," 0"," 11.7","24"," 16.9","999.9","  86.5"," ","  49.3","*"," 0.00","C","999.9","000000"
"94651099999","2019-09-11","-31.45","130.9","65.0","NULLARBOR, AS","  72.3","24","  34.1","24","1022.7","24","014.9","24","  2.3"," 4"," 10.7","24"," 19.0","999.9","  97.0"," ","  47.1"," "," 0.00","G","999.9","000000"
"94651099999","2019-09-12","-31.45","130.9","65.0","NULLARBOR, AS","  59.0","24","  50.6","24","1025.6","24","017.8","24","  1.8"," 7"," 10.4","24"," 15.9","999.9","  71.2","*","  46.9","*"," 0.00","G","999.9","000000"
"94651099999","2019-09-13","-31.45","130.9","65.0","NULLARBOR, AS","  66.8","24","  47.0","24","1024.5","24","016.7","24","999.9"," 0"," 11.0","24"," 17.1","999.9","  83.7"," ","  44.4"," "," 0.00","G","999.9","000000"
"94651099999","2019-09-14","-31.45","130.9","65.0","NULLARBOR, AS","  78.7","24","  39.8","24","1018.3","24","010.5","24","999.9"," 0"," 10.1","24"," 21.0","999.9"," 100.6"," ","  55.6"," "," 0.00","G","999.9","000000"
"94651099999","2019-09-15","-31.45","130.9","65.0","NULLARBOR, AS","  64.4","24","  52.7","24","1020.7","24","012.9","24","999.9"," 0"," 15.3","24"," 21.0","999.9","  84.9"," ","  56.3","*"," 0.00","G","999.9","000000"
"94651099999","2019-09-16","-31.45","130.9","65.0","NULLARBOR, AS","  55.0","24","  43.8","24","1025.8","24","018.0","24","999.9"," 0"," 14.2","24"," 20.0","999.9","  65.3"," ","  43.7","*"," 0.00","B","999.9","000000"
"94651099999","2019-09-17","-31.45","130.9","65.0","NULLARBOR, AS","  60.5","24","  37.8","24","1020.1","24","012.3","24","999.9"," 0"," 12.4","24"," 19.0","999.9","  75.7"," ","  43.0"," "," 0.00","G","999.9","000000"
"94651099999","2019-09-18","-31.45","130.9","65.0","NULLARBOR, AS","  74.7","23","  26.2","23","1007.8","23","000.1","23","999.9"," 0"," 11.5","23"," 20.0","999.9","  98.8"," ","  47.1"," "," 0.00","G","999.9","000000"
"94651099999","2019-09-19","-31.45","130.9","65.0","NULLARBOR, AS","  61.4","24","  46.3","24","1011.9","24","004.1","24","  4.3"," 4"," 15.6","24"," 26.0","999.9","  81.7"," ","  48.2","*"," 0.04","G","999.9","010000"
"94651099999","2019-09-20","-31.45","130.9","65.0","NULLARBOR, AS","  47.8","24","  41.7","24","1021.5","24","013.7","24","999.9"," 0"," 11.3","24"," 21.0","999.9","  58.6"," ","  39.2","*"," 0.04","G","999.9","110000"
"94651099999","2019-09-21","-31.45","130.9","65.0","NULLARBOR, AS","  48.3","21","  41.1","21","1026.8","21","019.0","21","999.9"," 0","  9.1","21"," 15.9","999.9","  61.9"," ","  36.5","*"," 0.03","G","999.9","010000"
"94651099999","2019-09-22","-31.45","130.9","65.0","NULLARBOR, AS","  51.3","24","  43.3","24","1030.8","24","022.9","24","999.9"," 0"," 10.0","24"," 18.1","999.9","  64.6"," ","  35.1","*"," 0.00","G","999.9","000000"
"94651099999","2019-09-23","-31.45","130.9","65.0","NULLARBOR, AS","  52.1","24","  44.0","24","1031.7","24","023.8","24","999.9"," 0","  9.2","24"," 13.0","999.9","  66.2"," ","  34.3"," "," 0.00","G","999.9","000000"
"94651099999","2019-09-24","-31.45","130.9","65.0","NULLARBOR, AS","  56.1","24","  43.7","24","1027.6","24","019.8","24","999.9"," 0"," 11.1","24"," 17.1","999.9","  72.7"," ","  36.0"," "," 0.00","G","999.9","000000"
"94651099999","2019-09-25","-31.45","130.9","65.0","NULLARBOR, AS","  63.2","24","  34.1","24","1022.1","24","014.3","24","999.9"," 0"," 10.7","24"," 14.0","999.9","  82.9"," ","  39.6"," "," 0.00","G","999.9","000000"
"94651099999","2019-09-26","-31.45","130.9","65.0","NULLARBOR, AS","  69.6","24","  45.3","24","1018.9","24","011.1","24","999.9"," 0"," 12.5","24"," 15.9","999.9","  89.6"," ","  46.4"," "," 0.00","G","999.9","000000"
"94651099999","2019-09-27","-31.45","130.9","65.0","NULLARBOR, AS","  58.8","24","  52.7","24","1022.2","24","014.4","24","999.9"," 0"," 13.5","24"," 17.1","999.9","  67.8"," ","  53.8","*"," 0.02","G","999.9","000000"
"94651099999","2019-09-28","-31.45","130.9","65.0","NULLARBOR, AS","  62.6","24","  53.6","24","1019.7","24","011.9","24","  5.2"," 6"," 12.9","24"," 18.1","999.9","  78.4"," ","  53.2"," "," 0.00","G","999.9","000000"
"94651099999","2019-09-29","-31.45","130.9","65.0","NULLARBOR, AS","  60.9","24","  54.9","24","1021.9","24","014.1","24","  5.0"," 6"," 14.4","24"," 19.0","999.9","  69.4"," ","  55.8","*"," 0.00","G","999.9","000000"
"94651099999","2019-09-30","-31.45","130.9","65.0","NULLARBOR, AS","  67.3","24","  50.4","24","1018.2","24","010.5","24","999.9"," 0"," 13.8","24"," 21.0","999.9","  83.1","*","  55.6"," "," 0.00","G","999.9","000000"
"94651099999","2019-10-01","-31.45","130.9","65.0","NULLARBOR, AS","  71.4","24","  47.0","24","1018.3","24","010.6","24","  2.6"," 6"," 12.1","24"," 25.1","999.9","  99.7","*","  50.9","*"," 0.00","G","999.9","000000"
"94651099999","2019-10-02","-31.45","130.9","65.0","NULLARBOR, AS","  62.1","24","  55.9","24","1020.1","24","012.4","24","  4.7"," 4"," 12.9","24"," 17.1","999.9","  72.3"," ","  47.8","*"," 0.00","G","999.9","000000"
"94651099999","2019-10-03","-31.45","130.9","65.0","NULLARBOR, AS","  71.1","24","  53.5","24","1014.8","24","007.1","24","999.9"," 0"," 12.2","24"," 20.0","999.9","  87.6","*","  46.8"," "," 0.00","G","999.9","000000"
"94651099999","2019-10-04","-31.45","130.9","65.0","NULLARBOR, AS","  71.6","22","  54.0","21","1010.6","22","003.0","22","999.9"," 0"," 10.8","22"," 25.1","999.9","  92.5","*","  59.9","*"," 0.00","G","999.9","000000"
"94651099999","2019-10-05","-31.45","130.9","65.0","NULLARBOR, AS","  67.1","24","  54.0","24","1014.8","24","007.2","24","999.9"," 0"," 13.9","24"," 22.0","999.9","  92.3"," ","  58.5","*"," 0.00","G","999.9","000000"
"94651099999","2019-10-06","-31.45","130.9","65.0","NULLARBOR, AS","  59.0","24","  53.1","24","1021.5","24","013.8","24","999.9"," 0"," 10.6","24"," 17.1","999.9","  70.0"," ","  51.8","*"," 0.00","G","999.9","000000"
"94651099999","2019-10-07","-31.45","130.9","65.0","NULLARBOR, AS","  57.9","24","  46.2","24","1026.4","24","018.6","24","999.9"," 0"," 10.5","24"," 15.9","999.9","  67.1"," ","  49.3","*"," 0.00","G","999.9","000000"
"94651099999","2019-10-08","-31.45","130.9","65.0","NULLARBOR, AS","  55.4","24","  44.5","24","1027.2","24","019.4","24","999.9"," 0"," 11.5","24"," 17.1","999.9","  66.7"," ","  42.1","*"," 0.00","G","999.9","000000"
"94651099999","2019-10-09","-31.45","130.9","65.0","NULLARBOR, AS","  61.8","24","  44.8","24","1022.9","24","015.2","24","999.9"," 0"," 10.5","24"," 17.1","999.9","  80.2"," ","  42.1"," "," 0.00","G","999.9","000000"
"94651099999","2019-10-10","-31.45","130.9","65.0","NULLARBOR, AS","  66.9","24","  41.0","24","1016.3","24","008.6","24","999.9"," 0"," 11.7","24"," 18.1","999.9","  88.9"," ","  50.0"," "," 0.00","G","999.9","000000"
"94651099999","2019-10-11","-31.45","130.9","65.0","NULLARBOR, AS","  71.1","24","  48.1","24","1009.8","24","002.1","24","  4.7"," 4"," 10.3","24"," 15.9","999.9","  97.3"," ","  50.5"," "," 0.00","G","999.9","000000"
"94651099999","2019-10-12","-31.45","130.9","65.0","NULLARBOR, AS","  64.1","24","  56.2","24","1012.4","24","004.7","24","  5.0"," 6"," 10.7","24"," 22.0","999.9","  80.6"," ","  54.1","*"," 0.02","G","999.9","010000"
"94651099999","2019-10-13","-31.45","130.9","65.0","NULLARBOR, AS","  58.9","24","  52.6","24","1016.3","24","008.6","24","999.9"," 0"," 10.1","24"," 17.1","999.9","  71.1"," ","  46.9","*"," 0.00","G","999.9","000000"
"94651099999","2019-10-14","-31.45","130.9","65.0","NULLARBOR, AS","  64.0","24","  54.3","24","1014.4","24","006.7","24","999.9"," 0"," 12.3","24"," 19.0","999.9","  80.2"," ","  46.4"," "," 0.00","G","999.9","000000"
"94651099999","2019-10-15","-31.45","130.9","65.0","NULLARBOR, AS","  60.0","24","  52.0","24","1016.0","24","008.4","24","999.9"," 0"," 15.2","24"," 22.0","999.9","  70.0"," ","  49.8","*"," 0.00","G","999.9","000000"
"94651099999","2019-10-16","-31.45","130.9","65.0","NULLARBOR, AS","  59.0","24","  43.8","24","1021.8","24","014.1","24","999.9"," 0"," 10.3","24"," 20.0","999.9","  68.5"," ","  49.1"," "," 0.00","G","999.9","000000"
"94651099999","2019-10-17","-31.45","130.9","65.0","NULLARBOR, AS","  57.7","24","  41.8","24","1019.7","24","012.0","24","999.9"," 0","  9.4","24"," 14.0","999.9","  71.6"," ","  45.1","*"," 0.00","G","999.9","000000"
"94651099999","2019-10-18","-31.45","130.9","65.0","NULLARBOR, AS","  61.9","24","  47.8","24","1022.0","24","014.3","24","999.9"," 0"," 11.7","24"," 17.1","999.9","  74.5"," ","  45.0"," "," 0.00","G","999.9","000000"
"94651099999","2019-10-19","-31.45","130.9","65.0","NULLARBOR, AS","  57.2","24","  45.8","24","1026.3","24","018.5","24","999.9"," 0"," 13.2","24"," 17.1","999.9","  67.3"," ","  47.5","*"," 0.00","G","999.9","000000"
"94651099999","2019-10-20","-31.45","130.9","65.0","NULLARBOR, AS","  67.7","24","  42.9","24","1022.5","24","014.8","24","999.9"," 0"," 12.1","24"," 18.1","999.9","  80.1"," ","  46.4"," "," 0.00","G","999.9","000000"
"94651099999","2019-10-21","-31.45","130.9","65.0","NULLARBOR, AS","  77.0","24","  24.2","24","1018.6","24","010.9","24","999.9"," 0"," 13.3","24"," 20.0","999.9","  92.8","*","  57.7"," "," 0.00","B","999.9","000000"
"94651099999","2019-10-22","-31.45","130.9","65.0","NULLARBOR, AS","  76.4","24","  23.4","24","1015.0","24","007.3","24","999.9"," 0"," 12.7","24"," 21.0","999.9","  97.9"," ","  58.6","*"," 0.00","G","999.9","000000"
"94651099999","2019-10-23","-31.45","130.9","65.0","NULLARBOR, AS","  85.1","24","  23.8","22","1007.5","24","999.8","24","999.9"," 0"," 11.6","24"," 17.1","999.9"," 104.4"," ","  58.6"," "," 0.00","G","999.9","000000"
"94651099999","2019-10-24","-31.45","130.9","65.0","NULLARBOR, AS","  58.5","24","  49.0","24","1013.6","24","005.9","24","  3.1"," 6"," 14.8","24"," 26.0","999.9","  87.1"," ","  44.2","*"," 0.00","G","999.9","000000"
"94651099999","2019-10-25","-31.45","130.9","65.0","NULLARBOR, AS","  61.6","24","  46.6","24","1018.2","24","010.5","24","999.9"," 0"," 12.6","24"," 20.0","999.9","  72.3"," ","  43.9"," "," 0.00","G","999.9","000000"
"94651099999","2019-10-26","-31.45","130.9","65.0","NULLARBOR, AS","  57.1","24","  45.2","24","1021.9","24","014.2","24","999.9"," 0","  7.8","24"," 13.0","999.9","  68.9"," ","  44.4","*"," 0.00","G","999.9","000000"
"94651099999","2019-10-27","-31.45","130.9","65.0","NULLARBOR, AS","  59.4","24","  50.0","24","1022.1","24","014.3","24","999.9"," 0","  9.3","24"," 15.0","999.9","  70.7"," ","  43.3"," "," 0.00","G","999.9","000000"
"94651099999","2019-10-28","-31.45","130.9","65.0","NULLARBOR, AS","  75.4","24","  36.0","24","1015.5","24","007.8","24","999.9"," 0"," 12.7","24"," 21.0","999.9","  94.6"," ","  45.9"," "," 0.00","G","999.9","000000"
"94651099999","2019-10-29","-31.45","130.9","65.0","NULLARBOR, AS","  71.6","24","  50.5","24","1013.0","24","005.3","24","  3.2"," 6"," 12.0","24"," 24.1","999.9"," 100.0","*","  58.6","*"," 0.00","G","999.9","000000"
"94651099999","2019-10-30","-31.45","130.9","65.0","NULLARBOR, AS","  82.3","24","  36.9","24","1005.7","24","998.1","24","999.9"," 0"," 11.8","24"," 25.1","999.9","  98.8"," ","  58.5"," "," 0.00","G","999.9","000000"
"94651099999","2019-10-31","-31.45","130.9","65.0","NULLARBOR, AS","  69.5","24","  47.3","24","1004.4","24","996.8","24","999.9"," 0"," 11.6","24"," 25.1","999.9","9999.9"," ","  57.2","*"," 0.00","G","999.9","000000"
"94651099999","2019-11-01","-31.45","130.9","65.0","NULLARBOR, AS","  60.2","24","  50.9","24","1007.8","24","000.2","24","999.9"," 0","  9.8","24"," 15.9","999.9","  74.3"," ","  45.3","*"," 0.00","G","999.9","000000"
"94651099999","2019-11-02","-31.45","130.9","65.0","NULLARBOR, AS","  61.3","24","  45.1","24","1014.8","24","007.1","24","999.9"," 0"," 11.2","24"," 22.0","999.9","  79.7"," ","  44.6","*"," 0.00","G","999.9","000000"
"94651099999","2019-11-03","-31.45","130.9","65.0","NULLARBOR, AS","  57.8","24","  44.1","24","1023.2","24","015.5","24","999.9"," 0"," 10.1","24"," 18.1","999.9","  69.8"," ","  43.5"," "," 0.00","G","999.9","000000"
"94651099999","2019-11-04","-31.45","130.9","65.0","NULLARBOR, AS","  58.5","24","  46.6","24","1025.6","24","017.9","24","999.9"," 0"," 10.2","24"," 15.0","999.9","  71.8"," ","  44.2"," "," 0.00","G","999.9","000000"
"94651099999","2019-11-05","-31.45","130.9","65.0","NULLARBOR, AS","  66.6","17","  49.5","17","1018.5","17","010.9","17","999.9"," 0"," 10.2","17"," 17.1","999.9","  84.0","*","  45.7"," "," 0.00","A","999.9","000000"
"94651099999","2019-11-06","-31.45","130.9","65.0","NULLARBOR, AS","  59.5","24","  44.2","24","1019.5","24","011.8","24","999.9"," 0"," 11.0","24"," 19.0","999.9","  71.8","*","  44.4","*"," 0.00","B","999.9","000000"
"94651099999","2019-11-07","-31.45","130.9","65.0","NULLARBOR, AS","  64.4","15","  50.1","15","1019.3","15","011.6","15","999.9"," 0"," 14.9","15"," 18.1","999.9","  69.8"," ","  44.1"," "," 0.00","B","999.9","000000"
"94651099999","2019-11-09","-31.45","130.9","65.0","NULLARBOR, AS","  57.8","22","  46.0","22","1022.1","22","014.4","22","999.9"," 0"," 11.1","22"," 15.9","999.9","  69.8","*","  42.1","*"," 0.00","B","999.9","000000"
"94651099999","2019-11-10","-31.45","130.9","65.0","NULLARBOR, AS","  76.2","24","  24.0","22","1010.8","24","003.2","24","999.9"," 0"," 12.5","24"," 15.9","999.9","  95.7"," ","  62.1","*"," 0.00","G","999.9","000000"
"94651099999","2019-11-11","-31.45","130.9","65.0","NULLARBOR, AS","  62.8","24","  48.9","24","1016.7","24","009.1","24","  4.5"," 8"," 18.0","24"," 24.1","999.9","  88.9"," ","  57.6","*"," 0.00","G","999.9","000000"
"94651099999","2019-11-12","-31.45","130.9","65.0","NULLARBOR, AS","  59.8","24","  43.0","24","1026.3","24","018.6","24","999.9"," 0"," 10.8","24"," 15.9","999.9","  68.4"," ","  54.1","*"," 0.00","G","999.9","000000"
"94651099999","2019-11-13","-31.45","130.9","65.0","NULLARBOR, AS","  56.3","24","  44.4","24","1024.7","24","017.0","24","999.9"," 0","  8.2","24"," 15.0","999.9","  69.8"," ","  39.0","*"," 0.00","G","999.9","000000"
"94651099999","2019-11-14","-31.45","130.9","65.0","NULLARBOR, AS","  63.1","24","  44.2","24","1018.9","24","011.2","24","999.9"," 0","  9.5","24"," 17.1","999.9","  82.2"," ","  38.5"," "," 0.00","G","999.9","000000"
"94651099999","2019-11-15","-31.45","130.9","65.0","NULLARBOR, AS","  62.2","24","  51.8","24","1020.4","24","012.7","24","999.9"," 0"," 12.0","24"," 19.0","999.9","  75.2"," ","  45.3"," "," 0.00","G","999.9","000000"
"94651099999","2019-11-16","-31.45","130.9","65.0","NULLARBOR, AS","  60.4","24","  50.6","24","1022.8","24","015.1","24","999.9"," 0"," 11.8","24"," 18.1","999.9","  72.3"," ","  47.7","*"," 0.00","G","999.9","000000"
"94651099999","2019-11-17","-31.45","130.9","65.0","NULLARBOR, AS","  69.9","24","  45.6","24","1017.9","24","010.2","24","999.9"," 0"," 11.1","24"," 17.1","999.9","  88.0"," ","  46.6"," "," 0.00","G","999.9","000000"
"94651099999","2019-11-18","-31.45","130.9","65.0","NULLARBOR, AS","  79.0","24","  42.5","24","1012.5","24","004.9","24","999.9"," 0"," 11.4","24"," 17.1","999.9"," 106.5"," ","  57.6"," "," 0.00","G","999.9","000000"
"94651099999","2019-11-19","-31.45","130.9","65.0","NULLARBOR, AS","  81.4","24","  36.6","24","1005.4","24","997.9","24","999.9"," 0"," 12.6","24"," 28.0","999.9","  97.5","*","  60.6"," "," 0.00","G","999.9","000000"
"94651099999","2019-11-20","-31.45","130.9","65.0","NULLARBOR, AS","  70.9","23","  48.5","23","1007.9","23","000.3","23","999.9"," 0"," 19.2","23"," 28.9","999.9","9999.9"," ","  59.9","*"," 0.00","G","999.9","000000"
"94651099999","2019-11-21","-31.45","130.9","65.0","NULLARBOR, AS","  59.1","24","  45.7","24","1019.3","24","011.6","24","999.9"," 0","  9.9","24"," 15.9","999.9","  71.4"," ","  41.4","*"," 0.00","G","999.9","000000"
"94651099999","2019-11-22","-31.45","130.9","65.0","NULLARBOR, AS","  63.7","24","  44.6","24","1020.8","24","013.1","24","999.9"," 0"," 10.4","24"," 17.1","999.9","  81.9"," ","  41.4"," "," 0.00","G","999.9","000000"
"94651099999","2019-11-23","-31.45","130.9","65.0","NULLARBOR, AS","  64.9","21","  54.0","21","1018.3","21","010.6","21","999.9"," 0"," 12.5","21"," 19.0","999.9","  77.4"," ","  48.0"," "," 0.00","A","999.9","000000"
"94651099999","2019-11-24","-31.45","130.9","65.0","NULLARBOR, AS","  81.6","24","  38.6","24","1008.5","24","000.9","24","999.9"," 0"," 13.9","24"," 21.0","999.9"," 102.2"," ","  63.0","*"," 0.00","G","999.9","000000"
"94651099999","2019-11-25","-31.45","130.9","65.0","NULLARBOR, AS","  63.1","24","  48.7","24","1016.9","24","009.3","24","999.9"," 0"," 15.2","24"," 22.0","999.9","  70.0","*","  57.7","*"," 0.00","G","999.9","000000"
"94651099999","2019-11-26","-31.45","130.9","65.0","NULLARBOR, AS","  59.7","21","  45.7","21","1018.3","21","010.6","21","999.9"," 0"," 10.2","21"," 15.0","999.9","  70.3"," ","  48.7","*"," 0.00","G","999.9","000000"
"94651099999","2019-11-27","-31.45","130.9","65.0","NULLARBOR, AS","  65.8","24","  49.9","24","1015.9","24","008.3","24","999.9"," 0"," 11.9","24"," 19.0","999.9","  84.7"," ","  48.6"," "," 0.00","G","999.9","000000"
"94651099999","2019-11-28","-31.45","130.9","65.0","NULLARBOR, AS","  65.3","24","  54.2","24","1015.6","24","008.0","24","999.9"," 0"," 12.7","24"," 17.1","999.9","  74.7"," ","  55.2"," "," 0.00","G","999.9","000000"
"94651099999","2019-11-29","-31.45","130.9","65.0","NULLARBOR, AS","  60.1","24","  49.0","24","1021.6","24","013.9","24","999.9"," 0"," 13.0","24"," 18.1","999.9","  68.2"," ","  53.1","*"," 0.01","G","999.9","110000"
"94651099999","2019-11-30","-31.45","130.9","65.0","NULLARBOR, AS","  61.2","24","  46.0","24","1022.7","24","015.0","24","999.9"," 0"," 12.3","24"," 17.1","999.9","  68.9"," ","  52.3"," "," 0.00","G","999.9","000000"
"94651099999","2019-12-01","-31.45","130.9","65.0","NULLARBOR, AS","  63.7","24","  58.7","24","1017.8","24","010.2","24","  5.0"," 4"," 16.7","24"," 22.9","999.9","  70.7"," ","  55.9"," "," 0.00","G","999.9","000000"
"94651099999","2019-12-02","-31.45","130.9","65.0","NULLARBOR, AS","  61.5","24","  53.6","24","1018.8","24","011.2","24","999.9"," 0"," 10.7","24"," 20.0","999.9","  72.3"," ","  48.6","*"," 0.00","G","999.9","000000"
"94651099999","2019-12-03","-31.45","130.9","65.0","NULLARBOR, AS","  59.4","24","  51.3","24","1018.9","24","011.3","24","  0.2"," 4","  9.5","24"," 14.0","999.9","  76.1"," ","  41.4","*"," 0.00","G","999.9","000000"
"94651099999","2019-12-04","-31.45","130.9","65.0","NULLARBOR, AS","  73.5","24","  26.3","23","1014.9","24","007.3","24","999.9"," 0"," 10.0","24"," 17.1","999.9","  95.4"," ","  55.2","*"," 0.01","G","999.9","010000"
"94651099999","2019-12-05","-31.45","130.9","65.0","NULLARBOR, AS","  74.0","24","  49.4","24","1014.8","24","007.2","24","999.9"," 0"," 12.5","24"," 17.1","999.9"," 101.3"," ","  55.0"," "," 0.00","G","999.9","000000"
"94651099999","2019-12-06","-31.45","130.9","65.0","NULLARBOR, AS","  65.4","24","  57.4","24","1015.2","24","007.6","24","999.9"," 0"," 13.4","24"," 19.0","999.9","  74.7","*","  55.0","*"," 0.00","G","999.9","000000"
"94651099999","2019-12-07","-31.45","130.9","65.0","NULLARBOR, AS","  84.5","24","  41.5","24","1007.2","24","999.7","24","999.9"," 0"," 14.3","24"," 22.0","999.9"," 104.7"," ","  54.9"," "," 0.00","G","999.9","000000"
"94651099999","2019-12-08","-31.45","130.9","65.0","NULLARBOR, AS","  71.3","24","  57.2","24","1014.7","24","007.1","24","  5.3"," 4"," 13.3","24"," 19.0","999.9","  96.3"," ","  62.6","*"," 0.00","G","999.9","000000"
"94651099999","2019-12-09","-31.45","130.9","65.0","NULLARBOR, AS","  65.3","24","  54.4","24","1020.8","24","013.2","24","999.9"," 0"," 14.2","24"," 17.1","999.9","  73.0"," ","  59.9","*"," 0.00","G","999.9","000000"
"94651099999","2019-12-10","-31.45","130.9","65.0","NULLARBOR, AS","  64.6","24","  54.5","24","1020.2","24","012.6","24","999.9"," 0"," 15.4","24"," 20.0","999.9","  72.9"," ","  59.4"," "," 0.00","G","999.9","000000"
"94651099999","2019-12-11","-31.45","130.9","65.0","NULLARBOR, AS","  65.3","24","  55.4","24","1021.7","24","014.1","24","999.9"," 0"," 17.7","24"," 21.0","999.9","  74.3"," ","  60.1"," "," 0.00","G","999.9","000000"
"94651099999","2019-12-12","-31.45","130.9","65.0","NULLARBOR, AS","  65.3","24","  56.7","24","1023.4","24","015.7","24","999.9"," 0"," 16.2","24"," 22.9","999.9","  75.0"," ","  53.8","*"," 0.00","G","999.9","000000"
"94651099999","2019-12-13","-31.45","130.9","65.0","NULLARBOR, AS","  65.1","24","  54.6","24","1021.3","24","013.7","24","999.9"," 0"," 12.6","24"," 17.1","999.9","  81.0"," ","  52.9","*"," 0.00","G","999.9","000000"
"94651099999","2019-12-14","-31.45","130.9","65.0","NULLARBOR, AS","  67.6","24","  51.6","24","1014.2","24","006.6","24","999.9"," 0"," 10.2","24"," 17.1","999.9","  86.5"," ","  49.8","*"," 0.00","C","999.9","000000"
"94651099999","2019-12-15","-31.45","130.9","65.0","NULLARBOR, AS","  79.2","24","  36.1","24","1010.3","24","002.7","24","999.9"," 0"," 12.0","24"," 20.0","999.9"," 102.6"," ","  57.9","*"," 0.00","G","999.9","000000"
"94651099999","2019-12-16","-31.45","130.9","65.0","NULLARBOR, AS","  83.5","24","  42.8","23","1009.4","24","001.9","24","999.9"," 0","  9.9","24"," 14.0","999.9"," 109.4"," ","  57.7"," "," 0.00","G","999.9","000000"
"94651099999","2019-12-17","-31.45","130.9","65.0","NULLARBOR, AS","  86.8","24","  43.1","24","1008.8","24","001.3","24","999.9"," 0","  9.0","24"," 17.1","999.9"," 112.5"," ","  62.6","*"," 0.00","C","999.9","000000"
"94651099999","2019-12-18","-31.45","130.9","65.0","NULLARBOR, AS","  85.6","24","  52.2","24","1008.3","24","000.7","24","999.9"," 0","  9.7","24"," 15.0","999.9"," 113.7"," ","  62.4"," "," 0.00","G","999.9","000000"
"94651099999","2019-12-19","-31.45","130.9","65.0","NULLARBOR, AS","  97.7","23","  35.3","22","1004.5","23","996.9","23","999.9"," 0"," 13.6","23"," 21.0","999.9"," 121.8"," ","  75.0","*"," 0.00","G","999.9","000000"
"94651099999","2019-12-20","-31.45","130.9","65.0","NULLARBOR, AS","  70.6","24","  58.2","24","1017.5","24","009.9","24","999.9"," 0"," 15.3","24"," 28.0","999.9","  99.5"," ","  65.7","*"," 0.00","G","999.9","000000"
"94651099999","2019-12-21","-31.45","130.9","65.0","NULLARBOR, AS","  67.3","24","  60.9","24","1019.0","24","011.4","24","  5.3"," 4"," 17.0","24"," 24.1","999.9","  74.3"," ","  64.2","*"," 0.00","G","999.9","000000"
"94651099999","2019-12-22","-31.45","130.9","65.0","NULLARBOR, AS","  72.2","24","  59.5","24","1014.9","24","007.3","24","999.9"," 0"," 12.3","24"," 18.1","999.9","  81.1"," ","  64.0"," "," 0.00","G","999.9","000000"
"94651099999","2019-12-23","-31.45","130.9","65.0","NULLARBOR, AS","  78.3","24","  57.1","24","1013.0","24","005.4","24","  3.6"," 4"," 14.8","24"," 28.9","999.9","  95.4"," ","  66.6","*"," 0.00","G","999.9","000000"
"94651099999","2019-12-24","-31.45","130.9","65.0","NULLARBOR, AS","  75.4","24","  59.3","24","1015.2","24","007.6","24","999.9"," 0"," 11.1","24"," 19.0","999.9"," 100.8"," ","  64.2","*"," 0.00","G","999.9","000000"
"94651099999","2019-12-25","-31.45","130.9","65.0","NULLARBOR, AS","  70.3","23","  62.4","23","1017.0","23","009.4","23","  5.0"," 8"," 12.8","23"," 19.0","999.9","  79.5"," ","  63.5"," "," 0.00","G","999.9","000000"
"94651099999","2019-12-26","-31.45","130.9","65.0","NULLARBOR, AS","  71.6","24","  63.6","24","1013.7","24","006.1","24","  5.0"," 4"," 12.7","24"," 19.0","999.9","  81.5"," ","  64.4","*"," 0.00","G","999.9","000000"
"94651099999","2019-12-27","-31.45","130.9","65.0","NULLARBOR, AS","  75.0","24","  61.8","24","1011.4","24","003.9","24","999.9"," 0"," 10.3","24"," 15.9","999.9","  91.6"," ","  63.7","*"," 0.00","G","999.9","000000"
"94651099999","2019-12-28","-31.45","130.9","65.0","NULLARBOR, AS","  73.2","24","  60.5","24","1012.8","24","005.2","24","999.9"," 0"," 13.6","24"," 22.9","999.9","  89.4"," ","  63.0"," "," 0.00","G","999.9","000000"
"94651099999","2019-12-29","-31.45","130.9","65.0","NULLARBOR, AS","  81.7","24","  60.5","24","1005.1","24","997.6","24","999.9"," 0"," 12.7","24"," 22.9","999.9","  94.5"," ","  66.0"," "," 0.00","G","999.9","000000"
"94651099999","2019-12-30","-31.45","130.9","65.0","NULLARBOR, AS","  66.6","24","  52.9","24","1015.0","24","007.4","24","999.9"," 0"," 14.5","24"," 25.1","999.9","  86.2"," ","  51.6","*"," 0.00","G","999.9","000000"
"94651099999","2019-12-31","-31.45","130.9","65.0","NULLARBOR, AS","  63.3","24","  50.0","24","1017.3","24","009.7","24","999.9"," 0"," 10.0","24"," 15.0","999.9","  76.5"," ","  47.5","*"," 0.00","G","999.9","000000"
